2011 8 15  nan 62.31 44.80 54.07  nan
2011 8 16 0.00 58.19 36.56 50.98 0.00
2011 8 17 0.00 63.34 30.38 47.89 0.00
2011 8 18 0.10 57.16 36.56 47.89 0.00
2011 8 19 0.00 66.43 36.56 53.04 0.00
2011 8 20 0.20 63.34 46.86 53.04 0.00
2011 8 21 0.10 66.43 43.77 52.01 0.00
2011 8 22 0.00 65.40 33.47 49.95 0.00
2011 8 23 0.00 62.31 42.74 50.98 0.00
2011 8 24 0.10 59.22 37.59 48.92 0.00
2011 8 25 0.00 67.46 33.47 49.95 0.00
2011 8 26 0.00 65.40 35.53 48.92 0.00
2011 8 27 0.00 66.43 29.35 46.86 0.00
2011 8 28 0.00 64.37 34.50 48.92 0.00
2011 8 29 0.00 65.40 28.32 46.86 0.00
2011 8 30 0.00 67.46 33.47 47.89 0.00
2011 8 31 0.00 63.34 29.35 46.86 0.00
2011 9 1 0.10 58.19 35.53 46.86 0.00
2011 9 2 0.00 62.31 28.32 46.86 0.00
2011 9 3 0.00 59.22 35.53 47.89 0.00
2011 9 4 0.00 60.25 32.44 44.80 0.00
2011 9 5 0.00 61.28 26.26 42.74 0.00
2011 9 6 0.20 59.22 37.59 46.86 0.00
2011 9 7 0.00 64.37 33.47 47.89 0.00
2011 9 8 0.00 63.34 27.29 42.74 0.00
2011 9 9 0.00 56.13 28.32 41.71 0.00
2011 9 10 0.00 49.95 35.53 43.77 0.00
2011 9 11 0.00 57.16 29.35 43.77 0.00
2011 9 12 0.00 61.28 25.23 41.71 0.00
2011 9 13 0.00 68.49 28.32 45.83 0.00
2011 9 14 0.00 62.31 30.38 47.89 0.00
2011 9 15 0.10 55.10 36.56 45.83 0.00
2011 9 16 0.00 59.22 24.20 38.62 0.00
2011 9 17 0.00 55.10 26.26 40.68 0.00
2011 9 18 0.00 57.16 24.20 39.65 0.00
2011 9 19 0.00 57.16 26.26 42.74 0.00
2011 9 20 0.00 61.28 41.71 50.98 0.00
2011 9 21 0.00 57.16 30.38 44.80 0.00
2011 9 22 0.10 52.01 32.44 42.74 0.00
2011 9 23 0.10 45.83 32.44 39.65 0.00
2011 9 24 0.00 40.68 29.35 34.50 0.00
2011 9 25 0.00 47.89 30.38 37.59 0.00
2011 9 26 0.00 44.80 27.29 34.50 0.00
2011 9 27 0.00 38.62 26.26 31.41 0.00
2011 9 28 0.00 43.77 23.17 31.41 0.00
2011 9 29 0.00 36.56 18.02 27.29 0.00
2011 9 30 0.00 40.68 26.26 32.44 0.00
2011 10 1 0.00 43.77 26.26 34.50 0.00
2011 10 2 0.00 47.89 27.29 40.68 0.00
2011 10 3 0.00 45.83 21.11 37.59 0.00
2011 10 4 0.00 37.59 13.90 25.23 0.00
2011 10 5 0.00 43.77 12.87 26.26 0.00
2011 10 6 0.00 44.80 16.99 28.32 0.00
2011 10 7 0.00 45.83 16.99 28.32 0.00
2011 10 8 0.00 41.71 24.20 31.41 0.00
2011 10 9 0.00 39.65 26.26 31.41 0.00
2011 10 10 0.00 33.47 27.29 30.38 0.00
2011 10 11 0.00 33.47 23.17 29.35 0.00
2011 10 12 0.00 32.44 19.05 28.32 0.00
2011 10 13 0.00 33.47 1.54 20.08 0.00
2011 10 14 0.10 36.56 23.17 31.41 0.00
2011 10 15 0.00 42.74 29.35 36.56 0.00
2011 10 16 0.00 42.74 26.26 33.47 0.00
2011 10 17 0.00 39.65 27.29 32.44 0.00
2011 10 18 0.10 35.53 26.26 30.38 0.00
2011 10 19 0.00 31.41 22.14 28.32 0.00
2011 10 20 0.00 32.44 14.93 24.20 0.10
2011 10 21 0.00 30.38 9.78 18.02 0.10
2011 10 22 0.00 27.29 3.60 11.84 0.10
2011 10 23 0.00 26.26 -1.55 12.87 0.10
2011 10 24 0.00 29.35 20.08 25.23 0.10
2011 10 25 0.00 40.68 24.20 33.47 0.10
2011 10 26 0.30 37.59 27.29 31.41 0.10
2011 10 27 0.00 28.32 10.81 21.11 0.30
2011 10 28 0.00 27.29 3.60 12.87 0.30
2011 10 29 0.00 30.38 2.57 14.93 0.30
2011 10 30 0.00 19.05 6.69 13.90 0.30
2011 10 31 0.10 15.96 3.60 9.78 0.30
2011 11 1 0.00 10.81 5.66 7.72 0.30
2011 11 2 0.00 6.69 -24.21 -10.82 0.30
2011 11 3 0.00 14.93 -26.27 -4.64 0.30
2011 11 4 0.10 18.02 13.90 15.96 0.30
2011 11 5 0.00 16.99 -15.97 6.69 0.30
2011 11 6 0.00 23.17 -10.82 12.87 0.30
2011 11 7 0.10 12.87 3.60 10.81 0.40
2011 11 8 0.00 10.81 -24.21 -0.52 0.40
2011 11 9 0.10 10.81 -26.27 -4.64 0.50
2011 11 10 0.00 14.93 8.75 11.84 0.50
2011 11 11 0.00 9.78 -14.94 -0.52 0.50
2011 11 12 0.00 13.90 2.57 8.75 0.50
2011 11 13 0.00 3.60 -2.58 0.51 0.50
2011 11 14 0.00 -1.55 -27.30 -12.88 0.50
2011 11 15 0.00 -9.79 -31.42 -19.06 0.50
2011 11 16 0.00 -12.88 -32.45 -20.09 0.50
2011 11 17 0.00 -12.88 -31.42 -19.06 0.50
2011 11 18 0.00 -31.42  nan -40.69 0.50
2011 11 19 0.00 -24.21  nan -43.78 0.50
2011 11 20 0.00 -21.12 -31.42 -24.21 0.50
2011 11 21 0.00 -23.18 -35.54 -28.33 0.50
2011 11 22 0.00 -8.76 -25.24 -19.06 0.50
2011 11 23 0.10 -9.79 -22.15 -13.91 0.50
2011 11 24 0.00 -6.70 -19.06 -11.85 0.60
2011 11 25 0.00 -7.73 -33.48 -19.06 0.60
2011 11 26 0.00 -33.48  nan -39.66 0.60
2011 11 27 0.00 -9.79  nan -34.51 0.60
2011 11 28 0.00 -7.73 -30.39 -20.09 0.60
2011 11 29 0.00 -0.52 -27.30 -19.06 0.60
2011 11 30 0.00 21.11 -1.55 8.75 0.60
2011 12 1 0.00 19.05 1.54 13.90 0.60
2011 12 2 0.00 23.17 -1.55 15.96 0.60
2011 12 3 0.10 24.20 -12.88 6.69 0.70
2011 12 4 0.10 31.41 24.20 28.32 0.80
2011 12 5 0.10 28.32 -3.61 13.90 0.90
2011 12 6 0.00 13.90 -21.12 -2.58 1.00
2011 12 7 0.00 14.93 -24.21 -2.58 1.00
2011 12 8 0.00 15.96 9.78 13.90 1.00
2011 12 9 0.00 16.99 8.75 13.90 1.00
2011 12 10 0.10 14.93 2.57 8.75 1.00
2011 12 11 0.00 25.23 10.81 16.99 1.10
2011 12 12 0.00 26.26 15.96 22.14 1.10
2011 12 13 0.00 16.99 -2.58 9.78 1.10
2011 12 14 0.00 13.90 -0.52 6.69 1.10
2011 12 15 0.00 16.99 5.66 12.87 1.10
2011 12 16 0.00 18.02 6.69 13.90 1.10
2011 12 17 0.00 12.87 4.63 8.75 1.10
2011 12 18 0.00 29.35 10.81 21.11 1.10
2011 12 19 0.00 25.23 0.51 18.02 1.10
2011 12 20 0.00 20.08 -4.64 7.72 1.10
2011 12 21 0.00 26.26 10.81 20.08 1.10
2011 12 22 0.10 10.81 -0.52 5.66 1.10
2011 12 23 0.10 10.81 -17.00 -0.52 1.20
2011 12 24 0.00 -2.58 -10.82 -3.61 1.30
2011 12 25 0.20 -3.61 -8.76 -5.67 1.40
2011 12 26 0.00 -7.73 -32.45 -22.15 1.40
2011 12 27 0.00 -9.79 -27.30 -15.97 1.50
2011 12 28 0.10 -14.94 -28.33 -21.12 1.60
2011 12 29 0.00 -12.88 -38.63 -22.15 1.60
2011 12 30 0.00 -26.27 -42.75 -36.57 1.60
2011 12 31 0.00 -22.15 -35.54 -29.36 1.60
2012 1 1 0.10 -19.06 -33.48 -25.24 1.60
2012 1 2 0.10 -15.97 -41.72 -25.24 1.70
2012 1 3 0.00 -30.39 -42.75 -37.60 1.80
2012 1 4 0.10 -13.91 -39.66 -25.24 1.80
2012 1 5 0.00 -1.55 -27.30 -11.85 1.90
2012 1 6 0.00 18.02 -5.67 4.63 1.90
2012 1 7 0.10 -0.52 -7.73 -4.64 1.90
2012 1 8 0.20 -6.70 -10.82 -7.73 2.00
2012 1 9 0.00 -10.82 -41.72 -32.45 2.20
2012 1 10 0.00 10.81 -19.06 -1.55 2.20
2012 1 11 0.00 14.93 0.51 7.72 2.20
2012 1 12 0.00 14.93 -2.58 7.72 2.20
2012 1 13 0.00 -2.58 -28.33 -11.85 2.20
2012 1 14 0.00 -28.33  nan  nan 2.20
2012 1 15 0.00  nan  nan  nan 2.20
2012 1 16 0.00 -43.78  nan  nan 2.20
2012 1 17 0.00 -42.75  nan  nan 2.20
2012 1 18 0.00 -42.75  nan  nan 2.20
2012 1 19 0.00 -28.33  nan -39.66 2.20
2012 1 20 0.00  nan  nan  nan 2.20
2012 1 21 0.00 -29.36  nan -41.72 2.20
2012 1 22 0.00 -12.88 -29.36 -21.12 2.20
2012 1 23 0.00 -19.06 -24.21 -22.15 2.20
2012 1 24 0.00 -22.15 -25.24 -23.18 2.20
2012 1 25 0.10 -23.18 -36.57 -26.27 2.20
2012 1 26 0.00 -31.42  nan -39.66 2.30
2012 1 27 0.00 -43.78  nan  nan 2.30
2012 1 28 0.00 -43.78  nan  nan 2.30
2012 1 29 0.00 -37.60  nan  nan 2.30
2012 1 30 0.00 -7.73 -39.66 -19.06 2.30
2012 1 31 0.00 -7.73 -31.42 -15.97 2.30
2012 2 1 0.20 27.29 -33.48 -5.67 2.30
2012 2 2 0.10 31.41 16.99 25.23 2.40
2012 2 3 0.30 26.26 -1.55 15.96 2.40
2012 2 4 0.00 0.51 -17.00 -7.73 2.70
2012 2 5 0.00 24.20 -9.79 8.75 2.70
2012 2 6 0.00 19.05 -2.58 10.81 2.70
2012 2 7 0.00 5.66 -13.91 -7.73 2.70
2012 2 8 0.00 20.08 -3.61 7.72 2.70
2012 2 9 0.10 32.44 8.75 21.11 2.70
2012 2 10 0.00 34.50 6.69 23.17 2.80
2012 2 11 0.00 30.38 7.72 21.11 2.80
2012 2 12 0.00 30.38 13.90 26.26 2.80
2012 2 13 0.00 29.35 2.57 18.02 2.80
2012 2 14 0.00 31.41 2.57 24.20 2.90
2012 2 15 0.00 26.26 -3.61 11.84 2.80
2012 2 16 0.00 26.26 11.84 21.11 2.80
2012 2 17 0.00 24.20 4.63 11.84 2.80
2012 2 18 0.00 14.93 -13.91 -1.55 2.80
2012 2 19 0.00 8.75 -21.12 -9.79 2.80
2012 2 20 0.00 20.08 -17.00 4.63 2.80
2012 2 21 0.00 13.90 -3.61 7.72 2.80
2012 2 22 0.10 13.90 -3.61 3.60 2.80
2012 2 23 0.00 21.11 0.51 10.81 2.80
2012 2 24 0.00 11.84 -8.76 1.54 2.80
2012 2 25 0.10 12.87 -3.61 4.63 2.80
2012 2 26 0.00 18.02 5.66 11.84 2.90
2012 2 27 0.00 26.26 -1.55 14.93 2.90
2012 2 28 0.00 -1.55 -13.91 -8.76 2.90
2012 2 29 0.10 -6.70 -19.06 -11.85 2.90
2012 3 1 0.00 -2.58 -24.21 -10.82 3.00
2012 3 2 0.00 1.54 -8.76 -4.64 3.00
2012 3 3 0.00 3.60 -19.06 -4.64 3.00
2012 3 4 0.00 2.57 -26.27 -14.94 3.00
2012 3 5 0.00 3.60 -38.63 -15.97 3.00
2012 3 6 0.00 19.05 2.57 9.78 3.00
2012 3 7 0.00 20.08 -7.73 8.75 3.00
2012 3 8 0.10 15.96 -22.15 -0.52 3.00
2012 3 9 0.00 9.78 -12.88 2.57 3.10
2012 3 10 0.00 5.66 -28.33 -9.79 3.10
2012 3 11 0.00 2.57 -8.76 -2.58 3.10
2012 3 12 0.00 2.57 -24.21 -9.79 3.10
2012 3 13 0.00 3.60 -19.06 -6.70 3.10
2012 3 14 0.00 14.93 -26.27 -7.73 3.10
2012 3 15 0.00 10.81 -27.30 -10.82 3.10
2012 3 16 0.00 1.54 -30.39 -12.88 3.10
2012 3 17 0.00 5.66 -9.79 -2.58 3.10
2012 3 18 0.10 10.81 -9.79 -0.52 3.10
2012 3 19 0.00 13.90 -11.85 2.57 3.20
2012 3 20 0.00 4.63 -27.30 -8.76 3.20
2012 3 21 0.00 2.57 -33.48 -15.97 3.20
2012 3 22 0.00 6.69 -26.27 -7.73 3.20
2012 3 23 0.10 24.20 -10.82 2.57 3.20
2012 3 24 0.00 29.35 -5.67 12.87 3.30
2012 3 25 0.00 29.35 2.57 18.02 3.30
2012 3 26 0.10 31.41 -4.64 15.96 3.30
2012 3 27 0.00 37.59 8.75 25.23 3.40
2012 3 28 0.00 42.74 -0.52 20.08 3.40
2012 3 29 0.00 37.59 -0.52 20.08 3.40
2012 3 30 0.00 36.56 12.87 26.26 3.40
2012 3 31 0.00 30.38 8.75 21.11 3.40
2012 4 1 0.00 29.35 -3.61 13.90 3.40
2012 4 2 0.00 23.17 -6.70 8.75 3.40
2012 4 3 0.00 24.20 -17.00 6.69 3.40
2012 4 4 0.00 38.62 -10.82 14.93 3.40
2012 4 5 0.00 44.80 7.72 28.32 3.40
2012 4 6 0.00 49.95 25.23 36.56 3.40
2012 4 7 0.00 48.92 24.20 34.50 3.40
2012 4 8 0.20 38.62 25.23 33.47 3.40
2012 4 9 0.00 46.86 14.93 31.41 3.60
2012 4 10 0.00 50.98 11.84 31.41 3.60
2012 4 11 0.00 49.95 16.99 32.44 3.60
2012 4 12 0.00 45.83 14.93 29.35 3.60
2012 4 13 0.00 40.68 13.90 28.32 3.60
2012 4 14 0.00 40.68 24.20 30.38 3.60
2012 4 15 0.00 52.01 18.02 35.53 3.60
2012 4 16 0.00 55.10 19.05 36.56 3.60
2012 4 17 0.10 56.13 21.11 37.59 3.60
2012 4 18 0.00 55.10 25.23 38.62 3.70
2012 4 19 0.00 57.16 25.23 39.65 3.70
2012 4 20 0.00 53.04 23.17 37.59 3.70
2012 4 21 0.00 48.92 27.29 38.62 3.60
2012 4 22 0.00 46.86 28.32 37.59 3.60
2012 4 23 0.00 53.04 25.23 36.56 3.50
2012 4 24 0.00 53.04 21.11 37.59 3.40
2012 4 25 0.00 50.98 21.11 36.56 3.20
2012 4 26 0.00 54.07 21.11 37.59 3.10
2012 4 27 0.00 52.01 23.17 36.56 2.90
2012 4 28 0.00 54.07 22.14 38.62 2.70
2012 4 29 0.20 56.13 24.20 40.68 2.50
2012 4 30 0.20 54.07 33.47 40.68 2.10
2012 5 1 0.30 36.56 28.32 33.47 1.50
2012 5 2 0.10 32.44 16.99 26.26 1.60
2012 5 3 0.10 47.89 11.84 30.38 1.70
2012 5 4 0.00 52.01 20.08 38.62 1.70
2012 5 5 0.00 52.01 28.32 38.62 1.60
2012 5 6 0.10 47.89 24.20 36.56 1.30
2012 5 7 0.00 48.92 28.32 36.56 1.00
2012 5 8 0.00 37.59 29.35 33.47 1.00
2012 5 9 0.00 43.77 27.29 36.56 1.00
2012 5 10 0.00 57.16 23.17 42.74 0.60
2012 5 11 0.00 58.19 31.41 45.83 0.20
2012 5 12 0.00 59.22 26.26 45.83 0.00
2012 5 13 0.00 57.16 27.29 45.83 0.00
2012 5 14 0.00 54.07 21.11 37.59 0.00
2012 5 15 0.00 52.01 24.20 38.62 0.00
2012 5 16 0.00 55.10 26.26 41.71 0.00
2012 5 17 0.00 61.28 25.23 43.77 0.00
2012 5 18 0.00 62.31 24.20 45.83 0.00
2012 5 19 0.00 64.37 29.35 48.92 0.00
2012 5 20 0.00 65.40 26.26 47.89 0.00
2012 5 21 0.00 66.43 27.29 48.92 0.00
2012 5 22 0.00 69.52 29.35 53.04 0.00
2012 5 23 0.00 75.70 33.47 57.16 0.00
2012 5 24 0.00 68.49 47.89 55.10 0.00
2012 5 25 0.10 64.37 37.59 53.04 0.00
2012 5 26 0.00 61.28 31.41 48.92 0.00
2012 5 27 0.00 67.46 36.56 53.04 0.00
2012 5 28 0.00 68.49 31.41 52.01 0.00
2012 5 29 0.00 61.28 30.38 48.92 0.00
2012 5 30 0.00 65.40 28.32 49.95 0.00
2012 5 31 0.00 68.49 35.53 53.04 0.00
2012 6 1 0.00 66.43 32.44 50.98 0.00
2012 6 2 0.00 69.52 31.41 53.04 0.00
2012 6 3 0.00 74.67 38.62 58.19 0.00
2012 6 4 0.00 77.76 40.68 59.22 0.00
2012 6 5 0.00 70.55 41.71 57.16 0.00
2012 6 6 0.00 73.64 46.86 59.22 0.00
2012 6 7 0.00 72.61 44.80 58.19 0.00
2012 6 8 0.00 78.79 52.01 65.40 0.00
2012 6 9 0.00 79.82 42.74 63.34 0.00
2012 6 10 0.00 74.67 43.77 61.28 0.00
2012 6 11 0.00 71.58 38.62 58.19 0.00
2012 6 12 0.00 66.43 36.56 54.07 0.00
2012 6 13 0.00 63.34 42.74 53.04 0.00
2012 6 14 0.00 69.52 34.50 53.04 0.00
2012 6 15 0.00 68.49 31.41 53.04 0.00
2012 6 16 0.00 69.52 36.56 57.16 0.00
2012 6 17 0.00 70.55 45.83 58.19 0.00
2012 6 18 0.00 76.73 38.62 56.13 0.00
2012 6 19 0.00 79.82 39.65 62.31 0.00
2012 6 20 0.00 82.91 47.89 66.43 0.00
2012 6 21 0.00 82.91 50.98 66.43 0.00
2012 6 22 0.00 82.91 41.71 65.40 0.00
2012 6 23 0.00 83.94 45.83 66.43 0.00
2012 6 24 0.00 89.09 44.80 68.49 0.00
2012 6 25 0.00 77.76 52.01 65.40 0.00
2012 6 26 0.00 74.67 49.95 62.31 0.00
2012 6 27 0.10 73.64 45.83 56.13 0.00
2012 6 28 0.00 70.55 42.74 57.16 0.00
2012 6 29 0.00 68.49 40.68 56.13 0.00
2012 6 30 0.00 70.55 53.04 61.28 0.00
2012 7 1 0.00 66.43 50.98 58.19 0.00
2012 7 2 0.10 70.55 48.92 58.19 0.00
2012 7 3 0.00 71.58 47.89 60.25 0.00
2012 7 4 0.20 68.49 44.80 56.13 0.00
2012 7 5 0.00 70.55 36.56 55.10 0.00
2012 7 6 0.00 77.76 37.59 61.28 0.00
2012 7 7 0.00 76.73 45.83 61.28 0.00
2012 7 8 0.00 70.55 41.71 58.19 0.00
2012 7 9 0.00 73.64 33.47 56.13 0.00
2012 7 10 0.60 55.10 47.89 49.95 0.00
2012 7 11 0.10 66.43 44.80 54.07 0.00
2012 7 12 0.00 75.70 36.56 59.22 0.00
2012 7 13 0.00 67.46 50.98 59.22 0.00
2012 7 14 0.00 72.61 49.95 60.25 0.00
2012 7 15 0.00 69.52 49.95 59.22 0.00
2012 7 16 0.30 55.10 49.95 53.04 0.00
2012 7 17 0.00 63.34 44.80 54.07 0.00
2012 7 18 0.00 60.25 42.74 52.01 0.00
2012 7 19 0.20 57.16 47.89 53.04 0.00
2012 7 20 0.40 65.40 46.86 56.13 0.00
2012 7 21 0.00 67.46 46.86 58.19 0.00
2012 7 22 0.00 74.67 53.04 64.37 0.00
2012 7 23 0.10 69.52 52.01 59.22 0.00
2012 7 24 0.10 68.49 46.86 56.13 0.00
2012 7 25 0.00 69.52 45.83 57.16 0.00
2012 7 26 0.00 79.82 36.56 59.22 0.00
2012 7 27 0.00 83.94 39.65 63.34 0.00
2012 7 28 0.00 82.91 45.83 63.34 0.00
2012 7 29 0.00 78.79 45.83 64.37 0.00
2012 7 30 0.10 76.73 49.95 62.31 0.00
2012 7 31 0.70 58.19 47.89 53.04 0.00
2012 8 1 0.00 66.43 41.71 56.13 0.00
2012 8 2 0.00 65.40 49.95 57.16 0.00
2012 8 3 0.40 56.13 44.80 49.95 0.00
2012 8 4 0.00 63.34 42.74 52.01 0.00
2012 8 5 0.00 67.46 38.62 53.04 0.00
2012 8 6 0.00 67.46 36.56 55.10 0.00
2012 8 7 0.00 75.70 42.74 60.25 0.00
2012 8 8 0.00 65.40 43.77 55.10 0.00
2012 8 9 0.00 69.52 40.68 55.10 0.00
2012 8 10 0.00 69.52 38.62 55.10 0.00
2012 8 11 0.00 71.58 33.47 54.07 0.00
2012 8 12 0.00 68.49 41.71 54.07 0.00
2012 8 13 0.00 72.61 37.59 55.10 0.00
2012 8 14 0.00 75.70 32.44 56.13 0.00
2012 8 15 0.00 76.73 35.53 58.19 0.00
2012 8 16 0.00 71.58 37.59 56.13 0.00
2012 8 17 0.00 66.43 36.56 53.04 0.00
2012 8 18 0.00 68.49 43.77 55.10 0.00
2012 8 19 0.00 73.64 41.71 55.10 0.00
2012 8 20 0.00 69.52 34.50 53.04 0.00
2012 8 21 0.00 61.28 37.59 49.95 0.00
2012 8 22 0.00 68.49 28.32 47.89 0.00
2012 8 23 0.00 74.67 29.35 52.01 0.00
2012 8 24 0.10 69.52 47.89 57.16 0.00
2012 8 25 0.30 60.25 39.65 49.95 0.00
2012 8 26 0.00 58.19 32.44 46.86 0.00
2012 8 27 0.10 53.04 40.68 47.89 0.00
2012 8 28 0.00 52.01 29.35 43.77 0.00
2012 8 29 0.00 60.25 23.17 42.74 0.00
2012 8 30 0.00 66.43 45.83 54.07 0.00
2012 8 31 0.00 61.28 38.62 49.95 0.00
2012 9 1 0.00 60.25 33.47 46.86 0.00
2012 9 2 0.00 63.34 36.56 48.92 0.00
2012 9 3 0.00 56.13 30.38 47.89 0.00
2012 9 4 0.00 64.37 39.65 52.01 0.00
2012 9 5 0.00 67.46 47.89 55.10 0.00
2012 9 6 0.00 52.01 30.38 45.83 0.00
2012 9 7 0.00 50.98 26.26 38.62 0.00
2012 9 8 0.10 46.86 34.50 40.68 0.00
2012 9 9 0.00 44.80 35.53 40.68 0.00
2012 9 10 0.10 41.71 27.29 34.50 0.00
2012 9 11 0.00 44.80 20.08 32.44 0.00
2012 9 12 0.00 52.01 30.38 39.65 0.00
2012 9 13 0.00 50.98 29.35 38.62 0.00
2012 9 14 0.00 45.83 31.41 38.62 0.00
2012 9 15 0.00 54.07 34.50 44.80 0.00
2012 9 16 0.00 60.25 43.77 52.01 0.00
2012 9 17 0.00 60.25 26.26 46.86 0.00
2012 9 18 0.00 55.10 22.14 40.68 0.00
2012 9 19 0.00 56.13 37.59 48.92 0.00
2012 9 20 0.00 60.25 48.92 53.04 0.00
2012 9 21 0.00 69.52 36.56 54.07 0.00
2012 9 22 0.00 67.46 30.38 48.92 0.00
2012 9 23 0.00 65.40 36.56 54.07 0.00
2012 9 24 0.00 50.98 26.26 40.68 0.00
2012 9 25 0.10 55.10 23.17 36.56 0.00
2012 9 26 0.10 55.10 33.47 42.74 0.00
2012 9 27 0.10 46.86 29.35 39.65 0.00
2012 9 28 0.00 52.01 26.26 38.62 0.00
2012 9 29 0.00 52.01 29.35 38.62 0.00
2012 9 30 0.50 39.65 32.44 34.50 0.00
2012 10 1 0.10 36.56 25.23 31.41 0.00
2012 10 2 0.10 38.62 22.14 30.38 0.00
2012 10 3 0.00 44.80 29.35 34.50 0.00
2012 10 4 0.00 46.86 33.47 41.71 0.00
2012 10 5 0.00 47.89 34.50 41.71 0.00
2012 10 6 0.20 44.80 31.41 39.65 0.00
2012 10 7 0.00 42.74 30.38 35.53 0.00
2012 10 8 0.20 40.68 30.38 36.56 0.00
2012 10 9 0.00 37.59 19.05 29.35 0.00
2012 10 10 0.00 30.38 7.72 18.02 0.00
2012 10 11 0.00 26.26 -2.58 9.78 0.00
2012 10 12 0.00 19.05 -2.58 11.84 0.00
2012 10 13 0.00 22.14 13.90 19.05 0.00
2012 10 14 0.00 30.38 18.02 25.23 0.00
2012 10 15 0.30 24.20 20.08 22.14 0.00
2012 10 16 0.10 26.26 16.99 22.14 0.20
2012 10 17 0.10 26.26 13.90 20.08 0.30
2012 10 18 0.00 23.17 16.99 21.11 0.40
2012 10 19 0.00 24.20 19.05 21.11 0.40
2012 10 20 0.00 24.20 -2.58 15.96 0.40
2012 10 21 0.00 13.90 -17.00 1.54 0.40
2012 10 22 0.00 10.81 -19.06 -8.76 0.40
2012 10 23 0.00 1.54 -21.12 -12.88 0.40
2012 10 24 0.00 1.54 -22.15 -13.91 0.40
2012 10 25 0.00 8.75 -21.12 -9.79 0.40
2012 10 26 0.00 8.75 -14.94 -2.58 0.40
2012 10 27 0.00 11.84 0.51 7.72 0.40
2012 10 28 0.00 16.99 -3.61 8.75 0.40
2012 10 29 0.10 14.93 9.78 12.87 0.40
2012 10 30 0.00 13.90 -0.52 8.75 0.40
2012 10 31 0.10 12.87 1.54 9.78 0.40
2012 11 1 0.00 12.87 -20.09 2.57 0.50
2012 11 2 0.00 0.51 -25.24 -10.82 0.50
2012 11 3 0.00 6.69 -18.03 -2.58 0.50
2012 11 4 0.20 9.78 -18.03 2.57 0.60
2012 11 5 0.00 6.69 3.60 5.66 0.70
2012 11 6 0.00 3.60 -27.30 -10.82 0.70
2012 11 7 0.00 -7.73 -29.36 -21.12 0.70
2012 11 8 0.00 -3.61 -27.30 -11.85 0.70
2012 11 9 0.10 11.84 -3.61 5.66 0.70
2012 11 10 0.00 18.02 6.69 14.93 0.80
2012 11 11 0.00 6.69 -29.36 -7.73 0.80
2012 11 12 0.00 -17.00 -36.57 -26.27 0.80
2012 11 13 0.00 -14.94 -39.66 -30.39 0.80
2012 11 14 0.00 -4.64 -14.94 -8.76 0.80
2012 11 15 0.00 -7.73 -38.63 -18.03 0.80
2012 11 16 0.00 -34.51  nan -41.72 0.80
2012 11 17 0.00 -33.48  nan -40.69 0.80
2012 11 18 0.00 -28.33  nan -40.69 0.80
2012 11 19 0.00 -22.15  nan -37.60 0.80
2012 11 20 0.00 -11.85 -29.36 -19.06 0.80
2012 11 21 0.00 -5.67 -11.85 -8.76 0.80
2012 11 22 0.00 -6.70 -35.54 -24.21 0.80
2012 11 23 0.00 -35.54 -42.75 -39.66 0.80
2012 11 24 0.00 -33.48 -43.78 -39.66 0.80
2012 11 25 0.00 -37.60 -43.78 -41.72 0.80
2012 11 26 0.00 -13.91 -40.69 -26.27 0.80
2012 11 27 0.00 -26.27  nan -39.66 0.80
2012 11 28 0.00  nan  nan  nan 0.80
2012 11 29 0.00  nan  nan  nan 0.80
2012 11 30 0.00  nan  nan  nan 0.80
2012 12 1 0.00  nan  nan  nan 0.80
2012 12 2 0.00 -41.72  nan  nan 0.80
2012 12 3 0.00 -35.54  nan  nan 0.80
2012 12 4 0.00 -27.30  nan -36.57 0.80
2012 12 5 0.00 -13.91 -34.51 -24.21 0.80
2012 12 6 0.00 -10.82 -15.97 -13.91 0.80
2012 12 7 0.00 -13.91 -20.09 -17.00 0.80
2012 12 8 0.00 -5.67 -28.33 -19.06 0.80
2012 12 9 0.10 8.75 -5.67 2.57 0.80
2012 12 10 0.10 9.78 -27.30 -3.61 0.90
2012 12 11 0.00 -9.79 -30.39 -17.00 1.00
2012 12 12 0.10 15.96 -12.88 10.81 1.00
2012 12 13 0.10 14.93 5.66 12.87 1.10
2012 12 14 0.00 6.69 -17.00 -5.67 1.20
2012 12 15 0.10 -5.67 -18.03 -12.88 1.20
2012 12 16 0.10 -17.00 -27.30 -23.18 1.30
2012 12 17 0.00 -24.21 -43.78 -31.42 1.40
2012 12 18 0.00 -22.15 -28.33 -24.21 1.40
2012 12 19 0.00 -24.21  nan -42.75 1.40
2012 12 20 0.00  nan  nan  nan 1.40
2012 12 21 0.00  nan  nan  nan 1.40
2012 12 22 0.00  nan  nan  nan 1.40
2012 12 23 0.00 -26.27  nan -39.66 1.40
2012 12 24 0.00 0.51 -35.54 -18.03 1.40
2012 12 25 0.00 5.66 -3.61 0.51 1.40
2012 12 26 0.00 -0.52 -5.67 -2.58 1.40
2012 12 27 0.00 -2.58 -5.67 -4.64 1.40
2012 12 28 0.00 2.57 -3.61 0.51 1.40
2012 12 29 0.00 13.90 0.51 7.72 1.40
2012 12 30 0.00 26.26 10.81 19.05 1.40
2012 12 31 0.00 23.17 9.78 16.99 1.50
2013 1 1 0.00 22.14 5.66 12.87 1.50
2013 1 2 0.00 27.29 10.81 23.17 1.50
2013 1 3 0.00 14.93 -3.61 6.69 1.50
2013 1 4 0.00 13.90 -2.58 5.66 1.50
2013 1 5 0.00 10.81 -0.52 6.69 1.50
2013 1 6 0.00 18.02 2.57 10.81 1.50
2013 1 7 0.00 6.69 -9.79 -0.52 1.50
2013 1 8 0.00 4.63 -1.55 1.54 1.50
2013 1 9 0.00 2.57 -18.03 -2.58 1.50
2013 1 10 0.00 5.66 -10.82 1.54 1.50
2013 1 11 0.00 6.69 -2.58 2.57 1.50
2013 1 12 0.00 12.87 -4.64 5.66 1.50
2013 1 13 0.00 21.11 11.84 19.05 1.50
2013 1 14 0.00 29.35 21.11 24.20 1.60
2013 1 15 0.10 26.26 -18.03 11.84 1.60
2013 1 16 0.00 4.63 -20.09 -6.70 1.70
2013 1 17 0.10 2.57 -18.03 -4.64 1.70
2013 1 18 0.00 -15.97  nan -35.54 1.80
2013 1 19 0.00 -6.70  nan -33.48 1.80
2013 1 20 0.20 4.63 -7.73 0.51 1.80
2013 1 21 0.00 4.63 -1.55 0.51 2.00
2013 1 22 0.10 2.57 -0.52 1.54 2.00
2013 1 23 0.00 -0.52 -9.79 -3.61 2.10
2013 1 24 0.20 -9.79 -13.91 -11.85 2.10
2013 1 25 0.20 -13.91 -26.27 -18.03 2.30
2013 1 26 0.00 -25.24  nan  nan 2.50
2013 1 27 0.00  nan  nan  nan 2.50
2013 1 28 0.00  nan  nan  nan 2.50
2013 1 29 0.00 -14.94  nan -26.27 2.50
2013 1 30 0.00 3.60 -14.94 -5.67 2.50
2013 1 31 0.00 8.75 3.60 6.69 2.50
2013 2 1 0.00 10.81 5.66 8.75 2.50
2013 2 2 0.00 14.93 7.72 11.84 2.50
2013 2 3 0.00 24.20 5.66 12.87 2.50
2013 2 4 0.10 9.78 -3.61 5.66 2.50
2013 2 5 0.00 7.72 -5.67 2.57 2.60
2013 2 6 0.00 5.66 -13.91 -0.52 2.60
2013 2 7 0.00 14.93 -21.12 -4.64 2.60
2013 2 8 0.00 21.11 3.60 12.87 2.60
2013 2 9 0.00 27.29 5.66 16.99 2.60
2013 2 10 0.00 34.50 25.23 29.35 2.60
2013 2 11 0.00 30.38 22.14 26.26 2.60
2013 2 12 0.10 22.14 -11.85 11.84 2.60
2013 2 13 0.00 18.02 -14.94 2.57 2.70
2013 2 14 0.00 19.05 -0.52 10.81 2.70
2013 2 15 0.00 23.17 12.87 18.02 2.70
2013 2 16 0.00 12.87 -14.94 2.57 2.70
2013 2 17 0.00 14.93 -10.82 2.57 2.70
2013 2 18 0.20 3.60 -15.97 -2.58 2.70
2013 2 19 0.00 -4.64 -13.91 -8.76 2.80
2013 2 20 0.00 -7.73 -27.30 -14.94 2.90
2013 2 21 0.00 -8.76 -27.30 -15.97 2.90
2013 2 22 0.00 -5.67 -13.91 -9.79 2.90
2013 2 23 0.00 2.57 -13.91 -6.70 2.90
2013 2 24 0.00 -1.55 -27.30 -17.00 2.90
2013 2 25 0.00 11.84 -29.36 -13.91 2.90
2013 2 26 0.00 8.75 -25.24 -11.85 2.90
2013 2 27 0.00 23.17 -20.09 -2.58 2.90
2013 2 28 0.00 19.05 -10.82 3.60 2.90
2013 3 1 0.00 23.17 6.69 14.93 2.90
2013 3 2 0.00 19.05 -2.58 7.72 2.90
2013 3 3 0.00 14.93 -14.94 4.63 2.90
2013 3 4 0.00 20.08 -20.09 -4.64 2.90
2013 3 5 0.00 12.87 -22.15 -6.70 2.90
2013 3 6 0.00 22.14 -21.12 0.51 2.90
2013 3 7 0.00 25.23 3.60 14.93 2.90
2013 3 8 0.00 35.53 16.99 24.20 2.90
2013 3 9 0.00 33.47 8.75 21.11 2.90
2013 3 10 0.00 31.41 8.75 19.05 2.90
2013 3 11 0.00 23.17 -14.94 9.78 2.90
2013 3 12 0.00 10.81 -28.33 -11.85 2.90
2013 3 13 0.00 3.60 -33.48 -14.94 2.90
2013 3 14 0.00 2.57 -40.69 -22.15 2.90
2013 3 15 0.00 5.66 -40.69 -19.06 2.90
2013 3 16 0.00 12.87 -33.48 -11.85 2.90
2013 3 17 0.00 13.90 -29.36 -9.79 2.90
2013 3 18 0.00 14.93 -30.39 -8.76 2.90
2013 3 19 0.00 16.99 -28.33 -11.85 2.90
2013 3 20 0.00 9.78 -38.63 -17.00 2.90
2013 3 21 0.00 14.93 -35.54 -9.79 2.90
2013 3 22 0.00 20.08 -4.64 11.84 2.90
2013 3 23 0.00 27.29 -3.61 14.93 2.90
2013 3 24 0.10 13.90 -12.88 4.63 2.90
2013 3 25 0.00 20.08 -2.58 9.78 2.90
2013 3 26 0.00 12.87 -9.79 5.66 2.90
2013 3 27 0.00 15.96 -29.36 -4.64 2.90
2013 3 28 0.00 26.26 -7.73 11.84 2.90
2013 3 29 0.00 35.53 12.87 25.23 2.90
2013 3 30 0.00 40.68 13.90 27.29 2.90
2013 3 31 0.00 41.71 12.87 27.29 2.90
2013 4 1 0.00 36.56 18.02 27.29 2.90
2013 4 2 0.00 24.20 -0.52 11.84 2.90
2013 4 3 0.00 22.14 -14.94 4.63 2.90
2013 4 4 0.00 22.14 -19.06 1.54 2.90
2013 4 5 0.00 15.96 -23.18 -3.61 2.90
2013 4 6 0.00 10.81 -30.39 -8.76 2.90
2013 4 7 0.20 26.26 -24.21 3.60 2.90
2013 4 8 0.10 20.08 8.75 13.90 3.10
2013 4 9 0.30 20.08 8.75 14.93 3.20
2013 4 10 0.00 28.32 -6.70 13.90 3.50
2013 4 11 0.10 23.17 -17.00 3.60 3.50
2013 4 12 0.00 22.14 -19.06 2.57 3.60
2013 4 13 0.00 27.29 -21.12 5.66 3.60
2013 4 14 0.00 30.38 -18.03 9.78 3.60
2013 4 15 0.00 28.32 -8.76 12.87 3.60
2013 4 16 0.00 28.32 -12.88 10.81 3.60
2013 4 17 0.00 28.32 -0.52 16.99 3.60
2013 4 18 0.00 28.32 9.78 20.08 3.60
2013 4 19 0.00 34.50 -1.55 16.99 3.60
2013 4 20 0.00 42.74 -7.73 20.08 3.60
2013 4 21 0.00 45.83 1.54 25.23 3.60
2013 4 22 0.00 48.92 3.60 28.32 3.60
2013 4 23 0.00 52.01 7.72 32.44 3.60
2013 4 24 0.00 40.68 26.26 33.47 3.60
2013 4 25 0.00 28.32 1.54 21.11 3.60
2013 4 26 0.00 31.41 -7.73 14.93 3.60
2013 4 27 0.00 27.29 3.60 16.99 3.60
2013 4 28 0.00 28.32 -1.55 16.99 3.60
2013 4 29 0.10 34.50 16.99 25.23 3.60
2013 4 30 0.00 37.59 19.05 28.32 3.60
2013 5 1 0.00 42.74 20.08 29.35 3.60
2013 5 2 0.10 40.68 20.08 29.35 3.60
2013 5 3 0.00 37.59 27.29 32.44 3.60
2013 5 4 0.20 31.41 22.14 27.29 3.60
2013 5 5 0.00 43.77 20.08 30.38 3.70
2013 5 6 0.00 43.77 10.81 30.38 3.70
2013 5 7 0.00 47.89 18.02 34.50 3.70
2013 5 8 0.00 47.89 16.99 34.50 3.70
2013 5 9 0.00 55.10 16.99 37.59 3.70
2013 5 10 0.00 61.28 29.35 45.83 3.60
2013 5 11 0.00 56.13 33.47 43.77 3.60
2013 5 12 0.00 53.04 33.47 43.77 3.20
2013 5 13 0.20 38.62 25.23 32.44 2.80
2013 5 14 0.00 41.71 21.11 32.44 2.80
2013 5 15 0.00 53.04 26.26 38.62 2.70
2013 5 16 0.00 57.16 26.26 42.74 2.40
2013 5 17 0.00 60.25 29.35 45.83 2.10
2013 5 18 0.20 42.74 23.17 30.38 1.50
2013 5 19 0.00 38.62 23.17 30.38 1.50
2013 5 20 0.00 50.98 16.99 36.56 1.50
2013 5 21 0.00 58.19 22.14 42.74 1.30
2013 5 22 0.00 63.34 25.23 45.83 0.80
2013 5 23 0.00 64.37 26.26 46.86 0.70
2013 5 24 0.00 68.49 27.29 49.95 0.50
2013 5 25 0.00 71.58 29.35 53.04 0.00
2013 5 26 0.00 73.64 31.41 54.07 0.00
2013 5 27 0.00 77.76 33.47 58.19 0.00
2013 5 28 0.00 74.67 34.50 58.19 0.00
2013 5 29 0.00 75.70 35.53 56.13 0.00
2013 5 30 0.00 75.70 35.53 58.19 0.00
2013 5 31 0.00 78.79 38.62 60.25 0.00
2013 6 1 0.00 74.67 40.68 60.25 0.00
2013 6 2 0.00 79.82 31.41 59.22 0.00
2013 6 3 0.00 77.76 49.95 62.31 0.00
2013 6 4 0.10 59.22 43.77 49.95 0.00
2013 6 5 0.20 62.31 43.77 49.95 0.00
2013 6 6 0.00 63.34 40.68 53.04 0.00
2013 6 7 0.00 67.46 39.65 55.10 0.00
2013 6 8 0.00 72.61 32.44 56.13 0.00
2013 6 9 0.00 73.64 45.83 59.22 0.00
2013 6 10 0.10 62.31 42.74 54.07 0.00
2013 6 11 0.20 57.16 36.56 47.89 0.00
2013 6 12 0.00 65.40 29.35 49.95 0.00
2013 6 13 0.00 71.58 34.50 56.13 0.00
2013 6 14 0.00 78.79 38.62 61.28 0.00
2013 6 15 0.00 84.97 39.65 66.43 0.00
2013 6 16 0.00 87.03 49.95 70.55 0.00
2013 6 17 0.00 73.64 45.83 62.31 0.00
2013 6 18 0.00 81.88 37.59 63.34 0.00
2013 6 19 0.00 84.97 43.77 67.46 0.00
2013 6 20 0.00 86.00 44.80 65.40 0.00
2013 6 21 0.20 63.34 50.98 57.16 0.00
2013 6 22 0.00 73.64 40.68 59.22 0.00
2013 6 23 0.00 80.85 40.68 61.28 0.00
2013 6 24 0.00 83.94 42.74 66.43 0.00
2013 6 25 0.00 84.97 48.92 68.49 0.00
2013 6 26 0.00 87.03 46.86 67.46 0.00
2013 6 27 0.00 92.18 47.89 70.55 0.00
2013 6 28 0.00 75.70 57.16 65.40 0.00
2013 6 29 0.00 74.67 56.13 64.37 0.00
2013 6 30 0.00 81.88 44.80 66.43 0.00
2013 7 1 0.00 79.82 48.92 62.31 0.00
2013 7 2 0.00 79.82 44.80 62.31 0.00
2013 7 3 0.00 67.46 35.53 56.13 0.00
2013 7 4 0.00 70.55 43.77 57.16 0.00
2013 7 5 0.00 65.40 45.83 55.10 0.00
2013 7 6 0.00 71.58 37.59 57.16 0.00
2013 7 7 0.10 72.61 47.89 58.19 0.00
2013 7 8 0.10 63.34 45.83 53.04 0.00
2013 7 9 0.40 57.16 42.74 50.98 0.00
2013 7 10 0.20 61.28 45.83 54.07 0.00
2013 7 11 0.00 68.49 45.83 57.16 0.00
2013 7 12 0.00 70.55 37.59 56.13 0.00
2013 7 13 0.00 77.76 36.56 60.25 0.00
2013 7 14 0.00 86.00 36.56 64.37 0.00
2013 7 15 0.00 83.94 44.80 65.40 0.00
2013 7 16 0.00 75.70 53.04 63.34 0.00
2013 7 17 0.40 61.28 50.98 57.16 0.00
2013 7 18 0.00 75.70 43.77 59.22 0.00
2013 7 19 1.00 66.43 46.86 56.13 0.00
2013 7 20 0.10 64.37 44.80 54.07 0.00
2013 7 21 0.00 63.34 49.95 57.16 0.00
2013 7 22 0.00 75.70 42.74 60.25 0.00
2013 7 23 0.00 75.70 44.80 61.28 0.00
2013 7 24 0.00 71.58 44.80 60.25 0.00
2013 7 25 0.20 68.49 44.80 58.19 0.00
2013 7 26 0.00 71.58 34.50 56.13 0.00
2013 7 27 0.00 71.58 49.95 61.28 0.00
2013 7 28 0.00 82.91 47.89 65.40 0.00
2013 7 29 0.00 79.82 42.74 62.31 0.00
2013 7 30 0.00 79.82 44.80 64.37 0.00
2013 7 31 0.00 80.85 44.80 63.34 0.00
2013 8 1 0.00 82.91 45.83 65.40 0.00
2013 8 2 0.00 88.06 39.65 65.40 0.00
2013 8 3 0.00 81.88 43.77 65.40 0.00
2013 8 4 0.00 80.85 48.92 64.37 0.00
2013 8 5 0.00 67.46 43.77 56.13 0.00
2013 8 6 0.00 80.85 35.53 59.22 0.00
2013 8 7 0.00 77.76 39.65 58.19 0.00
2013 8 8 0.00 79.82 43.77 61.28 0.00
2013 8 9 0.00 79.82 44.80 63.34 0.00
2013 8 10 0.00 79.82 50.98 66.43 0.00
2013 8 11 0.00 80.85 56.13 67.46 0.00
2013 8 12 0.00 89.09 44.80 67.46 0.00
2013 8 13 0.00 82.91 52.01 66.43 0.00
2013 8 14 0.00 80.85 50.98 64.37 0.00
2013 8 15 0.10 77.76 49.95 62.31 0.00
2013 8 16 0.00 73.64 47.89 60.25 0.00
2013 8 17 0.10 66.43 42.74 55.10 0.00
2013 8 18 0.50 62.31 50.98 55.10 0.00
2013 8 19 0.00 66.43 45.83 55.10 0.00
2013 8 20 0.50 56.13 43.77 49.95 0.00
2013 8 21 0.10 57.16 34.50 45.83 0.00
2013 8 22 0.00 63.34 27.29 44.80 0.00
2013 8 23 0.40 53.04 31.41 44.80 0.00
2013 8 24 0.00 49.95 31.41 42.74 0.00
2013 8 25 0.00 52.01 28.32 39.65 0.00
2013 8 26 0.00 56.13 26.26 39.65 0.00
2013 8 27 0.00 61.28 23.17 40.68 0.00
2013 8 28 0.00 61.28 31.41 46.86 0.00
2013 8 29 0.30 62.31 39.65 49.95 0.00
2013 8 30 0.20 52.01 41.71 47.89 0.00
2013 8 31 0.10 44.80 33.47 40.68 0.00
2013 9 1 0.00 49.95 26.26 37.59 0.00
2013 9 2 0.10 52.01 31.41 44.80 0.00
2013 9 3 0.00 57.16 47.89 53.04 0.00
2013 9 4 0.00 57.16 36.56 49.95 0.00
2013 9 5 0.10 62.31 32.44 45.83 0.00
2013 9 6 0.00 54.07 27.29 40.68 0.00
2013 9 7 0.00 64.37 37.59 50.98 0.00
2013 9 8 0.70 49.95 40.68 45.83 0.00
2013 9 9 0.00 56.13 36.56 45.83 0.00
2013 9 10 0.00 59.22 33.47 47.89 0.00
2013 9 11 0.00 57.16 37.59 46.86 0.00
2013 9 12 0.10 63.34 31.41 48.92 0.00
2013 9 13 0.00 59.22 27.29 42.74 0.00
2013 9 14 0.00 59.22 30.38 44.80 0.00
2013 9 15 0.00 49.95 28.32 39.65 0.00
2013 9 16 0.00 44.80 24.20 33.47 0.00
2013 9 17 0.10 36.56 29.35 32.44 0.00
2013 9 18 0.20 36.56 31.41 33.47 0.00
2013 9 19 0.40 36.56 30.38 33.47 0.00
2013 9 20 0.40 33.47 24.20 29.35 0.00
2013 9 21 0.00 34.50 25.23 30.38 0.40
2013 9 22 0.20 32.44 27.29 29.35 0.30
2013 9 23 0.00 33.47 27.29 29.35 0.50
2013 9 24 0.20 35.53 28.32 31.41 0.50
2013 9 25 0.00 42.74 29.35 34.50 0.60
2013 9 26 0.00  nan  nan  nan 0.50
2013 9 27 0.00  nan  nan  nan 0.50
2013 9 28 0.00 44.80 28.32 35.53 0.30
2013 9 29 0.00 42.74 29.35 35.53 0.20
2013 9 30 0.00 39.65 27.29 33.47 0.10
2013 10 1 0.00 39.65 28.32 33.47 0.00
2013 10 2 0.00 45.83 27.29 34.50 0.00
2013 10 3 0.00 47.89 24.20 34.50 0.00
2013 10 4 0.00 40.68 28.32 34.50 0.00
2013 10 5 0.00 40.68 27.29 34.50 0.00
2013 10 6 0.00 41.71 19.05 29.35 0.00
2013 10 7 0.00 37.59 27.29 32.44 0.00
2013 10 8 0.10 38.62 26.26 33.47 0.00
2013 10 9 0.20 36.56 30.38 33.47 0.00
2013 10 10 0.00 34.50 24.20 29.35 0.00
2013 10 11 0.00 38.62 23.17 30.38 0.00
2013 10 12 0.00 40.68 24.20 31.41 0.00
2013 10 13 0.00 43.77 29.35 38.62 0.00
2013 10 14 0.00 43.77 28.32 35.53 0.00
2013 10 15 0.00 43.77 33.47 38.62 0.00
2013 10 16 0.00 47.89 36.56 41.71 0.00
2013 10 17 0.00 47.89 33.47 42.74 0.00
2013 10 18 0.00 48.92 30.38 39.65 0.00
2013 10 19 0.00 49.95 28.32 39.65 0.00
2013 10 20 0.00 45.83 21.11 32.44 0.00
2013 10 21 0.00 33.47 12.87 21.11 0.00
2013 10 22 0.00 35.53 7.72 20.08 0.00
2013 10 23 0.00 20.08 4.63 12.87 0.00
2013 10 24 0.00 31.41 20.08 24.20 0.00
2013 10 25 0.00 35.53 28.32 31.41 0.00
2013 10 26 0.00 31.41 9.78 25.23 0.00
2013 10 27 0.10 34.50 13.90 29.35 0.00
2013 10 28 0.00 43.77 32.44 37.59 0.00
2013 10 29 0.00 39.65 21.11 32.44 0.00
2013 10 30 0.00 33.47 15.96 24.20 0.00
2013 10 31 0.00 36.56 23.17 28.32 0.00
2013 11 1 0.00 27.29 24.20 26.26 0.00
2013 11 2 0.00 31.41 14.93 24.20 0.00
2013 11 3 0.00 30.38 18.02 24.20 0.00
2013 11 4 0.00 21.11 2.57 14.93 0.00
2013 11 5 0.00 16.99 0.51 9.78 0.00
2013 11 6 0.00 21.11 -1.55 13.90 0.00
2013 11 7 0.10 0.51 -23.18 -11.85 0.00
2013 11 8 0.00 3.60 -24.21 -7.73 0.10
2013 11 9 0.00 9.78 -2.58 4.63 0.10
2013 11 10 0.00 18.02 8.75 13.90 0.10
2013 11 11 0.00 16.99 -5.67 9.78 0.10
2013 11 12 0.10 2.57 -24.21 -9.79 0.10
2013 11 13 0.00 15.96 -23.18 7.72 0.10
2013 11 14 0.20 24.20 12.87 18.02 0.10
2013 11 15 0.00 22.14 -9.79 5.66 0.30
2013 11 16 0.00 5.66 -7.73 -0.52 0.30
2013 11 17 0.00 -6.70 -34.51 -24.21 0.30
2013 11 18 0.00 -8.76 -34.51 -18.03 0.30
2013 11 19 0.00 -8.76 -38.63 -21.12 0.30
2013 11 20 0.00 -38.63  nan -43.78 0.30
2013 11 21 0.00 -11.85  nan -33.48 0.30
2013 11 22 0.00 25.23 -11.85 9.78 0.30
2013 11 23 0.10 26.26 -11.85 12.87 0.30
2013 11 24 0.00 15.96 -11.85 8.75 0.40
2013 11 25 0.00 16.99 -15.97 1.54 0.40
2013 11 26 0.00 9.78 -20.09 -5.67 0.40
2013 11 27 0.20 18.02 -7.73 7.72 0.40
2013 11 28 0.30 7.72 -5.67 2.57 0.60
2013 11 29 0.00 -3.61 -39.66 -27.30 0.90
2013 11 30 0.00 -26.27 -42.75 -36.57 0.90
2013 12 1 0.00 -33.48  nan -41.72 0.90
2013 12 2 0.00 -11.85 -35.54 -20.09 0.90
2013 12 3 0.00 -3.61 -12.88 -8.76 0.90
2013 12 4 0.00 -3.61 -30.39 -20.09 0.90
2013 12 5 0.00 -2.58 -30.39 -12.88 0.90
2013 12 6 0.10 10.81 -3.61 4.63 0.90
2013 12 7 0.00 18.02 10.81 13.90 1.00
2013 12 8 0.00 22.14 18.02 20.08 1.00
2013 12 9 0.00 25.23 22.14 23.17 1.00
2013 12 10 0.10 25.23 -9.79 11.84 1.00
2013 12 11 0.00 -9.79 -33.48 -24.21 1.10
2013 12 12 0.00 -11.85 -32.45 -23.18 1.10
2013 12 13 0.00 -12.88 -28.33 -20.09 1.10
2013 12 14 0.20 -7.73 -17.00 -11.85 1.10
2013 12 15 0.40 -12.88 -14.94 -12.88 1.30
2013 12 16 0.00 -14.94  nan -36.57 1.50
2013 12 17 0.00 -22.15  nan -42.75 1.50
2013 12 18 0.00 -17.00 -24.21 -19.06 1.50
2013 12 19 0.00 -9.79 -17.00 -12.88 1.50
2013 12 20 0.00 -7.73 -17.00 -10.82 1.50
2013 12 21 0.00 6.69 -9.79 -0.52 1.50
2013 12 22 0.10 9.78 5.66 7.72 1.50
2013 12 23 0.10 9.78 -28.33 1.54 1.60
2013 12 24 0.00 -15.97 -37.60 -26.27 1.70
2013 12 25 0.00 -25.24  nan  nan 1.70
2013 12 26 0.00  nan  nan  nan 1.70
2013 12 27 0.20 -28.33  nan  nan 1.70
2013 12 28 0.00 -1.55 -30.39 -10.82 1.70
2013 12 29 0.00 -0.52 -8.76 -2.58 1.70
2013 12 30 0.10 -0.52 -31.42 -21.12 1.80
2013 12 31 0.00 6.69 -28.33 -19.06 1.80
2014 1 1 0.20 16.99 5.66 12.87 1.80
2014 1 2 0.10 11.84 -10.82 5.66 2.00
2014 1 3 0.00 3.60 -25.24 -13.91 2.10
2014 1 4 0.00 6.69 -0.52 3.60 2.10
2014 1 5 0.20 21.11 5.66 14.93 2.10
2014 1 6 0.00 24.20 14.93 20.08 2.30
2014 1 7 0.10 23.17 9.78 14.93 2.30
2014 1 8 0.00 20.08 6.69 12.87 2.30
2014 1 9 0.20 6.69 -10.82 -2.58 2.30
2014 1 10 0.00 -1.55 -33.48 -19.06 2.40
2014 1 11 0.00 -23.18  nan -36.57 2.40
2014 1 12 0.00 -29.36  nan  nan 2.40
2014 1 13 0.00 -6.70  nan -28.33 2.40
2014 1 14 0.00 10.81 -7.73 0.51 2.40
2014 1 15 0.10 11.84 0.51 7.72 2.40
2014 1 16 0.10 22.14 -2.58 11.84 2.50
2014 1 17 0.00 18.02 -3.61 8.75 2.60
2014 1 18 0.00 13.90 2.57 7.72 2.60
2014 1 19 0.00 10.81 -7.73 2.57 2.60
2014 1 20 0.00 18.02 -9.79 7.72 2.60
2014 1 21 0.00 30.38 12.87 23.17 2.60
2014 1 22 0.00 33.47 22.14 27.29 2.60
2014 1 23 0.10 39.65 28.32 34.50 2.60
2014 1 24 0.00 39.65 23.17 33.47 2.70
2014 1 25 0.10 27.29 18.02 23.17 2.70
2014 1 26 0.00 32.44 25.23 29.35 2.70
2014 1 27 0.00 29.35 16.99 24.20 2.70
2014 1 28 0.20 21.11 0.51 15.96 2.70
2014 1 29 0.00 4.63 -9.79 -3.61 2.90
2014 1 30 0.00 6.69 -10.82 -3.61 2.90
2014 1 31 0.00 8.75 -12.88 0.51 2.90
2014 2 1 0.00 4.63 -19.06 -7.73 2.90
2014 2 2 0.00 5.66 -7.73 0.51 2.90
2014 2 3 0.00 -0.52 -23.18 -8.76 2.90
2014 2 4 0.00 2.57 -23.18 -7.73 2.90
2014 2 5 0.00 3.60 -9.79 -0.52 2.90
2014 2 6 0.20 3.60 -3.61 1.54 2.90
2014 2 7 0.00 7.72 -15.97 0.51 3.10
2014 2 8 0.00 -15.97 -33.48 -25.24 3.10
2014 2 9 0.00 -26.27  nan -37.60 3.10
2014 2 10 0.00 -34.51  nan  nan 3.10
2014 2 11 0.00 -17.00  nan -30.39 3.10
2014 2 12 0.00 -30.39  nan -42.75 3.10
2014 2 13 0.00 -10.82  nan -26.27 3.10
2014 2 14 0.00 -12.88 -36.57 -22.15 3.10
2014 2 15 0.00 -9.79 -32.45 -18.03 3.10
2014 2 16 0.40 -5.67 -26.27 -13.91 3.10
2014 2 17 0.00 -14.94 -37.60 -24.21 3.50
2014 2 18 0.00 -6.70 -25.24 -13.91 3.50
2014 2 19 0.00 -3.61 -30.39 -14.94 3.50
2014 2 20 0.00 -7.73 -30.39 -13.91 3.50
2014 2 21 0.00 4.63 -33.48 -20.09 3.50
2014 2 22 0.00 2.57 -29.36 -8.76 3.50
2014 2 23 0.00 7.72 -8.76 -0.52 3.50
2014 2 24 0.00 13.90 0.51 6.69 3.50
2014 2 25 0.00 20.08 -17.00 6.69 3.50
2014 2 26 0.00 16.99 -23.18 -4.64 3.50
2014 2 27 0.00 19.05 -19.06 0.51 3.50
2014 2 28 0.00 26.26 1.54 11.84 3.50
2014 3 1 0.00 23.17 -4.64 9.78 3.50
2014 3 2 0.00 19.05 -13.91 2.57 3.50
2014 3 3 0.00 15.96 -18.03 -2.58 3.50
2014 3 4 0.00 18.02 -9.79 3.60 3.50
2014 3 5 0.00 16.99 -11.85 3.60 3.50
2014 3 6 0.00 4.63 -27.30 -13.91 3.50
2014 3 7 0.00 5.66 -35.54 -19.06 3.50
2014 3 8 0.00 1.54 -37.60 -21.12 3.50
2014 3 9 0.00 -3.61 -33.48 -19.06 3.50
2014 3 10 0.00 15.96 -34.51 -4.64 3.50
2014 3 11 0.00 40.68 10.81 24.20 3.50
2014 3 12 0.00 42.74 13.90 27.29 3.50
2014 3 13 0.00 36.56 5.66 21.11 3.50
2014 3 14 0.00 41.71 1.54 22.14 3.50
2014 3 15 0.00 36.56 11.84 25.23 3.50
2014 3 16 0.00 28.32 -2.58 11.84 3.50
2014 3 17 0.00 31.41 -8.76 10.81 3.50
2014 3 18 0.00 28.32 -7.73 9.78 3.50
2014 3 19 0.00 24.20 8.75 16.99 3.50
2014 3 20 0.00 23.17 -9.79 10.81 3.50
2014 3 21 0.00 22.14 -21.12 -1.55 3.50
2014 3 22 0.00 25.23 -22.15 -0.52 3.50
2014 3 23 0.00 28.32 -17.00 4.63 3.50
2014 3 24 0.00 32.44 -15.97 8.75 3.50
2014 3 25 0.00 35.53 -11.85 10.81 3.50
2014 3 26 0.00 33.47 -12.88 10.81 3.50
2014 3 27 0.00 34.50 -12.88 10.81 3.50
2014 3 28 0.00 36.56 -12.88 11.84 3.50
2014 3 29 0.00 38.62 -9.79 13.90 3.50
2014 3 30 0.10 38.62 -7.73 15.96 3.50
2014 3 31 0.00 36.56 -4.64 16.99 3.60
2014 4 1 0.00 31.41 -2.58 13.90 3.60
2014 4 2 0.00 35.53 -12.88 11.84 3.60
2014 4 3 0.00 31.41 -5.67 12.87 3.60
2014 4 4 0.00 37.59 -9.79 14.93 3.60
2014 4 5 0.00 42.74 0.51 23.17 3.60
2014 4 6 0.00 42.74 16.99 30.38 3.60
2014 4 7 0.00 35.53 13.90 24.20 3.60
2014 4 8 0.10 29.35 12.87 21.11 3.60
2014 4 9 0.00 23.17 7.72 15.96 3.70
2014 4 10 0.00 27.29 -8.76 10.81 3.70
2014 4 11 0.00 35.53 -9.79 13.90 3.70
2014 4 12 0.00 41.71 -7.73 22.14 3.70
2014 4 13 0.00 49.95 23.17 36.56 3.70
2014 4 14 0.00 49.95 28.32 37.59 3.70
2014 4 15 0.00 49.95 26.26 37.59 3.70
2014 4 16 0.00 52.01 26.26 38.62 3.80
2014 4 17 0.00 49.95 24.20 35.53 3.50
2014 4 18 0.00 49.95 27.29 36.56 3.30
2014 4 19 0.00 49.95 23.17 34.50 3.20
2014 4 20 0.00 45.83 22.14 34.50 3.00
2014 4 21 0.00 47.89 19.05 33.47 3.00
2014 4 22 0.00 41.71 16.99 30.38 2.80
2014 4 23 0.00 53.04 15.96 33.47 2.80
2014 4 24 0.00 43.77 27.29 35.53 2.80
2014 4 25 0.00 49.95 26.26 38.62 2.80
2014 4 26 0.00 55.10 23.17 39.65 2.60
2014 4 27 0.00 56.13 22.14 39.65 2.20
2014 4 28 0.00 57.16 26.26 40.68 1.90
2014 4 29 0.00 60.25 23.17 41.71 1.70
2014 4 30 0.00 55.10 32.44 44.80 1.40
2014 5 1 0.00 61.28 28.32 45.83 0.90
2014 5 2 0.00 64.37 26.26 45.83 0.30
2014 5 3 0.00 65.40 27.29 47.89 0.10
2014 5 4 0.00 67.46 28.32 48.92 0.00
2014 5 5 0.00 52.01 35.53 44.80 0.00
2014 5 6 0.00 66.43 35.53 49.95 0.00
2014 5 7 0.00 59.22 36.56 47.89 0.00
2014 5 8 0.10 45.83 36.56 42.74 0.00
2014 5 9 0.00 55.10 30.38 43.77 0.00
2014 5 10 0.00 59.22 25.23 42.74 0.00
2014 5 11 0.00 63.34 25.23 45.83 0.00
2014 5 12 0.00 71.58 24.20 50.98 0.00
2014 5 13 0.00 68.49 27.29 47.89 0.00
2014 5 14 0.00 58.19 27.29 43.77 0.00
2014 5 15 0.00 69.52 22.14 48.92 0.00
2014 5 16 0.00 64.37 35.53 50.98 0.00
2014 5 17 0.00 66.43 37.59 53.04 0.00
2014 5 18 0.10 49.95 35.53 43.77 0.00
2014 5 19 0.00 44.80 33.47 39.65 0.00
2014 5 20 0.00 44.80 31.41 39.65 0.00
2014 5 21 0.00 49.95 31.41 40.68 0.00
2014 5 22 0.00 46.86 25.23 38.62 0.00
2014 5 23 0.00 54.07 18.02 39.65 0.00
2014 5 24 0.00 61.28 35.53 48.92 0.00
2014 5 25 0.00 58.19 40.68 48.92 0.00
2014 5 26 0.00 62.31 37.59 50.98 0.00
2014 5 27 0.00 74.67 30.38 56.13 0.00
2014 5 28 0.00 67.46 42.74 55.10 0.00
2014 5 29 0.00 73.64 36.56 56.13 0.00
2014 5 30 0.00 77.76 35.53 59.22 0.00
2014 5 31 0.10 65.40 40.68 53.04 0.00
2014 6 1 0.00 53.04 34.50 44.80 0.00
2014 6 2 0.20 54.07 36.56 45.83 0.00
2014 6 3 0.00 62.31 41.71 50.98 0.00
2014 6 4 0.00 66.43 32.44 53.04 0.00
2014 6 5 0.00 65.40 34.50 50.98 0.00
2014 6 6 0.00 68.49 40.68 55.10 0.00
2014 6 7 0.00 75.70 33.47 58.19 0.00
2014 6 8 0.00 75.70 44.80 61.28 0.00
2014 6 9 0.30 64.37 40.68 52.01 0.00
2014 6 10 0.00  nan  nan  nan 0.00
2014 6 11 0.00  nan  nan  nan 0.00
2014 6 12 0.00 63.34 40.68 53.04 0.00
2014 6 13 0.00 70.55 30.38 55.10 0.00
2014 6 14 0.00 67.46 41.71 59.22 0.00
2014 6 15 0.00 68.49 33.47 54.07 0.00
2014 6 16 0.00 72.61 37.59 55.10 0.00
2014 6 17 0.10 62.31 38.62 52.01 0.00
2014 6 18 0.00 50.98 38.62 45.83 0.00
2014 6 19 0.00 58.19 40.68 50.98 0.00
2014 6 20 0.00 75.70 32.44 58.19 0.00
2014 6 21 0.20 67.46 46.86 57.16 0.00
2014 6 22 0.00 71.58 37.59 57.16 0.00
2014 6 23 0.00 73.64 39.65 58.19 0.00
2014 6 24 0.30 68.49 47.89 56.13 0.00
2014 6 25 0.50 59.22 46.86 52.01 0.00
2014 6 26 0.00 62.31 41.71 52.01 0.00
2014 6 27 0.00 73.64 37.59 57.16 0.00
2014 6 28 0.00 72.61 41.71 58.19 0.00
2014 6 29 0.00 80.85 37.59 61.28 0.00
2014 6 30 0.50 75.70 52.01 61.28 0.00
2014 7 1 0.30 67.46 47.89 57.16 0.00
2014 7 2 0.00 73.64 44.80 60.25 0.00
2014 7 3 0.00 74.67 42.74 60.25 0.00
2014 7 4 0.00 75.70 46.86 62.31 0.00
2014 7 5 0.00 80.85 46.86 66.43 0.00
2014 7 6 0.00 82.91 52.01 67.46 0.00
2014 7 7 0.00 79.82 53.04 66.43 0.00
2014 7 8 0.40 70.55 53.04 58.19 0.00
2014 7 9 0.10 69.52 49.95 59.22 0.00
2014 7 10 0.00 77.76 41.71 61.28 0.00
2014 7 11 0.00 72.61 47.89 61.28 0.00
2014 7 12 0.00 77.76 39.65 60.25 0.00
2014 7 13 0.00 75.70 43.77 59.22 0.00
2014 7 14 0.00 75.70 34.50 57.16 0.00
2014 7 15 0.20 67.46 47.89 55.10 0.00
2014 7 16 0.10 68.49 48.92 56.13 0.00
2014 7 17 0.00 64.37 49.95 56.13 0.00
2014 7 18 0.00 71.58 42.74 57.16 0.00
2014 7 19 0.30 62.31 44.80 53.04 0.00
2014 7 20 0.00 59.22 38.62 49.95 0.00
2014 7 21 0.00 69.52 40.68 55.10 0.00
2014 7 22 0.00 74.67 43.77 60.25 0.00
2014 7 23 0.00 72.61 46.86 59.22 0.00
2014 7 24 0.50 67.46 48.92 56.13 0.00
2014 7 25 0.90 52.01 42.74 47.89 0.00
2014 7 26 0.10 57.16 43.77 49.95 0.00
2014 7 27 0.20 52.01 46.86 49.95 0.00
2014 7 28 0.40 65.40 48.92 54.07 0.00
2014 7 29 0.10 64.37 49.95 56.13 0.00
2014 7 30 0.00 65.40 38.62 53.04 0.00
2014 7 31 0.00 68.49 29.35 52.01 0.00
2014 8 1 0.10 58.19 47.89 53.04 0.00
2014 8 2 0.00 68.49 49.95 58.19 0.00
2014 8 3 0.00 73.64 42.74 57.16 0.00
2014 8 4 0.00 66.43 40.68 55.10 0.00
2014 8 5 0.50 59.22 46.86 54.07 0.00
2014 8 6 0.00 65.40 43.77 53.04 0.00
2014 8 7 0.00 65.40 40.68 52.01 0.00
2014 8 8 0.00 68.49 42.74 55.10 0.00
2014 8 9 0.00 71.58 39.65 56.13 0.00
2014 8 10 0.00 66.43 44.80 56.13 0.00
2014 8 11 0.00 69.52 40.68 56.13 0.00
2014 8 12 0.20 63.34 40.68 55.10 0.00
2014 8 13 0.00 73.64 33.47 55.10 0.00
2014 8 14 0.00 70.55 47.89 59.22 0.00
2014 8 15 0.40 68.49 41.71 53.04 0.00
2014 8 16 0.10 70.55 43.77 55.10 0.00
2014 8 17 0.00 66.43 38.62 53.04 0.00
2014 8 18 0.40 57.16 47.89 52.01 0.00
2014 8 19 0.10 66.43 45.83 53.04 0.00
2014 8 20 0.00 66.43 42.74 52.01 0.00
2014 8 21 0.10 60.25 40.68 49.95 0.00
2014 8 22 0.00 65.40 35.53 49.95 0.00
2014 8 23 0.10 64.37 38.62 50.98 0.00
2014 8 24 0.00 64.37 31.41 46.86 0.00
2014 8 25 0.00 61.28 42.74 50.98 0.00
2014 8 26 0.30 61.28 43.77 49.95 0.00
2014 8 27 0.00 60.25 39.65 48.92 0.00
2014 8 28 0.00 64.37 37.59 49.95 0.00
2014 8 29 0.30 57.16 41.71 47.89 0.00
2014 8 30 0.20 47.89 27.29 39.65 0.00
2014 8 31 0.00 52.01 25.23 37.59 0.00
2014 9 1 0.00 54.07 25.23 39.65 0.00
2014 9 2 0.10 50.98 27.29 42.74 0.00
2014 9 3 0.00 50.98 22.14 34.50 0.00
2014 9 4 0.00 52.01 18.02 34.50 0.00
2014 9 5 0.00 49.95 23.17 35.53 0.00
2014 9 6 0.00 49.95 26.26 36.56 0.00
2014 9 7 0.00 54.07 22.14 35.53 0.00
2014 9 8 0.00 57.16 18.02 35.53 0.00
2014 9 9 0.00 55.10 23.17 41.71 0.00
2014 9 10 0.00 56.13 40.68 46.86 0.00
2014 9 11 0.00 62.31 36.56 47.89 0.00
2014 9 12 0.00 61.28 31.41 47.89 0.00
2014 9 13 0.00 63.34 47.89 54.07 0.00
2014 9 14 0.00 62.31 39.65 53.04 0.00
2014 9 15 0.00 66.43 33.47 48.92 0.00
2014 9 16 0.10 59.22 29.35 45.83 0.00
2014 9 17 0.00 57.16 24.20 38.62 0.00
2014 9 18 0.00 58.19 24.20 38.62 0.00
2014 9 19 0.00 57.16 26.26 41.71 0.00
2014 9 20 0.00 60.25 35.53 46.86 0.00
2014 9 21 0.00 53.04 27.29 40.68 0.00
2014 9 22 0.50 40.68 31.41 34.50 0.00
2014 9 23 0.00 40.68 28.32 34.50 0.00
2014 9 24 0.10 39.65 21.11 28.32 0.00
2014 9 25 0.00 40.68 11.84 24.20 0.00
2014 9 26 0.00 43.77 8.75 24.20 0.00
2014 9 27 0.00 39.65 21.11 32.44 0.00
2014 9 28 0.00 41.71 24.20 33.47 0.00
2014 9 29 0.00 37.59 22.14 29.35 0.00
2014 9 30 0.00 38.62 27.29 31.41 0.00
2014 10 1 0.00 40.68 26.26 32.44 0.00
2014 10 2 0.00 42.74 25.23 32.44 0.00
2014 10 3 0.00 37.59 24.20 30.38 0.00
2014 10 4 0.10 38.62 27.29 32.44 0.00
2014 10 5 0.60 32.44 27.29 29.35 0.00
2014 10 6 0.20 31.41 24.20 27.29 0.60
2014 10 7 0.00 28.32 18.02 23.17 0.80
2014 10 8 0.00 25.23 16.99 20.08 0.90
2014 10 9 0.00 30.38 16.99 22.14 0.90
2014 10 10 0.20 28.32 21.11 24.20 0.90
2014 10 11 0.00 31.41 23.17 25.23 1.10
2014 10 12 0.00 33.47 19.05 27.29 1.10
2014 10 13 0.00 33.47 19.05 29.35 1.10
2014 10 14 0.00 26.26 3.60 14.93 1.10
2014 10 15 0.00 22.14 1.54 16.99 1.10
2014 10 16 0.00 32.44 22.14 26.26 1.10
2014 10 17 0.00 29.35 21.11 25.23 1.10
2014 10 18 0.00 25.23 11.84 20.08 1.10
2014 10 19 0.00 30.38 22.14 25.23 1.10
2014 10 20 0.00 32.44 20.08 26.26 1.10
2014 10 21 0.10 32.44 15.96 27.29 1.10
2014 10 22 0.00 28.32 9.78 20.08 1.20
2014 10 23 0.00 22.14 13.90 18.02 1.20
2014 10 24 0.00 25.23 4.63 15.96 1.20
2014 10 25 0.00 22.14 1.54 12.87 1.20
2014 10 26 0.00 18.02 6.69 12.87 1.20
2014 10 27 0.00 21.11 -8.76 9.78 1.20
2014 10 28 0.00 25.23 3.60 18.02 1.20
2014 10 29 0.00 24.20 -4.64 10.81 1.20
2014 10 30 0.30 15.96 4.63 12.87 1.20
2014 10 31 0.10 15.96 5.66 11.84 1.50
2014 11 1 0.00 16.99 5.66 11.84 1.60
2014 11 2 0.00 13.90 7.72 10.81 1.60
2014 11 3 0.00 15.96 7.72 11.84 1.60
2014 11 4 0.00 8.75 -9.79 -0.52 1.60
2014 11 5 0.00 4.63 -3.61 0.51 1.60
2014 11 6 0.00 2.57 -19.06 -9.79 1.60
2014 11 7 0.00 20.08 -17.00 3.60 1.60
2014 11 8 0.00 29.35 15.96 23.17 1.60
2014 11 9 0.00 31.41 21.11 27.29 1.60
2014 11 10 0.00 31.41 18.02 25.23 1.60
2014 11 11 0.00 27.29 14.93 20.08 1.60
2014 11 12 0.00 28.32 21.11 24.20 1.60
2014 11 13 0.00 23.17 16.99 20.08 1.60
2014 11 14 0.00 19.05 14.93 16.99 1.60
2014 11 15 0.00 15.96 10.81 12.87 1.60
2014 11 16 0.00 14.93 9.78 11.84 1.60
2014 11 17 0.00 18.02 11.84 14.93 1.60
2014 11 18 0.00 27.29 6.69 16.99 1.60
2014 11 19 0.00 32.44 3.60 23.17 1.60
2014 11 20 0.00 10.81 -2.58 1.54 1.60
2014 11 21 0.00 -1.55 -26.27 -12.88 1.60
2014 11 22 0.00  nan  nan  nan 1.60
2014 11 23 0.00 2.57 -11.85 -3.61 1.60
2014 11 24 0.00 10.81 2.57 6.69 1.60
2014 11 25 0.00 14.93 4.63 11.84 1.60
2014 11 26 0.00 11.84 -14.94 1.54 1.60
2014 11 27 0.10 -6.70 -24.21 -15.97 1.60
2014 11 28 0.00 -7.73 -19.06 -10.82 1.70
2014 11 29 0.00 -2.58 -10.82 -6.70 1.70
2014 11 30 0.00 3.60 -5.67 -0.52 1.70
2014 12 1 0.00 4.63 -9.79 0.51 1.70
2014 12 2 0.20 14.93 1.54 9.78 1.70
2014 12 3 0.00 14.93 -17.00 3.60 1.90
2014 12 4 0.00 -15.97 -25.24 -21.12 1.90
2014 12 5 0.00 -3.61 -15.97 -8.76 1.90
2014 12 6 0.10 4.63 -8.76 -1.55 1.90
2014 12 7 0.00 6.69 -7.73 0.51 2.00
2014 12 8 0.10 6.69 0.51 4.63 2.00
2014 12 9 0.00 3.60 -0.52 1.54 2.10
2014 12 10 0.00 1.54 -6.70 -1.55 2.10
2014 12 11 0.00 1.54 -2.58 -0.52 2.10
2014 12 12 0.00 3.60 -12.88 -0.52 2.10
2014 12 13 0.00 12.87 -14.94 3.60 2.10
2014 12 14 0.00 29.35 10.81 21.11 2.10
2014 12 15 0.00 29.35 18.02 24.20 2.10
2014 12 16 0.00 30.38 20.08 26.26 2.10
2014 12 17 0.00 23.17 11.84 19.05 2.10
2014 12 18 0.00 12.87 -3.61 5.66 2.10
2014 12 19 0.00 -1.55 -23.18 -18.03 2.10
2014 12 20 0.00 3.60 -22.15 -6.70 2.10
2014 12 21 0.00 11.84 -18.03 3.60 2.10
2014 12 22 0.00 9.78 -1.55 3.60 2.10
2014 12 23 0.00 14.93 -4.64 1.54 2.10
2014 12 24 0.00 14.93 -5.67 7.72 2.10
2014 12 25 0.10 19.05 6.69 13.90 2.10
2014 12 26 0.00 19.05 1.54 12.87 2.20
2014 12 27 0.00 7.72 -27.30 -12.88 2.20
2014 12 28 0.00 16.99 -29.36 -5.67 2.20
2014 12 29 0.00 21.11 15.96 18.02 2.20
2014 12 30 0.00 24.20 14.93 20.08 2.20
2014 12 31 0.00 25.23 13.90 20.08 2.20
2015 1 1 0.00 16.99 -14.94 7.72 2.20
2015 1 2 0.00 -10.82 -37.60 -27.30 2.20
2015 1 3 0.00 -11.85 -37.60 -24.21 2.20
2015 1 4 0.00 -11.85 -35.54 -20.09 2.20
2015 1 5 0.00 -29.36 -40.69 -37.60 2.20
2015 1 6 0.00 -39.66  nan -42.75 2.20
2015 1 7 0.00  nan  nan  nan 2.20
2015 1 8 0.00 7.72  nan -10.82 2.20
2015 1 9 0.10 16.99 7.72 12.87 2.20
2015 1 10 0.00 19.05 12.87 16.99 2.30
2015 1 11 0.00 20.08 10.81 18.02 2.30
2015 1 12 0.00 23.17 6.69 16.99 2.30
2015 1 13 0.50 22.14 16.99 20.08 2.30
2015 1 14 0.00 16.99 13.90 15.96 2.80
2015 1 15 0.00 26.26 16.99 20.08 2.80
2015 1 16 0.00 31.41 12.87 24.20 2.80
2015 1 17 0.10 14.93 -1.55 6.69 2.80
2015 1 18 0.00 7.72 -9.79 -0.52 2.90
2015 1 19 0.00 11.84 -10.82 1.54 2.90
2015 1 20 0.00 15.96 1.54 7.72 2.90
2015 1 21 0.10 3.60 -9.79 -1.55 2.90
2015 1 22 0.10 6.69 -2.58 2.57 2.90
2015 1 23 0.00 6.69 1.54 4.63 3.00
2015 1 24 0.00 1.54 -6.70 -1.55 3.00
2015 1 25 0.30 -6.70 -38.63 -18.03 3.00
2015 1 26 0.00 -36.57  nan  nan 3.30
2015 1 27 0.00 -36.57  nan  nan 3.30
2015 1 28 0.00 -29.36  nan  nan 3.30
2015 1 29 0.00 -43.78  nan  nan 3.30
2015 1 30 0.00 -35.54  nan  nan 3.30
2015 1 31 0.00 -14.94 -36.57 -25.24 3.30
2015 2 1 0.00 -20.09 -42.75 -34.51 3.30
2015 2 2 0.00 -8.76 -20.09 -13.91 3.30
2015 2 3 0.00 -9.79 -33.48 -23.18 3.30
2015 2 4 0.00 -25.24  nan -35.54 3.30
2015 2 5 0.00 -39.66  nan  nan 3.30
2015 2 6 0.00  nan  nan  nan 3.30
2015 2 7 0.00 -43.78  nan  nan 3.30
2015 2 8 0.00  nan  nan  nan 3.30
2015 2 9 0.00 -37.60  nan  nan 3.30
2015 2 10 0.00 -9.79  nan -20.09 3.30
2015 2 11 0.00 -1.55 -23.18 -9.79 3.30
2015 2 12 0.00 10.81 -12.88 1.54 3.30
2015 2 13 0.00 3.60 -7.73 -1.55 3.30
2015 2 14 0.00 9.78 -2.58 4.63 3.30
2015 2 15 0.00 11.84 -7.73 2.57 3.30
2015 2 16 0.00 34.50 -4.64 21.11 3.30
2015 2 17 0.00 33.47 12.87 25.23 3.30
2015 2 18 0.00 24.20 -0.52 12.87 3.30
2015 2 19 0.00 18.02 -6.70 3.60 3.30
2015 2 20 0.00 26.26 -7.73 12.87 3.30
2015 2 21 0.00 34.50 22.14 29.35 3.30
2015 2 22 0.00 34.50 24.20 30.38 3.30
2015 2 23 0.40 33.47 26.26 30.38 3.30
2015 2 24 0.00 30.38 20.08 26.26 3.70
2015 2 25 0.00 28.32 0.51 20.08 3.70
2015 2 26 0.00 20.08 -9.79 4.63 3.70
2015 2 27 0.00 21.11 -6.70 7.72 3.70
2015 2 28 0.00 27.29 12.87 21.11 3.70
2015 3 1 0.00 23.17 -8.76 9.78 3.70
2015 3 2 0.00 23.17 -14.94 4.63 3.70
2015 3 3 0.00 25.23 3.60 16.99 3.70
2015 3 4 0.00 29.35 20.08 23.17 3.70
2015 3 5 0.00 32.44 22.14 26.26 3.70
2015 3 6 0.00 32.44 23.17 27.29 3.70
2015 3 7 0.30 44.80 26.26 32.44 3.70
2015 3 8 0.00 26.26 5.66 16.99 4.00
2015 3 9 0.00 10.81 -5.67 3.60 4.00
2015 3 10 0.00 3.60 -23.18 -9.79 4.00
2015 3 11 0.00 2.57 -36.57 -21.12 4.00
2015 3 12 0.00 -4.64 -37.60 -19.06 4.00
2015 3 13 0.00 -4.64 -18.03 -9.79 4.00
2015 3 14 0.20 -4.64 -38.63 -22.15 4.00
2015 3 15 0.00 1.54  nan -22.15 4.20
2015 3 16 0.00 23.17 -10.82 6.69 4.20
2015 3 17 0.00 33.47 3.60 16.99 4.20
2015 3 18 0.00 37.59 -7.73 13.90 4.20
2015 3 19 0.00 41.71 3.60 21.11 4.20
2015 3 20 0.00 37.59 1.54 18.02 4.20
2015 3 21 0.00 36.56 -6.70 16.99 4.20
2015 3 22 0.00 39.65 19.05 28.32 4.20
2015 3 23 0.00 38.62 20.08 27.29 4.20
2015 3 24 0.00 40.68 10.81 24.20 4.20
2015 3 25 0.00 41.71 10.81 27.29 4.20
2015 3 26 0.00 45.83 21.11 34.50 4.20
2015 3 27 0.00 47.89 25.23 36.56 4.20
2015 3 28 0.00 45.83 15.96 30.38 4.20
2015 3 29 0.00 41.71 10.81 27.29 4.20
2015 3 30 0.00 45.83 12.87 29.35 4.20
2015 3 31 0.00 36.56 7.72 23.17 4.20
2015 4 1 0.00 40.68 13.90 25.23 4.20
2015 4 2 0.00 43.77 5.66 24.20 4.20
2015 4 3 0.00 37.59 21.11 29.35 4.20
2015 4 4 0.10 33.47 19.05 26.26 4.20
2015 4 5 0.00 30.38 20.08 25.23 4.30
2015 4 6 0.00 43.77 18.02 28.32 4.30
2015 4 7 0.00 49.95 11.84 32.44 4.30
2015 4 8 0.00 42.74 25.23 35.53 4.30
2015 4 9 0.00 46.86 19.05 33.47 4.30
2015 4 10 0.10 46.86 27.29 36.56 4.30
2015 4 11 0.00 44.80 26.26 34.50 4.40
2015 4 12 0.00 44.80 22.14 32.44 4.40
2015 4 13 0.00 45.83 16.99 30.38 4.40
2015 4 14 0.00 41.71 13.90 27.29 4.40
2015 4 15 0.00 43.77 10.81 28.32 4.40
2015 4 16 0.00 50.98 15.96 33.47 4.40
2015 4 17 0.00 50.98 24.20 36.56 4.40
2015 4 18 0.00 49.95 21.11 36.56 4.40
2015 4 19 0.10 55.10 34.50 44.80 4.40
2015 4 20 0.60 43.77 29.35 34.50 4.40
2015 4 21 0.00 47.89 27.29 36.56 4.90
2015 4 22 0.00 47.89 18.02 33.47 4.80
2015 4 23 0.00 48.92 16.99 33.47 4.70
2015 4 24 0.00 50.98 18.02 36.56 4.50
2015 4 25 0.00 55.10 29.35 40.68 4.50
2015 4 26 0.00 56.13 24.20 39.65 4.30
2015 4 27 0.00 52.01 24.20 37.59 4.10
2015 4 28 0.00 50.98 27.29 39.65 4.00
2015 4 29 0.00 49.95 27.29 38.62 3.90
2015 4 30 0.00 50.98 27.29 38.62 3.60
2015 5 1 0.00 42.74 27.29 37.59 3.40
2015 5 2 0.00 49.95 23.17 36.56 3.20
2015 5 3 0.00 50.98 20.08 36.56 3.10
2015 5 4 0.00 52.01 20.08 36.56 3.00
2015 5 5 0.00 57.16 21.11 39.65 2.80
2015 5 6 0.00 57.16 26.26 41.71 2.40
2015 5 7 0.00 63.34 22.14 43.77 2.00
2015 5 8 0.00 66.43 29.35 49.95 1.40
2015 5 9 0.00 68.49 34.50 54.07 0.40
2015 5 10 0.00 65.40 31.41 49.95 0.00
2015 5 11 0.20 54.07 32.44 41.71 0.00
2015 5 12 0.00 62.31 29.35 46.86 0.00
2015 5 13 0.00 71.58 27.29 49.95 0.00
2015 5 14 0.00 74.67 27.29 54.07 0.00
2015 5 15 0.00 72.61 33.47 55.10 0.00
2015 5 16 0.00 80.85 32.44 59.22 0.00
2015 5 17 0.00 81.88 32.44 58.19 0.00
2015 5 18 0.00 83.94 33.47 59.22 0.00
2015 5 19 0.00 77.76 35.53 58.19 0.00
2015 5 20 0.00 82.91 35.53 59.22 0.00
2015 5 21 0.00 86.00 34.50 63.34 0.00
2015 5 22 0.00 82.91 46.86 65.40 0.00
2015 5 23 0.00 89.09 40.68 63.34 0.00
2015 5 24 0.00 83.94 39.65 64.37 0.00
2015 5 25 0.00 70.55 46.86 59.22 0.00
2015 5 26 0.00 70.55 44.80 58.19 0.00
2015 5 27 0.00 74.67 45.83 60.25 0.00
2015 5 28 0.00 79.82 38.62 59.22 0.00
2015 5 29 0.00 70.55 44.80 59.22 0.00
2015 5 30 0.10 66.43 41.71 53.04 0.00
2015 5 31 0.10 59.22 36.56 49.95 0.00
2015 6 1 0.00 58.19 27.29 45.83 0.00
2015 6 2 0.00 60.25 26.26 45.83 0.00
2015 6 3 0.50 50.98 41.71 44.80 0.00
2015 6 4 0.00 67.46 37.59 52.01 0.00
2015 6 5 0.30 60.25 37.59 49.95 0.00
2015 6 6 0.00 63.34 30.38 48.92 0.00
2015 6 7 0.00 64.37 31.41 47.89 0.00
2015 6 8 0.10 65.40 37.59 49.95 0.00
2015 6 9 0.00 67.46 29.35 52.01 0.00
2015 6 10 0.00 64.37 36.56 52.01 0.00
2015 6 11 0.00 63.34 41.71 52.01 0.00
2015 6 12 0.10 61.28 42.74 50.98 0.00
2015 6 13 0.00 66.43 34.50 53.04 0.00
2015 6 14 0.00 70.55 33.47 56.13 0.00
2015 6 15 0.00 79.82 39.65 62.31 0.00
2015 6 16 0.00 75.70 47.89 60.25 0.00
2015 6 17 0.00 70.55 41.71 57.16 0.00
2015 6 18 0.00 73.64 37.59 58.19 0.00
2015 6 19 0.00 81.88 35.53 63.34 0.00
2015 6 20 0.00 82.91 49.95 64.37 0.00
2015 6 21 0.00 76.73 45.83 60.25 0.00
2015 6 22 0.00 83.94 46.86 66.43 0.00
2015 6 23 0.00 75.70 45.83 61.28 0.00
2015 6 24 0.00 78.79 43.77 62.31 0.00
2015 6 25 0.00 75.70 49.95 61.28 0.00
2015 6 26 0.10 70.55 49.95 58.19 0.00
2015 6 27 0.70 53.04 46.86 50.98 0.00
2015 6 28 0.10 73.64 42.74 55.10 0.00
2015 6 29 0.00 74.67 37.59 59.22 0.00
2015 6 30 0.00 73.64 43.77 57.16 0.00
2015 7 1 0.70 59.22 50.98 54.07 0.00
2015 7 2 0.00 70.55 45.83 55.10 0.00
2015 7 3 0.20 66.43 45.83 57.16 0.00
2015 7 4 0.00 77.76 36.56 59.22 0.00
2015 7 5 0.00 80.85 41.71 64.37 0.00
2015 7 6 0.00 86.00 44.80 67.46 0.00
2015 7 7 0.00 71.58 50.98 61.28 0.00
2015 7 8 0.00 62.31 50.98 56.13 0.00
2015 7 9 0.00 62.31 47.89 54.07 0.00
2015 7 10 0.00 72.61 44.80 59.22 0.00
2015 7 11 0.00 68.49 38.62 55.10 0.00
2015 7 12 0.00 72.61 48.92 59.22 0.00
2015 7 13 0.00 72.61 50.98 59.22 0.00
2015 7 14 0.00 68.49 48.92 58.19 0.00
2015 7 15 0.10 75.70 41.71 59.22 0.00
2015 7 16 0.00 76.73 46.86 62.31 0.00
2015 7 17 0.40 70.55 47.89 58.19 0.00
2015 7 18 0.00 66.43 43.77 55.10 0.00
2015 7 19 0.20 63.34 47.89 54.07 0.00
2015 7 20 0.00 65.40 45.83 53.04 0.00
2015 7 21 0.10 69.52 43.77 56.13 0.00
2015 7 22 0.00 71.58 37.59 57.16 0.00
2015 7 23 0.00 72.61 36.56 57.16 0.00
2015 7 24 0.00 74.67 36.56 57.16 0.00
2015 7 25 0.40 68.49 47.89 56.13 0.00
2015 7 26 0.00 72.61 44.80 57.16 0.00
2015 7 27 0.10  nan  nan  nan 0.00
2015 7 28 0.20  nan  nan  nan 0.00
2015 7 29 0.20 64.37 44.80 55.10 0.00
2015 7 30 0.00 69.52 37.59 54.07 0.00
2015 7 31 0.00 71.58 40.68 56.13 0.00
2015 8 1 0.10 72.61 38.62 54.07 0.00
2015 8 2 0.00 63.34 46.86 54.07 0.00
2015 8 3 0.00 74.67 48.92 60.25 0.00
2015 8 4 0.10  nan  nan  nan 0.00
2015 8 5 0.00 81.88 44.80 61.28 0.00
2015 8 6 0.00  nan  nan  nan 0.00
2015 8 7 0.00  nan  nan  nan 0.00
2015 8 8 0.10 73.64 31.41 53.04 0.00
2015 8 9 0.00 75.70 42.74 59.22 0.00
2015 8 10 0.80 60.25 44.80 53.04 0.00
2015 8 11 0.00 54.07 36.56 46.86 0.00
2015 8 12 0.10 57.16 30.38 44.80 0.00
2015 8 13 0.10 60.25 38.62 48.92 0.00
2015 8 14 0.00 66.43 41.71 53.04 0.00
2015 8 15 0.00 71.58 32.44 53.04 0.00
2015 8 16 0.30 57.16 39.65 49.95 0.00
2015 8 17 0.00 64.37 38.62 52.01 0.00
2015 8 18 1.00 56.13 47.89 50.98 0.00
2015 8 19 0.30 55.10 44.80 49.95 0.00
2015 8 20 0.10 59.22 36.56 48.92 0.00
2015 8 21 0.00 64.37 30.38 46.86 0.00
2015 8 22 0.10 57.16 30.38 44.80 0.00
2015 8 23 0.20 56.13 45.83 49.95 0.00
2015 8 24 0.00 57.16 41.71 48.92 0.00
2015 8 25 0.00 63.34 33.47 48.92 0.00
2015 8 26 0.40 55.10 47.89 50.98 0.00
2015 8 27 0.30 52.01 38.62 46.86 0.00
2015 8 28 0.10 44.80 31.41 38.62 0.00
2015 8 29 0.00 46.86 24.20 35.53 0.00
2015 8 30 0.00 45.83 32.44 39.65 0.00
2015 8 31 0.00 46.86 36.56 40.68 0.00
2015 9 1 0.00 50.98 33.47 41.71 0.00
2015 9 2 0.00  nan  nan  nan 0.00
2015 9 3 0.00 59.22 27.29 42.74 0.00
2015 9 4 0.00 49.95 27.29 39.65 0.00
2015 9 5 0.00 56.13 26.26 39.65 0.00
2015 9 6 0.00 57.16 24.20 37.59 0.00
2015 9 7 0.00 61.28 22.14 38.62 0.00
2015 9 8 0.00 61.28 24.20 42.74 0.00
2015 9 9 0.00 60.25 33.47 46.86 0.00
2015 9 10 0.00 61.28 30.38 47.89 0.00
2015 9 11 0.00 59.22 34.50 45.83 0.00
2015 9 12 0.10 56.13 27.29 39.65 0.00
2015 9 13 0.10 47.89 29.35 38.62 0.00
2015 9 14 0.00 44.80 33.47 39.65 0.00
2015 9 15 0.20 46.86 29.35 38.62 0.00
2015 9 16 0.00 50.98 27.29 38.62 0.00
2015 9 17 0.00 44.80 36.56 40.68 0.00
2015 9 18 0.10 47.89 31.41 39.65 0.00
2015 9 19 0.00 45.83 32.44 37.59 0.00
2015 9 20 0.00 39.65 30.38 34.50 0.00
2015 9 21 0.00 40.68 26.26 32.44 0.00
2015 9 22 0.00 36.56 24.20 30.38 0.00
2015 9 23 0.00 35.53 27.29 31.41 0.00
2015 9 24 0.00 37.59 25.23 30.38 0.00
2015 9 25 0.00 40.68 20.08 31.41 0.00
2015 9 26 0.00 42.74 24.20 30.38 0.00
2015 9 27 0.00 41.71 27.29 35.53 0.00
2015 9 28 0.00 47.89 33.47 41.71 0.00
2015 9 29 0.20 48.92 32.44 39.65 0.00
2015 9 30 0.60 34.50 26.26 31.41 0.00
2015 10 1  nan 32.44 13.90 23.17  nan
2015 10 2  nan 31.41 16.99 26.26  nan
2015 10 3  nan 33.47 25.23 29.35  nan
2015 10 4  nan 37.59 27.29 32.44  nan
2015 10 5  nan 40.68 27.29 32.44  nan
2015 10 6  nan 40.68 20.08 28.32  nan
2015 10 7  nan 40.68 14.93 25.23  nan
2015 10 8  nan 35.53 14.93 24.20  nan
2015 10 9  nan 34.50 25.23 29.35  nan
2015 10 10  nan 29.35 25.23 26.26  nan
2015 10 11  nan 39.65 18.02 27.29  nan
2015 10 12  nan 32.44 11.84 24.20  nan
2015 10 13  nan 33.47 26.26 29.35  nan
2015 10 14  nan 38.62 23.17 31.41  nan
2015 10 15  nan 34.50 14.93 24.20  nan
2015 10 16  nan 32.44 11.84 25.23  nan
2015 10 17  nan 36.56 29.35 31.41  nan
2015 10 18  nan 37.59 29.35 32.44  nan
2015 10 19  nan 33.47 31.41 31.41  nan
2015 10 20  nan 34.50 28.32 31.41  nan
2015 10 21  nan 31.41 27.29 28.32  nan
2015 10 22  nan 30.38 26.26 27.29  nan
2015 10 23  nan 31.41 11.84 24.20  nan
2015 10 24  nan 32.44 16.99 25.23  nan
2015 10 25  nan 33.47 13.90 27.29  nan
2015 10 26  nan 31.41 10.81 24.20  nan
2015 10 27  nan 34.50 19.05 28.32  nan
2015 10 28  nan 25.23 9.78 18.02  nan
2015 10 29  nan 26.26 19.05 22.14  nan
2015 10 30  nan 22.14 14.93 19.05  nan
2015 10 31  nan 18.02 6.69 14.93  nan
2015 11 1  nan 14.93 -12.88 4.63  nan
2015 11 2  nan 19.05 13.90 15.96  nan
2015 11 3  nan 22.14 5.66 14.93  nan
2015 11 4  nan 14.93 -5.67 4.63  nan
2015 11 5  nan 26.26 13.90 21.11  nan
2015 11 6  nan 28.32 8.75 22.14  nan
2015 11 7  nan 23.17 -6.70 12.87  nan
2015 11 8  nan 21.11 -7.73 7.72  nan
2015 11 9  nan 26.26 7.72 21.11  nan
2015 11 10  nan 10.81 -15.97 -3.61  nan
2015 11 11  nan 9.78 -19.06 -3.61  nan
2015 11 12  nan 3.60 -20.09 -7.73  nan
2015 11 13  nan 7.72 -10.82 1.54  nan
2015 11 14  nan -6.70 -28.33 -17.00  nan
2015 11 15  nan -6.70 -26.27 -13.91  nan
2015 11 16  nan -4.64 -15.97 -8.76  nan
2015 11 17  nan -3.61 -17.00 -7.73  nan
2015 11 18  nan -17.00 -36.57 -25.24  nan
2015 11 19  nan 3.60 -37.60 -9.79  nan
2015 11 20  nan 13.90 0.51 7.72  nan
2015 11 21  nan 15.96 11.84 13.90  nan
2015 11 22  nan 15.96 -20.09 -2.58  nan
2015 11 23  nan 10.81 -8.76 1.54  nan
2015 11 24  nan 16.99 10.81 14.93  nan
2015 11 25  nan 26.26 14.93 21.11  nan
2015 11 26  nan 30.38 14.93 26.26  nan
2015 11 27  nan 30.38 9.78 22.14  nan
2015 11 28  nan 34.50 19.05 28.32  nan
2015 11 29  nan 19.05 9.78 14.93  nan
2015 11 30  nan 16.99 5.66 14.93  nan
2015 12 1  nan 5.66 -12.88 -2.58  nan
2015 12 2  nan 5.66 -9.79 2.57  nan
2015 12 3  nan 5.66 3.60 4.63  nan
2015 12 4  nan 5.66 1.54 3.60  nan
2015 12 5  nan 1.54 -1.55 -0.52  nan
2015 12 6  nan 0.51 -2.58 -0.52  nan
2015 12 7  nan 2.57 0.51 1.54  nan
2015 12 8  nan 2.57 -3.61 0.51  nan
2015 12 9  nan -1.55 -5.67 -3.61  nan
2015 12 10  nan -0.52 -6.70 -3.61  nan
2015 12 11  nan 3.60 -4.64 0.51  nan
2015 12 12  nan 0.51 -17.00 -6.70  nan
2015 12 13  nan 12.87 -20.09 -9.79  nan
2015 12 14  nan 13.90 -3.61 7.72  nan
2015 12 15  nan 6.69 -9.79 -1.55  nan
2015 12 16  nan 8.75 -7.73 1.54  nan
2015 12 17  nan 0.51 -12.88 -5.67  nan
2015 12 18  nan 19.05 -8.76 3.60  nan
2015 12 19  nan 19.05 2.57 11.84  nan
2015 12 20  nan 3.60 -21.12 -10.82  nan
2015 12 21  nan 4.63 -12.88 -2.58  nan
2015 12 22  nan 5.66 -26.27 -5.67  nan
2015 12 23  nan -9.79 -32.45 -20.09  nan
2015 12 24  nan -8.76 -39.66 -22.15  nan
2015 12 25  nan -8.76 -41.72 -29.36  nan
2015 12 26  nan -3.61 -9.79 -6.70  nan
2015 12 27  nan 3.60 -7.73 -2.58  nan
2015 12 28  nan 21.11 0.51 12.87  nan
2015 12 29  nan 20.08 12.87 16.99  nan
2015 12 30  nan 28.32 18.02 24.20  nan
2015 12 31  nan 37.59 24.20 31.41  nan
2016 1 1  nan 34.50 10.81 18.02  nan
2016 1 2  nan 38.62 22.14 31.41  nan
2016 1 3  nan 32.44 10.81 23.17  nan
2016 1 4  nan 19.05 3.60 11.84  nan
2016 1 5  nan 15.96 6.69 12.87  nan
2016 1 6  nan 9.78 -7.73 1.54  nan
2016 1 7  nan 5.66 -12.88 -3.61  nan
2016 1 8  nan 8.75 -17.00 -1.55  nan
2016 1 9  nan -1.55 -9.79 -5.67  nan
2016 1 10  nan -4.64 -17.00 -10.82  nan
2016 1 11  nan 14.93 -15.97 3.60  nan
2016 1 12  nan 16.99 -8.76 3.60  nan
2016 1 13  nan 10.81 -0.52 6.69  nan
2016 1 14  nan 14.93 10.81 12.87  nan
2016 1 15  nan 13.90 8.75 10.81  nan
2016 1 16  nan 11.84 -0.52 7.72  nan
2016 1 17  nan 1.54 -7.73 -1.55  nan
2016 1 18  nan -2.58 -17.00 -8.76  nan
2016 1 19  nan -1.55 -4.64 -3.61  nan
2016 1 20  nan -0.52 -3.61 -2.58  nan
2016 1 21  nan -0.52 -25.24 -7.73  nan
2016 1 22  nan -4.64 -19.06 -10.82  nan
2016 1 23  nan 3.60 -9.79 -3.61  nan
2016 1 24  nan 15.96 -11.85 0.51  nan
2016 1 25  nan 27.29 1.54 18.02  nan
2016 1 26  nan 31.41 26.26 28.32  nan
2016 1 27  nan 31.41 22.14 25.23  nan
2016 1 28  nan 25.23 19.05 23.17  nan
2016 1 29  nan 26.26 -5.67 11.84  nan
2016 1 30  nan 3.60 -14.94 -3.61  nan
2016 1 31  nan -3.61 -21.12 -13.91  nan
2016 2 1  nan -0.52 -23.18 -11.85  nan
2016 2 2  nan -14.94 -30.39 -23.18  nan
2016 2 3  nan -1.55 -33.48 -19.06  nan
2016 2 4  nan 10.81 -3.61 3.60  nan
2016 2 5  nan 14.93 -7.73 5.66  nan
2016 2 6  nan 19.05 -7.73 6.69  nan
2016 2 7  nan 10.81 -14.94 1.54  nan
2016 2 8  nan 25.23 -15.97 6.69  nan
2016 2 9  nan 12.87 -12.88 -0.52  nan
2016 2 10  nan 5.66 -14.94 -2.58  nan
2016 2 11  nan 24.20 3.60 13.90  nan
2016 2 12  nan 18.02 4.63 11.84  nan
2016 2 13  nan 32.44 18.02 26.26  nan
2016 2 14  nan 25.23 4.63 13.90  nan
2016 2 15  nan 15.96 2.57 9.78  nan
2016 2 16  nan 12.87 -17.00 6.69  nan
2016 2 17  nan -4.64 -30.39 -20.09  nan
2016 2 18  nan -9.79 -33.48 -25.24  nan
2016 2 19  nan 1.54 -36.57 -19.06  nan
2016 2 20  nan 18.02 -10.82 3.60  nan
2016 2 21  nan 30.38 3.60 18.02  nan
2016 2 22  nan 33.47 16.99 24.20  nan
2016 2 23  nan 26.26 1.54 15.96  nan
2016 2 24  nan 34.50 14.93 25.23  nan
2016 2 25  nan 38.62 11.84 24.20  nan
2016 2 26  nan 26.26 4.63 16.99  nan
2016 2 27  nan 31.41 3.60 20.08  nan
2016 2 28  nan 29.35 -1.55 14.93  nan
2016 2 29  nan 34.50 5.66 20.08  nan
2016 3 1  nan 26.26 -3.61 8.75  nan
2016 3 2  nan 18.02 -12.88 -0.52  nan
2016 3 3  nan 16.99 -9.79 0.51  nan
2016 3 4  nan 16.99 3.60 10.81  nan
2016 3 5  nan 13.90 6.69 9.78  nan
2016 3 6  nan 10.81 5.66 7.72  nan
2016 3 7  nan 18.02 5.66 9.78  nan
2016 3 8  nan 24.20 -11.85 5.66  nan
2016 3 9  nan 26.26 -9.79 5.66  nan
2016 3 10  nan 24.20 -9.79 5.66  nan
2016 3 11  nan 39.65 -10.82 12.87  nan
2016 3 12  nan 38.62 5.66 20.08  nan
2016 3 13  nan 21.11 -5.67 9.78  nan
2016 3 14  nan 21.11 3.60 13.90  nan
2016 3 15  nan 20.08 11.84 14.93  nan
2016 3 16  nan 30.38 10.81 18.02  nan
2016 3 17  nan 20.08 6.69 13.90  nan
2016 3 18  nan 14.93 4.63 9.78  nan
2016 3 19  nan 11.84 2.57 6.69  nan
2016 3 20  nan 18.02 6.69 11.84  nan
2016 3 21  nan 28.32 -5.67 10.81  nan
2016 3 22  nan 34.50 -6.70 12.87  nan
2016 3 23  nan 42.74 -3.61 19.05  nan
2016 3 24  nan 43.77 6.69 24.20  nan
2016 3 25  nan 43.77 16.99 30.38  nan
2016 3 26  nan 45.83 26.26 35.53  nan
2016 3 27  nan 47.89 20.08 32.44  nan
2016 3 28  nan 45.83 28.32 36.56  nan
2016 3 29  nan 49.95 26.26 36.56  nan
2016 3 30  nan 44.80 25.23 34.50  nan
2016 3 31  nan 54.07 27.29 37.59  nan
2016 4 1  nan 30.38 20.08 26.26  nan
2016 4 2  nan 30.38 20.08 24.20  nan
2016 4 3  nan 44.80 23.17 31.41  nan
2016 4 4  nan 44.80 13.90 28.32  nan
2016 4 5  nan 31.41 10.81 23.17  nan
2016 4 6  nan 45.83 21.11 31.41  nan
2016 4 7  nan 46.86 15.96 32.44  nan
2016 4 8  nan 34.50 26.26 30.38  nan
2016 4 9  nan 52.01 18.02 33.47  nan
2016 4 10  nan 48.92 24.20 36.56  nan
2016 4 11  nan 44.80 31.41 36.56  nan
2016 4 12  nan 33.47 19.05 29.35  nan
2016 4 13  nan 32.44 10.81 22.14  nan
2016 4 14  nan 32.44 3.60 20.08  nan
2016 4 15  nan 44.80 5.66 25.23  nan
2016 4 16  nan 40.68 23.17 30.38  nan
2016 4 17  nan 49.95 16.99 32.44  nan
2016 4 18  nan 47.89 27.29 36.56  nan
2016 4 19  nan 52.01 20.08 34.50  nan
2016 4 20  nan 53.04 20.08 36.56  nan
2016 4 21  nan 44.80 21.11 33.47  nan
2016 4 22  nan 42.74 21.11 32.44  nan
2016 4 23  nan 56.13 30.38 41.71  nan
2016 4 24  nan 61.28 25.23 42.74  nan
2016 4 25  nan 58.19 26.26 40.68  nan
2016 4 26  nan 55.10 25.23 40.68  nan
2016 4 27  nan 59.22 25.23 41.71  nan
2016 4 28  nan 57.16 26.26 42.74  nan
2016 4 29  nan 56.13 30.38 42.74  nan
2016 4 30  nan 56.13 25.23 40.68  nan
2016 5 1  nan 60.25 27.29 42.74  nan
2016 5 2  nan 45.83 28.32 36.56  nan
2016 5 3  nan 47.89 31.41 38.62  nan
2016 5 4  nan 52.01 31.41 40.68  nan
2016 5 5  nan 60.25 25.23 42.74  nan
2016 5 6  nan 61.28 31.41 45.83  nan
2016 5 7  nan 54.07 35.53 42.74  nan
2016 5 8  nan 59.22 32.44 45.83  nan
2016 5 9  nan 58.19 33.47 46.86  nan
2016 5 10  nan 65.40 33.47 49.95  nan
2016 5 11  nan 72.61 28.32 53.04  nan
2016 5 12  nan 78.79 31.41 57.16  nan
2016 5 13  nan  nan  nan  nan  nan
2016 5 14  nan  nan  nan  nan  nan
2016 5 15  nan 63.34 36.56 52.01  nan
2016 5 16  nan 47.89 36.56 40.68  nan
2016 5 17  nan 44.80 33.47 38.62  nan
2016 5 18  nan 50.98 30.38 42.74  nan
2016 5 19  nan 68.49 25.23 48.92  nan
2016 5 20  nan 64.37 34.50 52.01  nan
2016 5 21  nan 75.70 34.50 54.07  nan
2016 5 22  nan 61.28 41.71 50.98  nan
2016 5 23  nan 54.07 32.44 46.86  nan
2016 5 24  nan 56.13 33.47 46.86  nan
2016 5 25  nan 56.13 29.35 42.74  nan
2016 5 26  nan 59.22 29.35 44.80  nan
2016 5 27  nan 62.31 28.32 47.89  nan
2016 5 28  nan 65.40 29.35 48.92  nan
2016 5 29  nan 60.25 31.41 47.89  nan
2016 5 30  nan 70.55 29.35 52.01  nan
2016 5 31  nan 69.52 30.38 54.07  nan
2016 6 1  nan 72.61 43.77 58.19  nan
2016 6 2  nan 65.40 44.80 53.04  nan
2016 6 3  nan 57.16 41.71 47.89  nan
2016 6 4  nan 64.37 39.65 49.95  nan
2016 6 5  nan 65.40 41.71 53.04  nan
2016 6 6  nan 57.16 39.65 48.92  nan
2016 6 7  nan 61.28 33.47 48.92  nan
2016 6 8  nan 70.55 42.74 54.07  nan
2016 6 9  nan 63.34 44.80 55.10  nan
2016 6 10  nan 73.64 44.80 59.22  nan
2016 6 11  nan 75.70 38.62 56.13  nan
2016 6 12  nan 66.43 43.77 54.07  nan
2016 6 13  nan 66.43 36.56 54.07  nan
2016 6 14  nan 57.16 46.86 53.04  nan
2016 6 15  nan 71.58 40.68 57.16  nan
2016 6 16  nan 76.73 49.95 63.34  nan
2016 6 17  nan 81.88 38.62 63.34  nan
2016 6 18  nan 79.82 47.89 65.40  nan
2016 6 19  nan 79.82 44.80 65.40  nan
2016 6 20  nan 67.46 46.86 57.16  nan
2016 6 21  nan 65.40 43.77 54.07  nan
2016 6 22  nan 64.37 42.74 52.01  nan
2016 6 23  nan 66.43 31.41 52.01  nan
2016 6 24  nan 76.73 33.47 59.22  nan
2016 6 25  nan 79.82 43.77 64.37  nan
2016 6 26  nan 77.76 42.74 61.28  nan
2016 6 27  nan 74.67 49.95 59.22  nan
2016 6 28  nan 73.64 47.89 61.28  nan
2016 6 29  nan 79.82 40.68 62.31  nan
2016 6 30  nan 60.25 50.98 55.10  nan
2016 7 1  nan 72.61 50.98 59.22  nan
2016 7 2  nan 75.70 50.98 60.25  nan
2016 7 3  nan 72.61 49.95 59.22  nan
2016 7 4  nan 73.64 46.86 59.22  nan
2016 7 5  nan 70.55 48.92 59.22  nan
2016 7 6  nan 64.37 47.89 57.16  nan
2016 7 7  nan 63.34 53.04 57.16  nan
2016 7 8  nan 74.67 52.01 60.25  nan
2016 7 9  nan 76.73 46.86 61.28  nan
2016 7 10  nan 74.67 44.80 61.28  nan
2016 7 11  nan 75.70 52.01 61.28  nan
2016 7 12  nan 79.82 48.92 64.37  nan
2016 7 13  nan 83.94 47.89 67.46  nan
2016 7 14  nan 84.97 45.83 64.37  nan
2016 7 15  nan 86.00 44.80 65.40  nan
2016 7 16  nan 73.64 49.95 61.28  nan
2016 7 17  nan 65.40 44.80 55.10  nan
2016 7 18  nan 61.28 49.95 55.10  nan
2016 7 19  nan 66.43 48.92 56.13  nan
2016 7 20  nan 64.37 45.83 54.07  nan
2016 7 21  nan 57.16 42.74 49.95  nan
2016 7 22  nan 60.25 48.92 54.07  nan
2016 7 23  nan 65.40 39.65 54.07  nan
2016 7 24  nan 61.28 33.47 49.95  nan
2016 7 25  nan 68.49 45.83 56.13  nan
2016 7 26  nan 69.52 37.59 55.10  nan
2016 7 27  nan 75.70 49.95 61.28  nan
2016 7 28  nan 72.61 43.77 57.16  nan
2016 7 29  nan 64.37 47.89 56.13  nan
2016 7 30  nan 61.28 50.98 55.10  nan
2016 7 31  nan 58.19 45.83 54.07  nan
2016 8 1  nan 71.58 44.80 57.16  nan
2016 8 2  nan 71.58 45.83 58.19  nan
2016 8 3  nan 69.52 42.74 55.10  nan
2016 8 4  nan 66.43 45.83 55.10  nan
2016 8 5  nan 64.37 49.95 55.10  nan
2016 8 6  nan 68.49 42.74 56.13  nan
2016 8 7  nan 78.79 47.89 63.34  nan
2016 8 8  nan 66.43 52.01 59.22  nan
2016 8 9  nan 66.43 46.86 55.10  nan
2016 8 10  nan 64.37 46.86 55.10  nan
2016 8 11  nan 68.49 43.77 56.13  nan
2016 8 12  nan 69.52 38.62 55.10  nan
2016 8 13  nan 70.55 47.89 57.16  nan
2016 8 14  nan 73.64 41.71 57.16  nan
2016 8 15  nan 60.25 48.92 54.07  nan
2016 8 16  nan 67.46 45.83 55.10  nan
2016 8 17  nan 67.46 43.77 55.10  nan
2016 8 18  nan 68.49 33.47 52.01  nan
2016 8 19  nan  nan  nan  nan  nan
2016 8 20  nan  nan  nan  nan  nan
2016 8 21  nan 67.46 46.86 55.10  nan
2016 8 22  nan 66.43 47.89 56.13  nan
2016 8 23  nan 69.52 42.74 56.13  nan
2016 8 24  nan 69.52 34.50 53.04  nan
2016 8 25  nan 56.13 42.74 50.98  nan
2016 8 26  nan 65.40 44.80 56.13  nan
2016 8 27  nan 61.28 35.53 48.92  nan
2016 8 28  nan 60.25 34.50 47.89  nan
2016 8 29  nan 60.25 30.38 44.80  nan
2016 8 30  nan 60.25 28.32 43.77  nan
2016 8 31  nan 60.25 26.26 42.74  nan
2016 9 1  nan 57.16 28.32 44.80  nan
2016 9 2  nan 53.04 37.59 45.83  nan
2016 9 3  nan 63.34 26.26 42.74  nan
2016 9 4  nan 66.43 26.26 44.80  nan
2016 9 5  nan 62.31 36.56 48.92  nan
2016 9 6  nan 46.86 35.53 42.74  nan
2016 9 7  nan 45.83 25.23 36.56  nan
2016 9 8  nan 50.98 20.08 33.47  nan
2016 9 9  nan 54.07 20.08 35.53  nan
2016 9 10  nan 57.16 22.14 37.59  nan
2016 9 11  nan 57.16 24.20 42.74  nan
2016 9 12  nan 56.13 44.80 49.95  nan
2016 9 13  nan 48.92 41.71 45.83  nan
2016 9 14  nan 52.01 36.56 43.77  nan
2016 9 15  nan 58.19 35.53 44.80  nan
2016 9 16  nan 46.86 37.59 42.74  nan
2016 9 17  nan 47.89 30.38 40.68  nan
2016 9 18  nan 44.80 29.35 36.56  nan
2016 9 19  nan 45.83 23.17 33.47  nan
2016 9 20  nan 50.98 30.38 42.74  nan
2016 9 21  nan 53.04 40.68 48.92  nan
2016 9 22  nan 61.28 33.47 49.95  nan
2016 9 23  nan 56.13 27.29 39.65  nan
2016 9 24  nan 52.01 22.14 34.50  nan
2016 9 25  nan 49.95 22.14 35.53  nan
2016 9 26  nan 44.80 29.35 36.56  nan
2016 9 27  nan 40.68 24.20 31.41  nan
2016 9 28  nan 43.77 18.02 31.41  nan
2016 9 29  nan 39.65 28.32 33.47  nan
2016 9 30  nan 42.74 23.17 32.44  nan
2016 10 1  nan 46.86 22.14 32.44  nan
2016 10 2  nan 42.74 16.99 28.32  nan
2016 10 3  nan 36.56 12.87 24.20  nan
2016 10 4  nan 33.47 5.66 18.02  nan
2016 10 5  nan 33.47 3.60 15.96  nan
2016 10 6  nan 36.56 2.57 18.02  nan
2016 10 7  nan 38.62 5.66 19.05  nan
2016 10 8  nan 39.65 6.69 22.14  nan
2016 10 9  nan 40.68 14.93 27.29  nan
2016 10 10  nan 37.59 10.81 23.17  nan
2016 10 11  nan 42.74 22.14 30.38  nan
2016 10 12  nan 37.59 9.78 22.14  nan
2016 10 13  nan 30.38 4.63 15.96  nan
2016 10 14  nan 27.29 -0.52 10.81  nan
2016 10 15  nan 20.08 -10.82 5.66  nan
2016 10 16  nan 21.11 8.75 14.93  nan
2016 10 17  nan 21.11 5.66 16.99  nan
2016 10 18  nan 26.26 5.66 19.05  nan
2016 10 19  nan 34.50 3.60 22.14  nan
2016 10 20  nan 34.50 22.14 27.29  nan
2016 10 21  nan 25.23 19.05 23.17  nan
2016 10 22  nan 22.14 -7.73 12.87  nan
2016 10 23  nan 6.69 -17.00 -6.70  nan
2016 10 24  nan 10.81 -21.12 -6.70  nan
2016 10 25  nan 16.99 3.60 11.84  nan
2016 10 26  nan 20.08 9.78 14.93  nan
2016 10 27  nan 30.38 7.72 21.11  nan
2016 10 28  nan 25.23 6.69 14.93  nan
2016 10 29  nan 27.29 12.87 21.11  nan
2016 10 30  nan 30.38 20.08 26.26  nan
2016 10 31  nan 27.29 23.17 25.23  nan
2016 11 1  nan 29.35 23.17 26.26  nan
2016 11 2  nan 31.41 20.08 27.29  nan
2016 11 3  nan 27.29 20.08 24.20  nan
2016 11 4  nan 20.08 14.93 18.02  nan
2016 11 5  nan 14.93 8.75 12.87  nan
2016 11 6  nan 13.90 -6.70 0.51  nan
2016 11 7  nan 20.08 -5.67 5.66  nan
2016 11 8  nan 29.35 12.87 20.08  nan
2016 11 9  nan 23.17 12.87 18.02  nan
2016 11 10  nan 39.65 16.99 31.41  nan
2016 11 11  nan 34.50 12.87 26.26  nan
2016 11 12  nan 24.20 11.84 18.02  nan
2016 11 13  nan 22.14 2.57 13.90  nan
2016 11 14  nan 32.44 11.84 25.23  nan
2016 11 15  nan 19.05 -1.55 9.78  nan
2016 11 16  nan 24.20 19.05 21.11  nan
2016 11 17  nan 21.11 -10.82 6.69  nan
2016 11 18  nan 10.81 -18.03 -2.58  nan
2016 11 19  nan 7.72 -21.12 -1.55  nan
2016 11 20  nan -17.00 -26.27 -23.18  nan
2016 11 21  nan -0.52 -22.15 -5.67  nan
2016 11 22  nan -2.58 -6.70 -3.61  nan
2016 11 23  nan -3.61 -20.09 -9.79  nan
2016 11 24  nan -6.70 -17.00 -9.79  nan
2016 11 25  nan -3.61 -17.00 -10.82  nan
2016 11 26  nan 3.60 -11.85 -4.64  nan
2016 11 27  nan -0.52 -4.64 -2.58  nan
2016 11 28  nan -0.52 -27.30 -7.73  nan
2016 11 29  nan -12.88 -33.48 -23.18  nan
2016 11 30  nan -4.64 -33.48 -21.12  nan
2016 12 1  nan 19.05 -4.64 6.69  nan
2016 12 2  nan 1.54 -4.64 -1.55  nan
2016 12 3  nan -2.58 -6.70 -3.61  nan
2016 12 4  nan -3.61 -32.45 -19.06  nan
2016 12 5  nan -30.39 -43.78 -39.66  nan
2016 12 6  nan -20.09 -30.39 -24.21  nan
2016 12 7  nan -23.18 -40.69 -33.48  nan
2016 12 8  nan -36.57  nan  nan  nan
2016 12 9  nan -42.75  nan  nan  nan
2016 12 10  nan -22.15 -42.75 -30.39  nan
2016 12 11  nan -20.09 -37.60 -32.45  nan
2016 12 12  nan -21.12 -37.60 -29.36  nan
2016 12 13  nan -24.21 -32.45 -28.33  nan
2016 12 14  nan -24.21 -38.63 -34.51  nan
2016 12 15  nan -10.82 -27.30 -17.00  nan
2016 12 16  nan -3.61 -10.82 -6.70  nan
2016 12 17  nan 5.66 -6.70 1.54  nan
2016 12 18  nan 6.69 -2.58 3.60  nan
2016 12 19  nan 14.93 -5.67 3.60  nan
2016 12 20  nan 14.93 -4.64 4.63  nan
2016 12 21  nan 8.75 -9.79 -1.55  nan
2016 12 22  nan 7.72 -7.73 0.51  nan
2016 12 23  nan -0.52 -22.15 -13.91  nan
2016 12 24  nan 10.81 -12.88 1.54  nan
2016 12 25  nan 14.93 4.63 10.81  nan
2016 12 26  nan 12.87 1.54 8.75  nan
2016 12 27  nan 8.75 -18.03 -0.52  nan
2016 12 28  nan -3.61 -21.12 -11.85  nan
2016 12 29  nan 8.75 -30.39 -9.79  nan
2016 12 30  nan 11.84 3.60 7.72  nan
2016 12 31  nan 20.08 2.57 12.87  nan
2017 1 1  nan 20.08 -4.64 7.72  nan
2017 1 2  nan -2.58 -12.88 -7.73  nan
2017 1 3  nan 4.63 -15.97 -4.64  nan
2017 1 4  nan 6.69 -1.55 4.63  nan
2017 1 5  nan 13.90 -0.52 5.66  nan
2017 1 6  nan 6.69 -37.60 -19.06  nan
2017 1 7  nan -8.76 -38.63 -21.12  nan
2017 1 8  nan -8.76 -22.15 -17.00  nan
2017 1 9  nan -13.91 -30.39 -22.15  nan
2017 1 10  nan -3.61 -29.36 -15.97  nan
2017 1 11  nan -2.58 -22.15 -10.82  nan
2017 1 12  nan -3.61 -31.42 -12.88  nan
2017 1 13  nan 3.60 -31.42 -7.73  nan
2017 1 14  nan 10.81 2.57 5.66  nan
2017 1 15  nan 5.66 -17.00 -5.67  nan
2017 1 16  nan -4.64 -11.85 -7.73  nan
2017 1 17  nan -11.85  nan -28.33  nan
2017 1 18  nan -30.39  nan -42.75  nan
2017 1 19  nan -20.09  nan -29.36  nan
2017 1 20  nan -14.94  nan -21.12  nan
2017 1 21  nan -10.82 -33.48 -17.00  nan
2017 1 22  nan -18.03 -31.42 -24.21  nan
2017 1 23  nan 0.51 -28.33 -12.88  nan
2017 1 24  nan 6.69 -6.70 -1.55  nan
2017 1 25  nan 18.02 3.60 11.84  nan
2017 1 26  nan 22.14 8.75 14.93  nan
2017 1 27  nan 18.02 5.66 12.87  nan
2017 1 28  nan 18.02 4.63 12.87  nan
2017 1 29  nan 18.02 -13.91 7.72  nan
2017 1 30  nan 3.60 -24.21 -11.85  nan
2017 1 31  nan 8.75 -1.55 5.66  nan
2017 2 1  nan 5.66 -25.24 -10.82  nan
2017 2 2  nan -7.73 -23.18 -13.91  nan
2017 2 3  nan -12.88 -27.30 -20.09  nan
2017 2 4  nan -17.00 -29.36 -25.24  nan
2017 2 5  nan -10.82 -30.39 -22.15  nan
2017 2 6  nan -9.79 -30.39 -23.18  nan
2017 2 7  nan -3.61 -33.48 -22.15  nan
2017 2 8  nan 0.51 -21.12 -9.79  nan
2017 2 9  nan -0.52 -11.85 -5.67  nan
2017 2 10  nan -11.85 -27.30 -20.09  nan
2017 2 11  nan -19.06 -27.30 -22.15  nan
2017 2 12  nan 1.54 -31.42 -17.00  nan
2017 2 13  nan 31.41 1.54 15.96  nan
2017 2 14  nan 37.59 30.38 32.44  nan
2017 2 15  nan 31.41 11.84 25.23  nan
2017 2 16  nan 14.93 -7.73 2.57  nan
2017 2 17  nan 19.05 -8.76 4.63  nan
2017 2 18  nan 22.14 -10.82 5.66  nan
2017 2 19  nan 9.78 -21.12 -9.79  nan
2017 2 20  nan 0.51 -26.27 -10.82  nan
2017 2 21  nan 4.63 -26.27 -5.67  nan
2017 2 22  nan 10.81 -27.30 1.54  nan
2017 2 23  nan 16.99 -7.73 7.72  nan
2017 2 24  nan 25.23 11.84 19.05  nan
2017 2 25  nan 24.20 11.84 19.05  nan
2017 2 26  nan 32.44 19.05 25.23  nan
2017 2 27  nan 25.23 11.84 20.08  nan
2017 2 28  nan 11.84 -20.09 -3.61  nan
2017 3 1  nan -5.67 -36.57 -21.12  nan
2017 3 2  nan -11.85  nan -31.42  nan
2017 3 3  nan -3.61 -41.72 -25.24  nan
2017 3 4  nan 2.57 -30.39 -12.88  nan
2017 3 5  nan -1.55 -34.51 -10.82  nan
2017 3 6  nan -4.64  nan -29.36  nan
2017 3 7  nan -0.52 -40.69 -24.21  nan
2017 3 8  nan -3.61 -43.78 -27.30  nan
2017 3 9  nan 3.60 -42.75 -19.06  nan
2017 3 10  nan 11.84 -5.67 3.60  nan
2017 3 11  nan 15.96 -23.18 -2.58  nan
2017 3 12  nan 8.75 -32.45 -14.94  nan
2017 3 13  nan 9.78 -31.42 -9.79  nan
2017 3 14  nan 4.63 -17.00 -6.70  nan
2017 3 15  nan 2.57 -24.21 -11.85  nan
2017 3 16  nan 1.54 -22.15 -7.73  nan
2017 3 17  nan 2.57 -26.27 -6.70  nan
2017 3 18  nan 7.72 -33.48 -13.91  nan
2017 3 19  nan 22.14 -26.27 -2.58  nan
2017 3 20  nan 16.99 -20.09 1.54  nan
2017 3 21  nan 19.05 -5.67 7.72  nan
2017 3 22  nan 18.02 -18.03 1.54  nan
2017 3 23  nan 20.08 -14.94 4.63  nan
2017 3 24  nan 20.08 -13.91 2.57  nan
2017 3 25  nan 19.05 -23.18 -2.58  nan
2017 3 26  nan 21.11 -22.15 -1.55  nan
2017 3 27  nan 25.23 -9.79 6.69  nan
2017 3 28  nan 26.26 -1.55 13.90  nan
2017 3 29  nan 43.77 -6.70 18.02  nan
2017 3 30  nan 43.77 5.66 26.26  nan
2017 3 31  nan 44.80 23.17 33.47  nan
2017 4 1  nan 48.92 28.32 37.59  nan
2017 4 2  nan 47.89 25.23 36.56  nan
2017 4 3  nan 45.83 15.96 30.38  nan
2017 4 4  nan 46.86 14.93 30.38  nan
2017 4 5  nan 36.56 18.02 27.29  nan
2017 4 6  nan 27.29 11.84 23.17  nan
2017 4 7  nan 26.26 -3.61 12.87  nan
2017 4 8  nan 28.32 -2.58 13.90  nan
2017 4 9  nan 35.53 -4.64 18.02  nan
2017 4 10  nan 47.89 21.11 31.41  nan
2017 4 11  nan 49.95 14.93 32.44  nan
2017 4 12  nan 47.89 20.08 34.50  nan
2017 4 13  nan 41.71 18.02 30.38  nan
2017 4 14  nan 49.95 8.75 30.38  nan
2017 4 15  nan 34.50 11.84 25.23  nan
2017 4 16  nan 29.35 3.60 18.02  nan
2017 4 17  nan 30.38 -5.67 13.90  nan
2017 4 18  nan 35.53 -5.67 16.99  nan
2017 4 19  nan 33.47 0.51 20.08  nan
2017 4 20  nan 37.59 0.51 20.08  nan
2017 4 21  nan 42.74 1.54 24.20  nan
2017 4 22  nan 48.92 5.66 29.35  nan
2017 4 23  nan 52.01 13.90 33.47  nan
2017 4 24  nan 57.16 19.05 37.59  nan
2017 4 25  nan 54.07 31.41 40.68  nan
2017 4 26  nan 47.89 30.38 37.59  nan
2017 4 27  nan 41.71 25.23 32.44  nan
2017 4 28  nan 54.07 20.08 37.59  nan
2017 4 29  nan 52.01 28.32 38.62  nan
2017 4 30  nan 55.10 29.35 40.68  nan
2017 5 1  nan 57.16 26.26 40.68  nan
2017 5 2  nan 57.16 29.35 43.77  nan
2017 5 3  nan 53.04 30.38 40.68  nan
2017 5 4  nan 59.22 30.38 45.83  nan
2017 5 5  nan 57.16 26.26 41.71  nan
2017 5 6  nan 63.34 23.17 44.80  nan
2017 5 7  nan 66.43 24.20 47.89  nan
2017 5 8  nan 65.40 31.41 47.89  nan
2017 5 9  nan 59.22 32.44 44.80  nan
2017 5 10  nan 60.25 30.38 44.80  nan
2017 5 11  nan 64.37 27.29 46.86  nan
2017 5 12  nan 57.16 28.32 43.77  nan
2017 5 13  nan 60.25 38.62 47.89  nan
2017 5 14  nan 55.10 42.74 46.86  nan
2017 5 15  nan 59.22 33.47 46.86  nan
2017 5 16  nan 64.37 29.35 46.86  nan
2017 5 17  nan 71.58 28.32 49.95  nan
2017 5 18  nan 65.40 31.41 48.92  nan
2017 5 19  nan 59.22 30.38 45.83  nan
2017 5 20  nan 59.22 27.29 43.77  nan
2017 5 21  nan 59.22 34.50 47.89  nan
2017 5 22  nan 61.28 41.71 47.89  nan
2017 5 23  nan 56.13 35.53 46.86  nan
2017 5 24  nan 63.34 27.29 48.92  nan
2017 5 25  nan 56.13 35.53 46.86  nan
2017 5 26  nan 53.04 28.32 42.74  nan
2017 5 27  nan 56.13 24.20 42.74  nan
2017 5 28  nan 71.58 26.26 52.01  nan
2017 5 29  nan 67.46 40.68 55.10  nan
2017 5 30  nan 57.16 38.62 46.86  nan
2017 5 31  nan 63.34 29.35 49.95  nan
2017 6 1  nan 64.37 30.38 49.95  nan
2017 6 2  nan 65.40 29.35 49.95  nan
2017 6 3  nan 65.40 33.47 52.01  nan
2017 6 4  nan 70.55 39.65 55.10  nan
2017 6 5  nan 73.64 37.59 56.13  nan
2017 6 6  nan 73.64 31.41 57.16  nan
2017 6 7  nan 76.73 44.80 62.31  nan
2017 6 8  nan 77.76 44.80 63.34  nan
2017 6 9  nan 76.73 52.01 64.37  nan
2017 6 10  nan 73.64 52.01 63.34  nan
2017 6 11  nan 68.49 42.74 56.13  nan
2017 6 12  nan 64.37 36.56 50.98  nan
2017 6 13  nan 58.19 26.26 44.80  nan
2017 6 14  nan 68.49 26.26 49.95  nan
2017 6 15  nan 69.52 34.50 54.07  nan
2017 6 16  nan 74.67 38.62 57.16  nan
2017 6 17  nan 68.49 37.59 55.10  nan
2017 6 18  nan 70.55 38.62 58.19  nan
2017 6 19  nan 78.79 41.71 61.28  nan
2017 6 20  nan 78.79 46.86 62.31  nan
2017 6 21  nan 75.70 46.86 62.31  nan
2017 6 22  nan 79.82 43.77 64.37  nan
2017 6 23  nan 76.73 48.92 59.22  nan
2017 6 24  nan 58.19 46.86 53.04  nan
2017 6 25  nan 67.46 45.83 54.07  nan
2017 6 26  nan 68.49 40.68 53.04  nan
2017 6 27  nan 73.64 37.59 57.16  nan
2017 6 28  nan 77.76 42.74 61.28  nan
2017 6 29  nan 81.88 41.71 64.37  nan
2017 6 30  nan 73.64 49.95 61.28  nan
2017 7 1  nan 70.55 52.01 59.22  nan
2017 7 2  nan 74.67 48.92 61.28  nan
2017 7 3  nan 75.70 46.86 61.28  nan
2017 7 4  nan 77.76 52.01 63.34  nan
2017 7 5  nan 78.79 49.95 65.40  nan
2017 7 6  nan 84.97 44.80 64.37  nan
2017 7 7  nan 84.97 43.77 67.46  nan
2017 7 8  nan 86.00 48.92 65.40  nan
2017 7 9  nan 78.79 48.92 61.28  nan
2017 7 10  nan 57.16 53.04 55.10  nan
2017 7 11  nan 69.52 55.10 60.25  nan
2017 7 12  nan 73.64 49.95 62.31  nan
2017 7 13  nan 77.76 48.92 64.37  nan
2017 7 14  nan 83.94 39.65 63.34  nan
2017 7 15  nan 81.88 44.80 63.34  nan
2017 7 16  nan  nan  nan  nan  nan
2017 7 17  nan  nan  nan  nan  nan
2017 7 18  nan 75.70 48.92 60.25  nan
2017 7 19  nan 80.85 42.74 62.31  nan
2017 7 20  nan 74.67 52.01 60.25  nan
2017 7 21  nan 68.49 45.83 58.19  nan
2017 7 22  nan 75.70 35.53 57.16  nan
2017 7 23  nan 81.88 47.89 65.40  nan
2017 7 24  nan 65.40 55.10 60.25  nan
2017 7 25  nan 65.40 52.01 60.25  nan
2017 7 26  nan 66.43 52.01 60.25  nan
2017 7 27  nan 66.43 44.80 56.13  nan
2017 7 28  nan 74.67 37.59 57.16  nan
2017 7 29  nan 78.79 41.71 62.31  nan
2017 7 30  nan 79.82 44.80 63.34  nan
2017 7 31  nan 81.88 38.62 60.25  nan
2017 8 1  nan 71.58 44.80 58.19  nan
2017 8 2  nan 74.67 36.56 56.13  nan
2017 8 3  nan 74.67 48.92 62.31  nan
2017 8 4  nan 65.40 49.95 59.22  nan
2017 8 5  nan 78.79 40.68 60.25  nan
2017 8 6  nan 83.94 43.77 64.37  nan
2017 8 7  nan 80.85 45.83 62.31  nan
2017 8 8  nan 80.85 40.68 61.28  nan
2017 8 9  nan 86.00 40.68 64.37  nan
2017 8 10  nan 83.94 44.80 66.43  nan
2017 8 11  nan 72.61 47.89 61.28  nan
2017 8 12  nan 73.64 45.83 59.22  nan
2017 8 13  nan 76.73 46.86 60.25  nan
2017 8 14  nan 62.31 46.86 53.04  nan
2017 8 15  nan 64.37 40.68 52.01  nan
2017 8 16  nan 66.43 37.59 50.98  nan
2017 8 17  nan 64.37 31.41 47.89  nan
2017 8 18  nan 61.28 29.35 44.80  nan
2017 8 19  nan 63.34 28.32 45.83  nan
2017 8 20  nan 62.31 37.59 49.95  nan
2017 8 21  nan 55.10 31.41 45.83  nan
2017 8 22  nan 61.28 46.86 54.07  nan
2017 8 23  nan 60.25 41.71 52.01  nan
2017 8 24  nan 66.43 31.41 49.95  nan
2017 8 25  nan 60.25 38.62 49.95  nan
2017 8 26  nan 62.31 30.38 47.89  nan
2017 8 27  nan 52.01 42.74 47.89  nan
2017 8 28  nan 62.31 37.59 48.92  nan
2017 8 29  nan 58.19 37.59 48.92  nan
2017 8 30  nan 56.13 42.74 49.95  nan
2017 8 31  nan 65.40 37.59 49.95  nan
2017 9 1  nan 64.37 30.38 46.86  nan
2017 9 2  nan 55.10 28.32 39.65  nan
2017 9 3  nan 61.28 24.20 40.68  nan
2017 9 4  nan 62.31 36.56 48.92  nan
2017 9 5  nan 57.16 42.74 48.92  nan
2017 9 6  nan 63.34 36.56 49.95  nan
2017 9 7  nan 59.22 32.44 43.77  nan
2017 9 8  nan 61.28 27.29 43.77  nan
2017 9 9  nan 47.89 39.65 44.80  nan
2017 9 10  nan 49.95 40.68 44.80  nan
2017 9 11  nan 57.16 36.56 43.77  nan
2017 9 12  nan 58.19 35.53 44.80  nan
2017 9 13  nan 60.25 31.41 46.86  nan
2017 9 14  nan 57.16 35.53 45.83  nan
2017 9 15  nan 58.19 27.29 42.74  nan
2017 9 16  nan 58.19 24.20 39.65  nan
2017 9 17  nan 62.31 28.32 41.71  nan
2017 9 18  nan 61.28 28.32 42.74  nan
2017 9 19  nan 56.13 27.29 41.71  nan
2017 9 20  nan 46.86 39.65 43.77  nan
2017 9 21  nan 49.95 38.62 42.74  nan
2017 9 22  nan 45.83 39.65 41.71  nan
2017 9 23  nan 54.07 38.62 44.80  nan
2017 9 24  nan 49.95 40.68 43.77  nan
2017 9 25  nan 46.86 39.65 42.74  nan
2017 9 26  nan 43.77 31.41 39.65  nan
2017 9 27  nan 43.77 27.29 36.56  nan
2017 9 28  nan 56.13 38.62 45.83  nan
2017 9 29  nan 42.74 29.35 37.59  nan
2017 9 30  nan 38.62 28.32 32.44  nan
2017 10 1 0.00 46.86 29.35 35.53 0.00
2017 10 2 0.00 45.83 31.41 39.65 0.00
2017 10 3 0.00 48.92 32.44 39.65 0.00
2017 10 4 0.10 50.98 34.50 41.71 0.00
2017 10 5 0.00 49.95 33.47 41.71 0.00
2017 10 6 0.00 44.80 30.38 38.62 0.00
2017 10 7 0.10 44.80 26.26 37.59 0.00
2017 10 8 0.10 41.71 26.26 35.53 0.00
2017 10 9 0.20 36.56 28.32 33.47 0.00
2017 10 10 0.00 34.50 27.29 31.41 0.00
2017 10 11 0.10 36.56 24.20 30.38 0.00
2017 10 12 0.00 33.47 27.29 30.38 0.00
2017 10 13 0.00 33.47 29.35 31.41 0.00
2017 10 14 0.00 37.59 27.29 30.38 0.00
2017 10 15 0.00 33.47 25.23 29.35 0.00
2017 10 16 0.00 30.38 22.14 25.23 0.00
2017 10 17 0.00 29.35 20.08 24.20 0.00
2017 10 18 0.10 29.35 24.20 26.26 0.00
2017 10 19 0.10 24.20 14.93 18.02 0.00
2017 10 20 0.00 18.02 -10.82 6.69 0.10
2017 10 21 0.00 16.99 -11.85 4.63 0.10
2017 10 22 0.00 27.29 4.63 15.96 0.10
2017 10 23 0.00 21.11 4.63 10.81 0.10
2017 10 24 0.00 27.29 12.87 20.08 0.10
2017 10 25 0.00 33.47 22.14 29.35 0.10
2017 10 26 0.00 38.62 28.32 33.47 0.10
2017 10 27 0.00 38.62 30.38 34.50 0.10
2017 10 28 0.00 33.47 20.08 27.29 0.10
2017 10 29 0.00 34.50 24.20 29.35 0.10
2017 10 30 0.20 33.47 26.26 31.41 0.10
2017 10 31 0.00 31.41 26.26 29.35 0.30
2017 11 1 0.00 26.26 8.75 22.14 0.30
2017 11 2 0.00 21.11 7.72 18.02 0.30
2017 11 3 0.10 24.20 13.90 20.08 0.30
2017 11 4 0.00 15.96 9.78 12.87 0.30
2017 11 5 0.00 21.11 13.90 19.05 0.30
2017 11 6 0.10 21.11 -4.64 11.84 0.30
2017 11 7 0.00 11.84 -8.76 5.66 0.40
2017 11 8 0.00 11.84 -0.52 5.66 0.40
2017 11 9 0.00 8.75 -4.64 3.60 0.40
2017 11 10 0.00 8.75 -2.58 4.63 0.40
2017 11 11 0.00 11.84 -9.79 4.63 0.40
2017 11 12 0.00 8.75 -9.79 6.69 0.40
2017 11 13 0.10 8.75 0.51 4.63 0.40
2017 11 14 0.00 7.72 -23.18 -3.61 0.50
2017 11 15 0.00 1.54 -29.36 -12.88 0.50
2017 11 16 0.10 5.66 1.54 4.63 0.50
2017 11 17 0.00 4.63 -4.64 1.54 0.60
2017 11 18 0.00 0.51 -34.51 -10.82 0.60
2017 11 19 0.00 -9.79 -35.54 -18.03 0.60
2017 11 20 0.00 -24.21 -43.78 -37.60 0.60
2017 11 21 0.00 -9.79 -27.30 -17.00 0.60
2017 11 22 0.00 -6.70 -28.33 -12.88 0.60
2017 11 23 0.00 -13.91 -32.45 -26.27 0.60
2017 11 24 0.00 -18.03 -30.39 -22.15 0.60
2017 11 25 0.00 -15.97 -25.24 -19.06 0.60
2017 11 26 0.00 -4.64 -28.33 -13.91 0.60
2017 11 27 0.00 -2.58 -30.39 -14.94 0.60
2017 11 28 0.00 1.54 -13.91 -4.64 0.60
2017 11 29 0.00 16.99 -1.55 9.78 0.60
2017 11 30 0.00 16.99 -12.88 0.51 0.60
2017 12 1 0.10 6.69 -2.58 4.63 0.60
2017 12 2 0.00 12.87 -9.79 5.66 0.70
2017 12 3 0.00 21.11 8.75 13.90 0.70
2017 12 4 0.00 29.35 16.99 23.17 0.70
2017 12 5 0.00 31.41 16.99 24.20 0.70
2017 12 6 0.00 35.53 20.08 27.29 0.70
2017 12 7 0.10 27.29 19.05 22.14 0.70
2017 12 8 0.00 31.41 20.08 28.32 0.80
2017 12 9 0.00 20.08 7.72 13.90 0.80
2017 12 10 0.00 20.08 10.81 15.96 0.80
2017 12 11 0.00 34.50 16.99 27.29 0.80
2017 12 12 0.00 25.23 12.87 20.08 0.80
2017 12 13 0.00 31.41 16.99 24.20 0.80
2017 12 14 0.20 28.32 23.17 25.23 0.80
2017 12 15 0.00 25.23 9.78 18.02 1.00
2017 12 16 0.00 27.29 2.57 21.11 1.00
2017 12 17 0.10 14.93 -3.61 5.66 1.00
2017 12 18 0.00 14.93 -9.79 7.72 1.10
2017 12 19 0.00 18.02 -9.79 12.87 1.10
2017 12 20 0.00 16.99 -9.79 7.72 1.10
2017 12 21 0.00 -7.73 -17.00 -10.82 1.10
2017 12 22 0.00 7.72 -15.97 0.51 1.10
2017 12 23 0.00 4.63 -3.61 -0.52 1.10
2017 12 24 0.00 0.51 -3.61 -1.55 1.10
2017 12 25 0.00 0.51 -27.30 -10.82 1.10
2017 12 26 0.00 -27.30 -37.60 -33.48 1.10
2017 12 27 0.00 -25.24 -36.57 -31.42 1.10
2017 12 28 0.00 -5.67 -30.39 -14.94 1.10
2017 12 29 0.00 -5.67 -13.91 -8.76 1.10
2017 12 30 0.00 -9.79 -14.94 -11.85 1.10
2017 12 31 0.00 -0.52 -10.82 -5.67 1.10
2018 1 1 0.00 10.81 -2.58 1.54 1.10
2018 1 2 0.00 25.23 9.78 16.99 1.10
2018 1 3 0.00 14.93 -3.61 6.69 1.10
2018 1 4 0.10 19.05 10.81 15.96 1.10
2018 1 5 0.00 16.99 3.60 13.90 1.20
2018 1 6 0.00 5.66 -17.00 -3.61 1.20
2018 1 7 0.00 6.69 -35.54 -14.94 1.20
2018 1 8 0.00 -34.51  nan -40.69 1.20
2018 1 9 0.00 -37.60  nan  nan 1.20
2018 1 10 0.00 -14.94 -38.63 -23.18 1.20
2018 1 11 0.00 -10.82 -20.09 -14.94 1.20
2018 1 12 0.00 -9.79 -12.88 -10.82 1.20
2018 1 13 0.00 13.90 -10.82 -1.55 1.20
2018 1 14 0.00 32.44 13.90 27.29 1.20
2018 1 15 0.00 37.59 22.14 30.38 1.20
2018 1 16 0.00 36.56 18.02 24.20 1.20
2018 1 17 0.00 36.56 6.69 22.14 1.20
2018 1 18 0.00 6.69 -9.79 -2.58 1.20
2018 1 19 0.00 13.90 6.69 11.84 1.20
2018 1 20 0.20 12.87 4.63 9.78 1.20
2018 1 21 0.00 4.63 -3.61 -1.55 1.40
2018 1 22 0.00 -3.61 -12.88 -8.76 1.40
2018 1 23 0.00 -5.67 -12.88 -8.76 1.40
2018 1 24 0.00 -6.70 -11.85 -8.76 1.40
2018 1 25 0.00 -8.76 -21.12 -10.82 1.40
2018 1 26 0.00 -2.58 -26.27 -11.85 1.40
2018 1 27 0.00 0.51 -3.61 -2.58 1.40
2018 1 28 0.00 -0.52 -19.06 -4.64 1.40
2018 1 29 0.00 -19.06 -40.69 -32.45 1.40
2018 1 30 0.00 -25.24 -40.69 -33.48 1.40
2018 1 31 0.00 -32.45  nan -40.69 1.40
2018 2 1 0.00 -28.33  nan -42.75 1.40
2018 2 2 0.00 -22.15 -43.78 -34.51 1.40
2018 2 3 0.00 -17.00 -43.78 -26.27 1.40
2018 2 4 0.00 -18.03 -30.39 -25.24 1.40
2018 2 5 0.00 -18.03 -36.57 -29.36 1.40
2018 2 6 0.00 -22.15  nan -36.57 1.40
2018 2 7 0.00 -30.39  nan -42.75 1.40
2018 2 8 0.00 -8.76 -43.78 -22.15 1.40
2018 2 9 0.00 -4.64 -17.00 -9.79 1.40
2018 2 10 0.00 -4.64 -23.18 -11.85 1.40
2018 2 11 0.00 4.63 -7.73 -0.52 1.40
2018 2 12 0.00 13.90 3.60 9.78 1.40
2018 2 13 0.70 18.02 8.75 12.87 1.40
2018 2 14 0.00 21.11 11.84 16.99 2.10
2018 2 15 0.10 21.11 7.72 16.99 2.10
2018 2 16 0.00 14.93 4.63 9.78 2.20
2018 2 17 0.00 6.69 -0.52 3.60 2.20
2018 2 18 0.00 13.90 -1.55 8.75 2.20
2018 2 19 0.00 18.02 -4.64 7.72 2.20
2018 2 20 0.00 21.11 -3.61 12.87 2.20
2018 2 21 0.00 20.08 -9.79 5.66 2.20
2018 2 22 0.10 22.14 8.75 20.08 2.20
2018 2 23 0.10 24.20 -10.82 12.87 2.30
2018 2 24 0.00 7.72 -22.15 -9.79 2.40
2018 2 25 0.00 9.78 -23.18 -7.73 2.40
2018 2 26 0.00 14.93 -1.55 9.78 2.40
2018 2 27 0.00 13.90 -7.73 4.63 2.40
2018 2 28 0.00 9.78 -19.06 -3.61 2.40
2018 3 1 0.00 1.54 -35.54 -15.97 2.40
2018 3 2 0.00 9.78 -5.67 2.57 2.40
2018 3 3 0.10 14.93 1.54 8.75 2.40
2018 3 4 0.00 18.02 -14.94 4.63 2.50
2018 3 5 0.00 19.05 -21.12 2.57 2.50
2018 3 6 0.00 20.08 4.63 13.90 2.50
2018 3 7 0.00 22.14 0.51 12.87 2.50
2018 3 8 0.00 23.17 -10.82 8.75 2.50
2018 3 9 0.00 30.38 11.84 20.08 2.50
2018 3 10 0.00 32.44 3.60 16.99 2.50
2018 3 11 0.00 25.23 -4.64 11.84 2.50
2018 3 12 0.00 40.68 15.96 26.26 2.50
2018 3 13 0.00 34.50 16.99 24.20 2.50
2018 3 14 0.30 36.56 25.23 29.35 2.50
2018 3 15 0.10 33.47 9.78 27.29 2.80
2018 3 16 0.00 35.53 9.78 23.17 2.90
2018 3 17 0.00 34.50 16.99 25.23 2.90
2018 3 18 0.10 33.47 10.81 23.17 2.90
2018 3 19 0.00 34.50 6.69 22.14 2.90
2018 3 20 0.00 28.32 11.84 22.14 2.90
2018 3 21 0.00 24.20 1.54 13.90 2.90
2018 3 22 0.00 23.17 -7.73 8.75 2.90
2018 3 23 0.00 27.29 -17.00 3.60 2.90
2018 3 24 0.00 21.11 -20.09 -0.52 2.90
2018 3 25 0.00 19.05 -24.21 -4.64 2.90
2018 3 26 0.00 24.20 -29.36 -3.61 2.90
2018 3 27 0.00 30.38 -26.27 2.57 2.90
2018 3 28 0.00 30.38 -18.03 8.75 2.90
2018 3 29 0.00 37.59 14.93 25.23 2.90
2018 3 30 0.00 34.50 13.90 23.17 2.90
2018 3 31 0.00 33.47 19.05 25.23 2.90
2018 4 1 0.10 32.44 16.99 24.20 2.90
2018 4 2 0.00 26.26 -2.58 16.99 3.00
2018 4 3 0.00 18.02 -17.00 1.54 3.00
2018 4 4 0.00 18.02 -23.18 -1.55 3.00
2018 4 5 0.00 34.50 -19.06 9.78 3.00
2018 4 6 0.00 37.59 -4.64 20.08 3.00
2018 4 7 0.00 40.68 1.54 22.14 3.00
2018 4 8 0.00 36.56 0.51 19.05 3.00
2018 4 9 0.00 35.53 -1.55 18.02 3.00
2018 4 10 0.00 39.65 1.54 23.17 3.00
2018 4 11 0.00 47.89 19.05 33.47 3.00
2018 4 12 0.00 52.01 30.38 38.62 3.00
2018 4 13 0.00 36.56 24.20 32.44 3.00
2018 4 14 0.10 31.41 8.75 24.20 3.00
2018 4 15 0.00 31.41 -2.58 14.93 3.00
2018 4 16 0.00 38.62 -7.73 18.02 2.80
2018 4 17 0.00 41.71 -2.58 22.14 2.80
2018 4 18 0.00 38.62 2.57 22.14 2.70
2018 4 19 0.00 34.50 0.51 19.05 2.70
2018 4 20 0.00 23.17 5.66 15.96 2.70
2018 4 21 0.10 36.56 4.63 21.11 2.70
2018 4 22 0.00 50.98 6.69 29.35 2.80
2018 4 23 0.00 49.95 22.14 36.56 2.80
2018 4 24 0.00 50.98 28.32 40.68 2.80
2018 4 25 0.00 54.07 30.38 43.77 2.80
2018 4 26 0.00 49.95 23.17 36.56 2.80
2018 4 27 0.00 46.86 21.11 33.47 2.80
2018 4 28 0.00 49.95 16.99 34.50 2.80
2018 4 29 0.00 52.01 22.14 37.59 2.80
2018 4 30 0.00 57.16 29.35 40.68 2.80
2018 5 1 0.00 48.92 30.38 36.56 2.40
2018 5 2 0.10 41.71 23.17 33.47 2.20
2018 5 3 0.00 47.89 21.11 35.53 2.30
2018 5 4 0.00 54.07 22.14 40.68 2.10
2018 5 5 0.00 56.13 30.38 45.83 1.90
2018 5 6 0.00 56.13 25.23 41.71 1.30
2018 5 7 0.00 49.95 29.35 38.62 0.90
2018 5 8 0.00 62.31 24.20 44.80 0.50
2018 5 9 0.00 69.52 26.26 48.92 0.20
2018 5 10 0.00 76.73 29.35 54.07 0.00
2018 5 11 0.00 66.43 37.59 52.01 0.00
2018 5 12 0.00 57.16 32.44 45.83 0.00
2018 5 13 0.00 59.22 24.20 44.80 0.00
2018 5 14 0.30 48.92 31.41 41.71 0.00
2018 5 15 0.00 58.19 27.29 42.74 0.00
2018 5 16 0.00 59.22 26.26 44.80 0.00
2018 5 17 0.00 60.25 31.41 47.89 0.00
2018 5 18 0.00 62.31 29.35 48.92 0.00
2018 5 19 0.00 70.55 34.50 50.98 0.00
2018 5 20 0.00 70.55 40.68 55.10 0.00
2018 5 21 0.10 64.37 42.74 53.04 0.00
2018 5 22 0.90 59.22 43.77 47.89 0.00
2018 5 23 0.30 57.16 39.65 46.86 0.00
2018 5 24 0.40 58.19 33.47 44.80 0.00
2018 5 25 0.10 55.10 35.53 45.83 0.00
2018 5 26 0.00 60.25 30.38 45.83 0.00
2018 5 27 0.00 58.19 29.35 45.83 0.00
2018 5 28 0.00 61.28 27.29 45.83 0.00
2018 5 29 0.00 61.28 27.29 46.86 0.00
2018 5 30 0.00 66.43 29.35 49.95 0.00
2018 5 31 0.00 66.43 34.50 50.98 0.00
2018 6 1 0.00 68.49 33.47 52.01 0.00
2018 6 2 0.00 69.52 36.56 55.10 0.00
2018 6 3 0.00 69.52 34.50 54.07 0.00
2018 6 4 0.00 69.52 38.62 56.13 0.00
2018 6 5 0.10 68.49 36.56 53.04 0.00
2018 6 6 0.00 67.46 38.62 55.10 0.00
2018 6 7 0.00 67.46 37.59 52.01 0.00
2018 6 8 0.00 67.46 40.68 53.04 0.00
2018 6 9 0.40 67.46 32.44 48.92 0.00
2018 6 10 0.30 52.01 37.59 45.83 0.00
2018 6 11 0.20 49.95 31.41 42.74 0.00
2018 6 12 0.00 56.13 28.32 43.77 0.00
2018 6 13 0.00 63.34 29.35 48.92 0.00
2018 6 14 0.00 70.55 28.32 50.98 0.00
2018 6 15 0.00 70.55 43.77 56.13 0.00
2018 6 16 0.00 73.64 47.89 60.25 0.00
2018 6 17 0.00 73.64 42.74 61.28 0.00
2018 6 18 0.00 71.58 47.89 61.28 0.00
2018 6 19 0.00 71.58 47.89 60.25 0.00
2018 6 20 0.00 81.88 37.59 63.34 0.00
2018 6 21 0.20 88.06 49.95 65.40 0.00
2018 6 22 0.30 64.37 47.89 56.13 0.00
2018 6 23 0.00 68.49 42.74 57.16 0.00
2018 6 24 0.00 72.61 44.80 61.28 0.00
2018 6 25 0.00 66.43 45.83 57.16 0.00
2018 6 26 0.00 67.46 39.65 55.10 0.00
2018 6 27 0.00 65.40 46.86 55.10 0.00
2018 6 28 0.00 69.52 43.77 56.13 0.00
2018 6 29 0.00 69.52 46.86 58.19 0.00
2018 6 30 0.10 67.46 49.95 58.19 0.00
2018 7 1 0.00 75.70 47.89 61.28 0.00
2018 7 2 0.30 70.55 48.92 58.19 0.00
2018 7 3 0.00 76.73 42.74 61.28 0.00
2018 7 4 0.00 79.82 40.68 62.31 0.00
2018 7 5 0.00 68.49 47.89 56.13 0.00
2018 7 6 0.00 68.49 48.92 59.22 0.00
2018 7 7 0.00 76.73 47.89 62.31 0.00
2018 7 8 0.00 77.76 53.04 66.43 0.00
2018 7 9 0.00 76.73 52.01 63.34 0.00
2018 7 10 0.00 67.46 45.83 57.16 0.00
2018 7 11 0.20 68.49 42.74 53.04 0.00
2018 7 12 1.10 56.13 45.83 49.95 0.00
2018 7 13 0.00 75.70 38.62 57.16 0.00
2018 7 14 0.30 73.64 38.62 57.16 0.00
2018 7 15 0.40 66.43 44.80 54.07 0.00
2018 7 16 0.40 67.46 45.83 55.10 0.00
2018 7 17 0.20 64.37 41.71 52.01 0.00
2018 7 18 0.00 68.49 31.41 53.04 0.00
2018 7 19 0.00 74.67 45.83 59.22 0.00
2018 7 20 0.00 70.55 48.92 60.25 0.00
2018 7 21 0.00 77.76 45.83 62.31 0.00
2018 7 22 0.00 86.00 42.74 64.37 0.00
2018 7 23 0.00 90.12 45.83 68.49 0.00
2018 7 24 0.00 84.97 47.89 66.43 0.00
2018 7 25 0.00 86.00 43.77 65.40 0.00
2018 7 26 0.00 79.82 48.92 66.43 0.00
2018 7 27 0.30 71.58 48.92 59.22 0.00
2018 7 28 0.10 69.52 42.74 56.13 0.00
2018 7 29 0.00 79.82 39.65 61.28 0.00
2018 7 30 0.00 83.94 41.71 64.37 0.00
2018 7 31 0.00 80.85 53.04 67.46 0.00
2018 8 1 0.00 77.76 42.74 60.25 0.00
2018 8 2 0.00 64.37 53.04 58.19 0.00
2018 8 3 0.00 68.49 49.95 59.22 0.00
2018 8 4 0.60 62.31 50.98 56.13 0.00
2018 8 5 0.40 60.25 50.98 55.10 0.00
2018 8 6 0.20 63.34 49.95 56.13 0.00
2018 8 7 0.10 61.28 45.83 53.04 0.00
2018 8 8 0.00 56.13 43.77 49.95 0.00
2018 8 9 0.00 57.16 36.56 47.89 0.00
2018 8 10 0.00 57.16 35.53 45.83 0.00
2018 8 11 0.00 67.46 30.38 50.98 0.00
2018 8 12 0.00 64.37 43.77 55.10 0.00
2018 8 13 0.10 71.58 48.92 57.16 0.00
2018 8 14 0.30 52.01 43.77 47.89 0.00
2018 8 15 0.00 63.34 37.59 48.92 0.00
2018 8 16 0.00 63.34 30.38 47.89 0.00
2018 8 17 0.10 57.16 41.71 48.92 0.00
2018 8 18 0.00 66.43 40.68 53.04 0.00
2018 8 19 0.00 70.55 29.35 50.98 0.00
2018 8 20 0.00 70.55 45.83 59.22 0.00
2018 8 21 1.40 59.22 43.77 54.07 0.00
2018 8 22 0.20 44.80 36.56 41.71 0.00
2018 8 23 0.00 56.13 32.44 43.77 0.00
2018 8 24 0.50 53.04 42.74 47.89 0.00
2018 8 25 0.20 56.13 33.47 46.86 0.00
2018 8 26 0.10 60.25 29.35 45.83 0.00
2018 8 27 0.20 57.16 42.74 49.95 0.00
2018 8 28 0.30 55.10 40.68 46.86 0.00
2018 8 29 0.30 52.01 31.41 43.77 0.00
2018 8 30 0.10 47.89 30.38 41.71 0.00
2018 8 31 0.10 48.92 27.29 39.65 0.00
2018 9 1 0.00 47.89 23.17 37.59 0.00
2018 9 2 0.10 53.04 34.50 43.77 0.00
2018 9 3 0.00 56.13 31.41 43.77 0.00
2018 9 4 0.00 52.01 37.59 44.80 0.00
2018 9 5 0.00 54.07 39.65 46.86 0.00
2018 9 6 0.10 52.01 39.65 43.77 0.00
2018 9 7 0.10 52.01 28.32 42.74 0.00
2018 9 8 0.00 52.01 26.26 36.56 0.00
2018 9 9 0.00 52.01 22.14 35.53 0.00
2018 9 10 0.00 53.04 24.20 37.59 0.00
2018 9 11 0.00 48.92 33.47 40.68 0.00
2018 9 12 0.20 48.92 38.62 43.77 0.00
2018 9 13 0.30 53.04 29.35 44.80 0.00
2018 9 14 0.00 50.98 23.17 34.50 0.00
2018 9 15 0.00 53.04 21.11 34.50 0.00
2018 9 16 0.00 52.01 26.26 37.59 0.00
2018 9 17 0.00 54.07 20.08 33.47 0.00
2018 9 18 0.00 55.10 20.08 36.56 0.00
2018 9 19 0.00 53.04 33.47 42.74 0.00
2018 9 20 0.00 56.13 31.41 41.71 0.00
2018 9 21 0.00 54.07 29.35 40.68 0.00
2018 9 22 0.10 46.86 33.47 39.65 0.00
2018 9 23 0.00 47.89 30.38 39.65 0.00
2018 9 24 0.00 47.89 28.32 39.65 0.00
2018 9 25 0.10 48.92 30.38 42.74 0.00
2018 9 26 0.00 46.86 26.26 36.56 0.00
2018 9 27 0.00 45.83 33.47 38.62 0.00
2018 9 28 0.10 43.77 24.20 33.47 0.00
2018 9 29 0.00 45.83 16.99 28.32 0.00
2018 9 30 0.00 47.89 15.96 28.32 0.00
