2014 10 9 0.00 66.43  nan  nan 0.00
2014 10 10 0.00 62.31  nan  nan 0.00
2014 10 11 0.00  nan  nan  nan 0.00
2014 10 12 0.00 49.95  nan  nan 0.00
2014 10 13 0.00 64.37  nan  nan 0.00
2014 10 14 0.00 65.40  nan  nan 0.00
2014 10 15 0.10 60.25  nan  nan 0.00
2014 10 16 0.00 58.19  nan  nan 0.00
2014 10 17 0.00 62.31  nan  nan 0.00
2014 10 18 0.00 64.37  nan  nan 0.00
2014 10 19 0.00 66.43  nan  nan 0.00
2014 10 20 0.00 66.43  nan  nan 0.00
2014 10 21 0.40 46.86  nan  nan 0.00
2014 10 22 0.10 55.10  nan  nan 0.00
2014 10 23 0.00 57.16  nan  nan 0.00
2014 10 24 0.00 66.43  nan  nan 0.00
2014 10 25 0.00 63.34  nan  nan 0.00
2014 10 26 0.10 41.71  nan  nan 0.00
2014 10 27 0.10 42.74  nan  nan 0.00
2014 10 28 0.00 54.07  nan  nan 0.00
2014 10 29 0.00 59.22  nan  nan 0.00
2014 10 30 0.00 61.28  nan  nan 0.00
2014 10 31 0.00 58.19  nan  nan 0.00
2014 11 1 0.40 52.01  nan  nan 0.00
2014 11 2 0.30 30.38  nan  nan 0.40
2014 11 3 0.10 38.62  nan  nan 0.30
2014 11 4 0.00 42.74  nan  nan 0.00
2014 11 5 0.00 53.04  nan  nan 0.00
2014 11 6 0.00 57.16  nan  nan 0.00
2014 11 7 0.00 55.10  nan  nan 0.00
2014 11 8 0.00 59.22  nan  nan 0.00
2014 11 9 0.00 61.28  nan  nan 0.00
2014 11 10 0.00 40.68  nan  nan 0.00
2014 11 11 0.00 39.65  nan  nan 0.00
2014 11 12 0.00 32.44  nan  nan 0.00
2014 11 13 0.30 36.56  nan  nan 0.00
2014 11 14 0.70 37.59  nan  nan 0.20
2014 11 15 0.00 27.29  nan  nan 0.90
2014 11 16 0.00 33.47  nan  nan 0.80
2014 11 17 0.10 40.68  nan  nan 0.80
2014 11 18 0.00 40.68  nan  nan 0.90
2014 11 19 0.00 44.80  nan  nan 0.90
2014 11 20 0.10 43.77  nan  nan 0.90
2014 11 21 0.00 47.89  nan  nan 1.00
2014 11 22 0.90 42.74  nan  nan 1.00
2014 11 23 0.00 33.47  nan  nan 1.10
2014 11 24 0.10 36.56  nan  nan 1.10
2014 11 25 0.00 42.74  nan  nan 1.10
2014 11 26 0.00 53.04  nan  nan 0.90
2014 11 27 0.00 53.04  nan  nan 0.60
2014 11 28 0.00 55.10  nan  nan 0.00
2014 11 29 0.30 43.77  nan  nan 0.00
2014 11 30 0.20 31.41  nan  nan 0.00
2014 12 1 0.00 40.68  nan  nan 0.30
2014 12 2 0.00 41.71  nan  nan 0.30
2014 12 3 0.20 45.83  nan  nan 0.30
2014 12 4 0.40 43.77  nan  nan 0.40
2014 12 5 0.00 41.71  nan  nan 0.40
2014 12 6 0.00 45.83  nan  nan 0.40
2014 12 7 0.00 45.83  nan  nan 0.10
2014 12 8 0.00 43.77  nan  nan 0.00
2014 12 9 0.00 44.80  nan  nan 0.00
2014 12 10 0.00 47.89  nan  nan 0.00
2014 12 11 0.00 46.86  nan  nan 0.00
2014 12 12 0.20 42.74  nan  nan 0.00
2014 12 13 0.10 30.38  nan  nan 0.00
2014 12 14 0.00 32.44  nan  nan 0.00
2014 12 15 0.10 32.44  nan  nan 0.00
2014 12 16 0.10 30.38  nan  nan 0.20
2014 12 17 0.00 34.50  nan  nan 0.30
2014 12 18 0.00 34.50  nan  nan 0.30
2014 12 19 0.30 33.47  nan  nan 0.40
2014 12 20 0.80 36.56  nan  nan 0.80
2014 12 21 2.10 41.71  nan  nan 1.70
2014 12 22 1.10 38.62  nan  nan 0.60
2014 12 23 0.10 39.65  nan  nan 0.20
2014 12 24 0.30 44.80  nan  nan 0.10
2014 12 25 0.20 21.11  nan  nan 0.30
2014 12 26 0.10 23.17  nan  nan 0.30
2014 12 27 0.20 26.26  nan  nan 0.40
2014 12 28 0.30 28.32  nan  nan 0.40
2014 12 29 0.00 24.20  nan  nan 0.60
2014 12 30 0.00 15.96  nan  nan 0.60
2014 12 31 0.00 31.41  nan  nan 0.60
2015 1 1 0.00 34.50  nan  nan 0.60
2015 1 2 0.10 32.44  nan  nan 0.60
2015 1 3 0.10 33.47  nan  nan 0.70
2015 1 4 0.00 38.62  nan  nan 0.80
2015 1 5 0.00 43.77  nan  nan 0.80
2015 1 6 0.00 50.98  nan  nan 0.80
2015 1 7 0.00 49.95  nan  nan 0.80
2015 1 8 0.00 54.07  nan  nan 0.80
2015 1 9 0.00 47.89  nan  nan 0.80
2015 1 10 0.00 40.68  nan  nan 0.80
2015 1 11 0.00 40.68  nan  nan 0.80
2015 1 12 0.40 33.47  nan  nan 0.80
2015 1 13 0.00 33.47  nan  nan 1.10
2015 1 14 0.00 40.68  nan  nan 1.10
2015 1 15 0.00 39.65  nan  nan 1.10
2015 1 16 0.20 41.71  nan  nan 1.10
2015 1 17 0.00 42.74  nan  nan 1.30
2015 1 18 0.00 47.89  nan  nan 1.30
2015 1 19 0.00 40.68  nan  nan 1.00
2015 1 20 0.00 33.47  nan  nan 0.90
2015 1 21 0.00 39.65  nan  nan 0.70
2015 1 22 0.00 38.62  nan  nan 0.60
2015 1 23 0.00 40.68  nan  nan 0.60
2015 1 24 0.10 47.89  nan  nan 0.60
2015 1 25 0.00 53.04  nan  nan 0.50
2015 1 26 0.00 56.13  nan  nan 0.30
2015 1 27 0.20 40.68  nan  nan 0.00
2015 1 28 0.00 42.74  nan  nan 0.00
2015 1 29 0.00 39.65  nan  nan 0.00
2015 1 30 0.00 36.56  nan  nan 0.00
2015 1 31 0.00 42.74  nan  nan 0.00
2015 2 1 0.40 44.80  nan  nan 0.00
2015 2 2 0.00 42.74  nan  nan 0.00
2015 2 3 0.00 43.77  nan  nan 0.00
2015 2 4 0.00 45.83  nan  nan 0.00
2015 2 5 0.00 53.04  nan  nan 0.00
2015 2 6 0.00 57.16  nan  nan 0.00
2015 2 7 0.00 49.95  nan  nan 0.00
2015 2 8 0.00 52.01  nan  nan 0.00
2015 2 9 0.40 49.95  nan  nan 0.00
2015 2 10 0.00 41.71  nan  nan 0.00
2015 2 11 0.00 46.86  nan  nan 0.00
2015 2 12 0.00 55.10  nan  nan 0.00
2015 2 13 0.00 58.19  nan  nan 0.00
2015 2 14 0.00 56.13  nan  nan 0.00
2015 2 15 0.00 45.83  nan  nan 0.00
2015 2 16 0.00 41.71  nan  nan 0.00
2015 2 17 0.00 46.86  nan  nan 0.00
2015 2 18 0.00 55.10  nan  nan 0.00
2015 2 19 0.00 54.07  nan  nan 0.00
2015 2 20 0.00 39.65  nan  nan 0.00
2015 2 21 0.00 35.53  nan  nan 0.00
2015 2 22 0.00 24.20  nan  nan 0.00
2015 2 23 0.00 33.47  nan  nan 0.00
2015 2 24 0.20 44.80  nan  nan 0.00
2015 2 25 0.00 42.74  nan  nan 0.20
2015 2 26 0.20 33.47  nan  nan 0.20
2015 2 27 0.20 38.62  nan  nan 0.40
2015 2 28 0.10 34.50  nan  nan 0.60
2015 3 1 0.00 37.59  nan  nan 0.80
2015 3 2 0.20 39.65  nan  nan 0.80
2015 3 3 0.10 29.35  nan  nan 1.00
2015 3 4 0.00 35.53  nan  nan 1.10
2015 3 5 0.00 45.83  nan  nan 1.10
2015 3 6 0.00 49.95  nan  nan 1.10
2015 3 7 0.00 54.07  nan  nan 0.90
2015 3 8 0.00 52.01  nan  nan 0.30
2015 3 9 0.00 53.04  nan  nan 0.10
2015 3 10 0.10 52.01  nan  nan 0.00
2015 3 11 0.00 47.89  nan  nan 0.00
2015 3 12 0.00 49.95  nan  nan 0.00
2015 3 13 0.00 55.10  nan  nan 0.00
2015 3 14 0.00 58.19  nan  nan 0.00
2015 3 15 0.00 58.19  nan  nan 0.00
2015 3 16 0.00 57.16  nan  nan 0.00
2015 3 17 0.00 53.04  nan  nan 0.00
2015 3 18 0.00 49.95  nan  nan 0.00
2015 3 19 0.10 55.10  nan  nan 0.00
2015 3 20 0.00 58.19  nan  nan 0.00
2015 3 21 0.00 54.07  nan  nan 0.00
2015 3 22 0.00 53.04  nan  nan 0.00
2015 3 23 0.50 40.68  nan  nan 0.00
2015 3 24 0.50 38.62  nan  nan 0.60
2015 3 25 0.00 44.80  nan  nan 1.10
2015 3 26 0.00 53.04  nan  nan 0.50
2015 3 27 0.00 59.22  nan  nan 0.00
2015 3 28 0.00 52.01  nan  nan 0.00
2015 3 29 0.00 57.16  nan  nan 0.00
2015 3 30 0.00 59.22  nan  nan 0.00
2015 3 31 0.00 59.22  nan  nan 0.00
2015 4 1 0.00 41.71  nan  nan 0.00
2015 4 2 0.00 37.59  nan  nan 0.00
2015 4 3 0.00 46.86  nan  nan 0.00
2015 4 4 0.00 52.01  nan  nan 0.00
2015 4 5 0.00 44.80  nan  nan 0.00
2015 4 6 0.10 42.74  nan  nan 0.00
2015 4 7 0.40 44.80  nan  nan 0.00
2015 4 8 0.40 33.47  nan  nan 0.00
2015 4 9 0.00 45.83  nan  nan 0.00
2015 4 10 0.00 52.01  nan  nan 0.00
2015 4 11 0.10 49.95  nan  nan 0.00
2015 4 12 0.00 48.92  nan  nan 0.00
2015 4 13 0.00 58.19  nan  nan 0.00
2015 4 14 0.20 50.98  nan  nan 0.00
2015 4 15 0.00 36.56  nan  nan 0.00
2015 4 16 0.00 47.89  nan  nan 0.00
2015 4 17 0.10 54.07  nan  nan 0.00
2015 4 18 0.00 54.07  nan  nan 0.00
2015 4 19 0.00 57.16  nan  nan 0.00
2015 4 20 0.00 55.10  nan  nan 0.00
2015 4 21 0.00 60.25  nan  nan 0.00
2015 4 22 0.00 58.19  nan  nan 0.00
2015 4 23 0.20 54.07  nan  nan 0.00
2015 4 24 0.10 41.71  nan  nan 0.00
2015 4 25 0.40 36.56  nan  nan 0.00
2015 4 26 0.00 41.71  nan  nan 0.00
2015 4 27 0.00 52.01  nan  nan 0.00
2015 4 28 0.00 58.19  nan  nan 0.00
2015 4 29 0.00 63.34  nan  nan 0.00
2015 4 30 0.00 54.07  nan  nan 0.00
2015 5 1 0.00 61.28  nan  nan 0.00
2015 5 2 0.00 63.34  nan  nan 0.00
2015 5 3 0.00 61.28  nan  nan 0.00
2015 5 4 0.00 62.31  nan  nan 0.00
2015 5 5 0.10 61.28  nan  nan 0.00
2015 5 6 0.00 50.98  nan  nan 0.00
2015 5 7 0.30 42.74  nan  nan 0.00
2015 5 8 0.10 49.95  nan  nan 0.00
2015 5 9 0.00 54.07  nan  nan 0.00
2015 5 10 0.00 55.10  nan  nan 0.00
2015 5 11 0.00 57.16  nan  nan 0.00
2015 5 12 0.00 57.16  nan  nan 0.00
2015 5 13 0.00 56.13  nan  nan 0.00
2015 5 14 0.00 55.10  nan  nan 0.00
2015 5 15 0.40 50.98  nan  nan 0.00
2015 5 16 0.40 43.77  nan  nan 0.00
2015 5 17 0.00 55.10  nan  nan 0.00
2015 5 18 0.10 48.92  nan  nan 0.00
2015 5 19 0.50 48.92  nan  nan 0.00
2015 5 20 0.00 55.10  nan  nan 0.00
2015 5 21 0.10 55.10  nan  nan 0.00
2015 5 22 0.10 53.04  nan  nan 0.00
2015 5 23 0.40 54.07  nan  nan 0.00
2015 5 24 0.30 55.10  nan  nan 0.00
2015 5 25 0.20 58.19  nan  nan 0.00
2015 5 26 0.40 54.07  nan  nan 0.00
2015 5 27 0.00 55.10  nan  nan 0.00
2015 5 28 0.00 58.19  nan  nan 0.00
2015 5 29 0.00 67.46  nan  nan 0.00
2015 5 30 0.00 64.37  nan  nan 0.00
2015 5 31 0.00 73.64  nan  nan 0.00
2015 6 1 0.00 63.34  nan  nan 0.00
2015 6 2 0.00 60.25  nan  nan 0.00
2015 6 3 0.00 59.22  nan  nan 0.00
2015 6 4 0.60 58.19  nan  nan 0.00
2015 6 5 0.20 61.28  nan  nan 0.00
2015 6 6 0.10 59.22  nan  nan 0.00
2015 6 7 0.00 60.25  nan  nan 0.00
2015 6 8 0.00 65.40  nan  nan 0.00
2015 6 9 0.00 77.76  nan  nan 0.00
2015 6 10 0.20 65.40  nan  nan 0.00
2015 6 11 0.00 64.37  nan  nan 0.00
2015 6 12 0.00 66.43  nan  nan 0.00
2015 6 13 0.00 65.40  nan  nan 0.00
2015 6 14 0.00 65.40  nan  nan 0.00
2015 6 15 0.00 68.49  nan  nan 0.00
2015 6 16 0.00 69.52  nan  nan 0.00
2015 6 17 0.00 71.58  nan  nan 0.00
2015 6 18 0.00 71.58  nan  nan 0.00
2015 6 19 0.00 65.40  nan  nan 0.00
2015 6 20 0.00 68.49  nan  nan 0.00
2015 6 21 0.00 68.49  nan  nan 0.00
2015 6 22 0.00 66.43  nan  nan 0.00
2015 6 23 0.00 70.55  nan  nan 0.00
2015 6 24 0.00 71.58  nan  nan 0.00
2015 6 25 0.00 72.61  nan  nan 0.00
2015 6 26 0.00 74.67  nan  nan 0.00
2015 6 27 0.00 87.03  nan  nan 0.00
2015 6 28 0.00 78.79  nan  nan 0.00
2015 6 29 0.00 77.76  nan  nan 0.00
2015 6 30 0.00 76.73  nan  nan 0.00
2015 7 1 0.00 73.64  nan  nan 0.00
2015 7 2 0.00 77.76  nan  nan 0.00
2015 7 3 0.00 75.70  nan  nan 0.00
2015 7 4 0.00 74.67  nan  nan 0.00
2015 7 5 0.00 68.49  nan  nan 0.00
2015 7 6 0.00 68.49  nan  nan 0.00
2015 7 7 0.80 71.58  nan  nan 0.00
2015 7 8 0.30 66.43  nan  nan 0.00
2015 7 9 0.00 65.40  nan  nan 0.00
2015 7 10 0.00 64.37  nan  nan 0.00
2015 7 11 0.00 66.43  nan  nan 0.00
2015 7 12 0.00 67.46  nan  nan 0.00
2015 7 13 0.00 63.34  nan  nan 0.00
2015 7 14 0.10 68.49  nan  nan 0.00
2015 7 15 0.00 69.52  nan  nan 0.00
2015 7 16 0.00 70.55  nan  nan 0.00
2015 7 17 0.00 64.37  nan  nan 0.00
2015 7 18 0.00 63.34  nan  nan 0.00
2015 7 19 0.00 70.55  nan  nan 0.00
2015 7 20 0.00 71.58  nan  nan 0.00
2015 7 21 0.00 71.58  nan  nan 0.00
2015 7 22 0.20 70.55  nan  nan 0.00
2015 7 23 0.10 66.43  nan  nan 0.00
2015 7 24 0.00 68.49  nan  nan 0.00
2015 7 25 0.00 67.46  nan  nan 0.00
2015 7 26 0.00 68.49  nan  nan 0.00
2015 7 27 0.00 60.25  nan  nan 0.00
2015 7 28 0.10 62.31  nan  nan 0.00
2015 7 29 0.00 68.49  nan  nan 0.00
2015 7 30 0.00 74.67  nan  nan 0.00
2015 7 31 0.00 76.73  nan  nan 0.00
2015 8 1 0.00 78.79  nan  nan 0.00
2015 8 2 0.00 73.64  nan  nan 0.00
2015 8 3 0.00 71.58  nan  nan 0.00
2015 8 4 0.00 72.61  nan  nan 0.00
2015 8 5 0.10 66.43  nan  nan 0.00
2015 8 6 0.00 69.52  nan  nan 0.00
2015 8 7 0.60 58.19  nan  nan 0.00
2015 8 8 0.00 64.37  nan  nan 0.00
2015 8 9 0.00 67.46  nan  nan 0.00
2015 8 10 0.00 70.55  nan  nan 0.00
2015 8 11 0.00 72.61  nan  nan 0.00
2015 8 12 0.00 69.52  nan  nan 0.00
2015 8 13 0.00 72.61  nan  nan 0.00
2015 8 14 0.00 71.58  nan  nan 0.00
2015 8 15 0.10 70.55  nan  nan 0.00
2015 8 16 0.00 72.61  nan  nan 0.00
2015 8 17 0.00 72.61  nan  nan 0.00
2015 8 18 0.00 68.49  nan  nan 0.00
2015 8 19 0.00 71.58  nan  nan 0.00
2015 8 20 0.00 74.67  nan  nan 0.00
2015 8 21 0.00 71.58  nan  nan 0.00
2015 8 22 0.00 69.52  nan  nan 0.00
2015 8 23 0.00 75.70  nan  nan 0.00
2015 8 24 0.00 76.73  nan  nan 0.00
2015 8 25 0.00 77.76  nan  nan 0.00
2015 8 26 0.00 75.70  nan  nan 0.00
2015 8 27 0.00 72.61  nan  nan 0.00
2015 8 28 0.00 75.70  nan  nan 0.00
2015 8 29 0.00 73.64  nan  nan 0.00
2015 8 30 0.00 66.43  nan  nan 0.00
2015 8 31 0.00 71.58  nan  nan 0.00
2015 9 1 0.00 74.67  nan  nan 0.00
2015 9 2 0.00 70.55  nan  nan 0.00
2015 9 3 0.00 67.46  nan  nan 0.00
2015 9 4 0.00 65.40  nan  nan 0.00
2015 9 5 0.00 54.07  nan  nan 0.00
2015 9 6 0.00 61.28  nan  nan 0.00
2015 9 7 0.00 65.40  nan  nan 0.00
2015 9 8 0.00 67.46  nan  nan 0.00
2015 9 9 0.00 72.61  nan  nan 0.00
2015 9 10 0.00 76.73  nan  nan 0.00
2015 9 11 0.00 77.76  nan  nan 0.00
2015 9 12 0.00 77.76  nan  nan 0.00
2015 9 13 0.00 76.73  nan  nan 0.00
2015 9 14 0.20 71.58  nan  nan 0.00
2015 9 15 0.20 61.28  nan  nan 0.00
2015 9 16 0.20 54.07  nan  nan 0.00
2015 9 17 0.00 54.07  nan  nan 0.00
2015 9 18 0.00 59.22  nan  nan 0.00
2015 9 19 0.00 64.37  nan  nan 0.00
2015 9 20 0.00 68.49  nan  nan 0.00
2015 9 21 0.00 71.58  nan  nan 0.00
2015 9 22 0.00 71.58  nan  nan 0.00
2015 9 23 0.00 68.49  nan  nan 0.00
2015 9 24 0.00 73.64  nan  nan 0.00
2015 9 25 0.00 75.70  nan  nan 0.00
2015 9 26 0.00 70.55  nan  nan 0.00
2015 9 27 0.00 69.52  nan  nan 0.00
2015 9 28 0.00 69.52  nan  nan 0.00
2015 9 29 0.00 70.55  nan -9.79 0.00
2015 9 30 0.00 69.52  nan 38.62 0.00
2015 10 1 0.20 67.46  nan  nan 0.00
2015 10 2 0.30 54.07  nan  nan 0.00
2015 10 3 0.00 55.10  nan  nan 0.00
2015 10 4 0.00 59.22  nan  nan 0.00
2015 10 5 0.10 62.31  nan  nan 0.00
2015 10 6 0.00 59.22  nan  nan 0.00
2015 10 7 0.00 64.37  nan  nan 0.00
2015 10 8 0.00 66.43  nan  nan 0.00
2015 10 9 0.00 68.49  nan  nan 0.00
2015 10 10 0.00 72.61  nan  nan 0.00
2015 10 11 0.00 61.28  nan  nan 0.00
2015 10 12 0.00 68.49  nan  nan 0.00
2015 10 13 0.00 70.55  nan  nan 0.00
2015 10 14 0.00 71.58  nan  nan 0.00
2015 10 15 0.00 71.58  nan  nan 0.00
2015 10 16 0.00 69.52  nan  nan 0.00
2015 10 17 0.10 60.25  nan  nan 0.00
2015 10 18 0.10 47.89  nan  nan 0.00
2015 10 19 0.10 45.83  nan  nan 0.00
2015 10 20 0.00 47.89  nan  nan 0.00
2015 10 21 0.00 56.13  nan  nan 0.00
2015 10 22 0.00 54.07  nan  nan 0.00
2015 10 23 0.00 56.13  nan  nan 0.00
2015 10 24 0.00 59.22  nan  nan 0.00
2015 10 25 0.00 56.13  nan  nan 0.00
2015 10 26 0.00 56.13  nan  nan 0.00
2015 10 27 0.00 55.10  nan  nan 0.00
2015 10 28 0.10 49.95  nan  nan 0.00
2015 10 29 0.20 41.71  nan  nan 0.00
2015 10 30 0.00 46.86  nan  nan 0.00
2015 10 31 0.00 58.19  nan  nan 0.00
2015 11 1 0.10 55.10 36.56  nan 0.00
2015 11 2 1.30 34.50 29.35 31.41 0.00
2015 11 3 0.80 29.35 24.20 27.29 1.20
2015 11 4 0.00 26.26 21.11 24.20 1.50
2015 11 5 0.00 30.38 16.99 26.26 1.40
2015 11 6 0.00 36.56 14.93 28.32 1.20
2015 11 7 0.00 41.71 11.84 21.11 1.10
2015 11 8 0.00 38.62 14.93 27.29 1.10
2015 11 9 0.30 37.59 18.02 29.35 1.10
2015 11 10 0.00 29.35 9.78 23.17 1.40
2015 11 11 0.00 37.59 18.02 27.29 1.40
2015 11 12 0.00 40.68 14.93 24.20 1.40
2015 11 13 0.00 37.59 12.87 23.17 1.30
2015 11 14 0.10 42.74 16.99 26.26 1.30
2015 11 15 0.20 44.80 16.99 29.35 1.40
2015 11 16 0.10 23.17 18.02 20.08 1.50
2015 11 17 0.20 37.59 21.11 31.41 1.60
2015 11 18 0.00 37.59 32.44 35.53 1.70
2015 11 19 0.00 42.74 35.53 38.62 1.60
2015 11 20 0.00 40.68 11.84 28.32 1.10
2015 11 21 0.00 45.83 10.81 21.11 1.00
2015 11 22 0.00 42.74 12.87 25.23 0.90
2015 11 23 0.00 48.92 19.05 29.35 0.90
2015 11 24 0.50 40.68 25.23 33.47 0.90
2015 11 25 0.10 27.29 20.08 22.14 1.20
2015 11 26 0.00 22.14 7.72 18.02 1.20
2015 11 27 0.00 23.17 -1.55 8.75 1.20
2015 11 28 0.00 32.44 -1.55 12.87 1.20
2015 11 29 0.00 28.32 0.51 13.90 1.20
2015 11 30 0.00 30.38 5.66 18.02 1.20
2015 12 1 0.00 35.53 5.66 16.99 1.20
2015 12 2 0.20 36.56 7.72 23.17 1.20
2015 12 3 0.10 44.80 19.05 30.38 1.30
2015 12 4 0.00 35.53 23.17 31.41 1.40
2015 12 5 0.00 34.50 5.66 19.05 1.40
2015 12 6 0.00 42.74 22.14 35.53 1.40
2015 12 7 0.00 43.77 35.53 40.68 1.40
2015 12 8 0.00 45.83 33.47 40.68 1.10
2015 12 9 0.00 52.01 30.38 41.71 0.70
2015 12 10 0.50 47.89 27.29 34.50 0.60
2015 12 11 0.20 30.38 22.14 26.26 1.00
2015 12 12 0.20 29.35 21.11 26.26 1.10
2015 12 13 0.50 44.80 21.11 31.41 1.30
2015 12 14 0.30 21.11 18.02 20.08 1.70
2015 12 15 0.20 21.11 16.99 18.02 1.90
2015 12 16 0.30 24.20 15.96 20.08 2.00
2015 12 17 0.30 33.47 19.05 24.20 2.10
2015 12 18 0.20 45.83 29.35 36.56 2.20
2015 12 19 0.00 37.59 28.32 31.41 2.30
2015 12 20 0.10 28.32 23.17 25.23 2.30
2015 12 21 0.40 34.50 26.26 31.41 2.40
2015 12 22 0.90 29.35 25.23 27.29 2.60
2015 12 23 0.00 27.29 19.05 21.11 3.20
2015 12 24 0.00 24.20 10.81 20.08 3.20
2015 12 25 0.00 21.11 8.75 15.96 3.20
2015 12 26 0.00 19.05 -7.73 4.63 3.20
2015 12 27 0.00 19.05 -7.73 5.66 3.20
2015 12 28 0.00 23.17 6.69 14.93 3.20
2015 12 29 0.10 20.08 12.87 15.96 3.20
2015 12 30 0.00 16.99 -5.67 8.75 3.30
2015 12 31 0.00 15.96 -7.73 5.66 3.30
2016 1 1 0.00 22.14 -0.52 14.93 3.30
2016 1 2 0.00 23.17 -6.70 9.78 3.30
2016 1 3 0.00 38.62 20.08 26.26 3.30
2016 1 4 0.00 38.62 26.26 31.41 3.30
2016 1 5 0.30 35.53 24.20 30.38 3.30
2016 1 6 0.10 34.50 23.17 28.32 3.40
2016 1 7 0.00 32.44 21.11 26.26 3.40
2016 1 8 0.00 30.38 23.17 25.23 3.40
2016 1 9 0.00 24.20 0.51 12.87 3.40
2016 1 10 0.00 29.35 -1.55 14.93 3.30
2016 1 11 0.00 24.20 -6.70 4.63 3.20
2016 1 12 0.00 27.29 3.60 13.90 3.20
2016 1 13 0.20 40.68 13.90 25.23 3.20
2016 1 14 1.00 29.35 20.08 24.20 3.40
2016 1 15 0.10 27.29 11.84 24.20 4.10
2016 1 16 0.00 35.53 11.84 28.32 4.20
2016 1 17 0.00 42.74 15.96 32.44 4.20
2016 1 18 0.20 38.62 13.90 30.38 4.20
2016 1 19 0.10 40.68 9.78 25.23 4.40
2016 1 20 0.00 33.47 6.69 23.17 4.50
2016 1 21 0.00 34.50 8.75 21.11 4.50
2016 1 22 0.00 34.50 21.11 29.35 4.40
2016 1 23 0.20 37.59 24.20 30.38 4.40
2016 1 24 0.30 29.35 25.23 26.26 4.50
2016 1 25 0.00 36.56 8.75 21.11 4.70
2016 1 26 0.00 38.62 5.66 15.96 4.70
2016 1 27 0.00 39.65 6.69 19.05 4.70
2016 1 28 0.10 39.65 8.75 24.20 4.70
2016 1 29 1.00 42.74 25.23 35.53 4.80
2016 1 30 0.40 27.29 15.96 23.17 5.50
2016 1 31 0.10 23.17 7.72 16.99 5.70
2016 2 1 0.10 20.08 12.87 14.93 5.80
2016 2 2 0.00 23.17 -2.58 14.93 5.90
2016 2 3 0.00 20.08 -7.73 6.69 5.90
2016 2 4 0.00 30.38 12.87 25.23 5.90
2016 2 5 0.00 36.56 10.81 23.17 5.90
2016 2 6 0.00 35.53 10.81 23.17 5.90
2016 2 7 0.00 43.77 19.05 29.35 5.90
2016 2 8 0.00 53.04 20.08 31.41 5.90
2016 2 9 0.00 49.95 18.02 29.35 5.90
2016 2 10 0.00 48.92 16.99 29.35 5.80
2016 2 11 0.00 47.89 22.14 31.41 5.60
2016 2 12 0.00 50.98 20.08 32.44 5.20
2016 2 13 0.00 44.80 32.44 40.68 5.10
2016 2 14 0.50 39.65 32.44 36.56 4.80
2016 2 15 0.00 42.74 32.44 39.65 4.70
2016 2 16 0.00 44.80 28.32 36.56 3.80
2016 2 17 0.00 46.86 27.29 37.59 3.60
2016 2 18 0.50 39.65 27.29 31.41 3.50
2016 2 19 0.00 44.80 22.14 33.47 3.80
2016 2 20 0.00 38.62 19.05 28.32 3.80
2016 2 21 0.00 43.77 21.11 32.44 3.80
2016 2 22 0.00 36.56 18.02 29.35 3.80
2016 2 23 0.00 33.47 5.66 20.08 3.80
2016 2 24 0.00 38.62 11.84 25.23 3.80
2016 2 25 0.00 44.80 22.14 32.44 3.70
2016 2 26 0.00 46.86 22.14 34.50 3.40
2016 2 27 0.00 44.80 29.35 38.62 3.10
2016 2 28 0.00 46.86 22.14 37.59 2.60
2016 2 29 0.00 43.77 28.32 35.53 2.20
2016 3 1 0.00 50.98 28.32 42.74 1.80
2016 3 2 0.00 48.92 30.38 39.65 1.30
2016 3 3 0.00 49.95 28.32 38.62 0.90
2016 3 4 0.00 52.01 27.29 39.65 0.70
2016 3 5 0.00 53.04 36.56 44.80 0.40
2016 3 6 0.60 46.86 23.17 34.50 0.20
2016 3 7 0.10 38.62 20.08 28.32 0.10
2016 3 8 0.10 38.62 25.23 31.41 0.10
2016 3 9 0.00 40.68 28.32 34.50 0.20
2016 3 10 0.10 57.16 35.53 43.77 0.10
2016 3 11 0.10 50.98 33.47 41.71 0.00
2016 3 12 0.00 42.74 29.35 36.56 0.00
2016 3 13 0.20 41.71 31.41 36.56 0.00
2016 3 14 0.60 34.50 25.23 29.35 0.00
2016 3 15 0.00 30.38 24.20 27.29 0.50
2016 3 16 0.00 41.71 24.20 33.47 0.50
2016 3 17 0.00 42.74 23.17 35.53 0.20
2016 3 18 0.00 47.89 18.02 32.44 0.00
2016 3 19 0.00 54.07 23.17 37.59 0.00
2016 3 20 0.00 58.19 27.29 42.74 0.00
2016 3 21 0.10 49.95 29.35 42.74 0.00
2016 3 22 0.40 31.41 24.20 28.32 0.00
2016 3 23 0.00 38.62 25.23 31.41 0.20
2016 3 24 0.00 44.80 29.35 36.56 0.00
2016 3 25 0.00 37.59 23.17 30.38 0.00
2016 3 26 0.00 42.74 13.90 29.35 0.00
2016 3 27 0.10 47.89 27.29 35.53 0.00
2016 3 28 0.20 29.35 23.17 27.29 0.00
2016 3 29 0.30 31.41 22.14 27.29 0.10
2016 3 30 0.00 42.74 29.35 34.50 0.40
2016 3 31 0.00 47.89 30.38 37.59 0.00
2016 4 1 0.00 53.04 27.29 38.62 0.00
2016 4 2 0.00 57.16 26.26 41.71 0.00
2016 4 3 0.00 60.25 33.47 45.83 0.00
2016 4 4 0.00 55.10 30.38 42.74 0.00
2016 4 5 0.00 47.89 29.35 37.59 0.00
2016 4 6 0.00 61.28 28.32 43.77 0.00
2016 4 7 0.00 66.43 30.38 47.89 0.00
2016 4 8 0.00 66.43 35.53 52.01 0.00
2016 4 9 0.20 61.28 32.44 43.77 0.00
2016 4 10 0.40 54.07 33.47 40.68 0.00
2016 4 11 0.00 56.13 30.38 41.71 0.00
2016 4 12 0.30 55.10 31.41 42.74 0.00
2016 4 13 0.00 50.98 32.44 41.71 0.00
2016 4 14 0.00 42.74 29.35 35.53 0.00
2016 4 15 0.10 40.68 26.26 32.44 0.00
2016 4 16 0.00 52.01 24.20 36.56 0.00
2016 4 17 0.00 55.10 25.23 38.62 0.00
2016 4 18 0.00 57.16 25.23 41.71 0.00
2016 4 19 0.00 61.28 29.35 45.83 0.00
2016 4 20 0.00 66.43 31.41 47.89 0.00
2016 4 21 0.00 66.43 35.53 56.13 0.00
2016 4 22 0.50 59.22 33.47 46.86 0.00
2016 4 23 0.70 43.77 31.41 36.56 0.00
2016 4 24 0.60 45.83 30.38 37.59 0.10
2016 4 25 0.50 34.50 30.38 31.41 0.30
2016 4 26 0.00 40.68 27.29 33.47 0.80
2016 4 27 0.20 39.65 26.26 33.47 0.00
2016 4 28 0.10 45.83 33.47 37.59 0.00
2016 4 29 0.20 46.86 33.47 37.59 0.00
2016 4 30 0.00 45.83 32.44 36.56 0.00
2016 5 1 0.00 49.95 32.44 40.68 0.00
2016 5 2 0.00 57.16 29.35 42.74 0.00
2016 5 3 0.00 61.28 30.38 46.86 0.00
2016 5 4 0.00 63.34 38.62 52.01 0.00
2016 5 5 0.00 65.40 36.56 54.07 0.00
2016 5 6 0.10 56.13 38.62 45.83 0.00
2016 5 7 0.00 55.10 40.68 45.83 0.00
2016 5 8 0.10 59.22 39.65 48.92 0.00
2016 5 9 0.00 52.01 31.41 44.80 0.00
2016 5 10 0.00 47.89 26.26 36.56 0.00
2016 5 11 0.00 57.16 24.20 40.68 0.00
2016 5 12 0.00 65.40 28.32 47.89 0.00
2016 5 13 0.00 71.58 36.56 54.07 0.00
2016 5 14 0.10 64.37 37.59 54.07 0.00
2016 5 15 0.10 50.98 34.50 42.74 0.00
2016 5 16 0.00 46.86 36.56 40.68 0.00
2016 5 17 0.00 59.22 34.50 45.83 0.00
2016 5 18 0.10 63.34 33.47 48.92 0.00
2016 5 19 0.10 61.28 37.59 47.89 0.00
2016 5 20 0.10 41.71 33.47 36.56 0.00
2016 5 21 0.00 45.83 28.32 36.56 0.00
2016 5 22 0.10 50.98 24.20 37.59 0.00
2016 5 23 0.00 53.04 27.29 40.68 0.00
2016 5 24 0.50 52.01 29.35 38.62 0.00
2016 5 25 0.00 53.04 34.50 41.71 0.00
2016 5 26 0.10 58.19 33.47 44.80 0.00
2016 5 27 0.00 57.16 32.44 44.80 0.00
2016 5 28 0.00 61.28 28.32 44.80 0.00
2016 5 29 0.00 65.40 32.44 48.92 0.00
2016 5 30 0.00 63.34 33.47 49.95 0.00
2016 5 31 0.00 66.43 33.47 49.95 0.00
2016 6 1 0.00 71.58 32.44 54.07 0.00
2016 6 2 0.00 70.55 42.74 57.16 0.00
2016 6 3 0.00 73.64 39.65 57.16 0.00
2016 6 4 0.00 78.79 38.62 59.22 0.00
2016 6 5 0.00 80.85 41.71 61.28 0.00
2016 6 6 0.00 75.70 47.89 62.31 0.00
2016 6 7 0.00 75.70 43.77 60.25 0.00
2016 6 8 0.00 79.82 45.83 63.34 0.00
2016 6 9 0.10 72.61 43.77 61.28 0.00
2016 6 10 0.00 71.58 38.62 58.19 0.00
2016 6 11 0.00 57.16 42.74 48.92 0.00
2016 6 12 0.00 58.19 34.50 46.86 0.00
2016 6 13 0.00 66.43 35.53 50.98 0.00
2016 6 14 0.00 61.28 39.65 52.01 0.00
2016 6 15 0.00 61.28 34.50 46.86 0.00
2016 6 16 0.00 58.19 27.29 42.74 0.00
2016 6 17 0.00 69.52 30.38 52.01 0.00
2016 6 18 0.00 70.55 35.53 54.07 0.00
2016 6 19 0.00 71.58 31.41 52.01 0.00
2016 6 20 0.00 80.85 39.65 60.25 0.00
2016 6 21 0.00 76.73 41.71 63.34 0.00
2016 6 22 0.00 77.76 37.59 58.19 0.00
2016 6 23 0.00 76.73 39.65 59.22 0.00
2016 6 24 0.00 67.46 35.53 56.13 0.00
2016 6 25 0.00 71.58 30.38 50.98 0.00
2016 6 26 0.00 79.82 34.50 57.16 0.00
2016 6 27 0.00 83.94 39.65 62.31 0.00
2016 6 28 0.00 84.97 44.80 65.40 0.00
2016 6 29 0.00 83.94 42.74 65.40 0.00
2016 6 30 0.00 80.85 45.83 64.37 0.00
2016 7 1 0.10 78.79 44.80 59.22 0.00
2016 7 2 0.00 78.79 40.68 60.25 0.00
2016 7 3 0.00 78.79 46.86 64.37 0.00
2016 7 4 0.00 77.76 42.74 60.25 0.00
2016 7 5 0.10 73.64 37.59 57.16 0.00
2016 7 6 0.00 70.55 39.65 55.10 0.00
2016 7 7 0.00 75.70 36.56 58.19 0.00
2016 7 8 0.00 75.70 42.74 62.31 0.00
2016 7 9 0.00 75.70 43.77 63.34 0.00
2016 7 10 0.10 60.25 35.53 48.92 0.00
2016 7 11 0.00 65.40 31.41 47.89 0.00
2016 7 12 0.00 70.55 33.47 54.07 0.00
2016 7 13 0.00 75.70 36.56 56.13 0.00
2016 7 14 0.00 80.85 36.56 59.22 0.00
2016 7 15 0.00 77.76 39.65 60.25 0.00
2016 7 16 0.00 73.64 38.62 58.19 0.00
2016 7 17 0.00 77.76 38.62 58.19 0.00
2016 7 18 0.00 77.76 40.68 63.34 0.00
2016 7 19 0.00 78.79 44.80 62.31 0.00
2016 7 20 0.00 77.76 42.74 62.31 0.00
2016 7 21 0.00 83.94 40.68 66.43 0.00
2016 7 22 0.00 78.79 44.80 66.43 0.00
2016 7 23 0.00 76.73 38.62 58.19 0.00
2016 7 24 0.00 82.91 36.56 59.22 0.00
2016 7 25 0.00 86.00 40.68 64.37 0.00
2016 7 26 0.00 83.94 42.74 64.37 0.00
2016 7 27 0.00 87.03 43.77 66.43 0.00
2016 7 28 0.00 87.03 45.83 66.43 0.00
2016 7 29 0.00 87.03 47.89 66.43 0.00
2016 7 30 0.00 82.91 50.98 70.55 0.00
2016 7 31 0.00 82.91 47.89 65.40 0.00
2016 8 1 0.00 81.88 42.74 63.34 0.00
2016 8 2 0.00 81.88 42.74 65.40 0.00
2016 8 3 0.00 73.64 40.68 57.16 0.00
2016 8 4 0.00 80.85 34.50 57.16 0.00
2016 8 5 0.00 74.67 45.83 60.25 0.00
2016 8 6 0.00 76.73 43.77 60.25 0.00
2016 8 7 0.10 73.64 39.65 59.22 0.00
2016 8 8 0.00 75.70 36.56 58.19 0.00
2016 8 9 0.00 69.52 37.59 54.07 0.00
2016 8 10 0.00 69.52 34.50 49.95 0.00
2016 8 11 0.00 72.61 36.56 55.10 0.00
2016 8 12 0.00 76.73 39.65 58.19 0.00
2016 8 13 0.00 81.88 41.71 61.28 0.00
2016 8 14 0.00 83.94 42.74 63.34 0.00
2016 8 15 0.00 81.88 47.89 63.34 0.00
2016 8 16 0.00 83.94 42.74 63.34 0.00
2016 8 17 0.00 81.88 48.92 64.37 0.00
2016 8 18 0.00 81.88 41.71 61.28 0.00
2016 8 19 0.00 78.79 42.74 60.25 0.00
2016 8 20 0.00 78.79 40.68 59.22 0.00
2016 8 21 0.00 80.85 42.74 62.31 0.00
2016 8 22 0.00 76.73 45.83 61.28 0.00
2016 8 23 0.00 72.61 37.59 57.16 0.00
2016 8 24 0.00 68.49 33.47 52.01 0.00
2016 8 25 0.00 70.55 33.47 50.98 0.00
2016 8 26 0.00 71.58 34.50 52.01 0.00
2016 8 27 0.00 74.67 33.47 55.10 0.00
2016 8 28 0.00 76.73 40.68 59.22 0.00
2016 8 29 0.00 81.88 40.68 60.25 0.00
2016 8 30 0.00 79.82 40.68 61.28 0.00
2016 8 31 0.00 79.82 41.71 63.34 0.00
2016 9 1 0.00 77.76 45.83 64.37 0.00
2016 9 2 0.00 70.55 37.59 54.07 0.00
2016 9 3 0.00 62.31 43.77 53.04 0.00
2016 9 4 0.10 61.28 38.62 46.86 0.00
2016 9 5 0.00 59.22 28.32 43.77 0.00
2016 9 6 0.00 66.43 29.35 46.86 0.00
2016 9 7 0.00 66.43 33.47 49.95 0.00
2016 9 8 0.00 69.52 35.53 55.10 0.00
2016 9 9 0.00 69.52 31.41 49.95 0.00
2016 9 10 0.00 74.67 30.38 52.01 0.00
2016 9 11 0.00 75.70 33.47 56.13 0.00
2016 9 12 0.00 56.13 32.44 44.80 0.00
2016 9 13 0.40 55.10 30.38 40.68 0.00
2016 9 14 0.10 49.95 32.44 40.68 0.00
2016 9 15 0.00 61.28 32.44 44.80 0.00
2016 9 16 0.00 65.40 30.38 46.86 0.00
2016 9 17 0.00 69.52 32.44 52.01 0.00
2016 9 18 0.00 72.61 43.77 59.22 0.00
2016 9 19 0.00 73.64 39.65 55.10 0.00
2016 9 20 0.00 73.64 43.77 61.28 0.00
2016 9 21 0.10 62.31 44.80 54.07 0.00
2016 9 22 0.10 47.89 33.47 41.71 0.00
2016 9 23 0.70 47.89 33.47 39.65 0.00
2016 9 24 0.00 55.10 40.68 45.83 0.00
2016 9 25 0.00 66.43 34.50 48.92 0.00
2016 9 26 0.00 71.58 36.56 55.10 0.00
2016 9 27 0.00 73.64 34.50 53.04 0.00
2016 9 28 0.00 73.64 36.56 55.10 0.00
2016 9 29 0.00 70.55 45.83 57.16 0.00
2016 9 30 0.00 70.55 37.59 54.07 0.00
2016 10 1 0.10 62.31 32.44 49.95 0.00
2016 10 2 0.10 59.22 30.38 44.80 0.00
2016 10 3 0.00 44.80 29.35 36.56 0.00
2016 10 4 0.10 44.80 24.20 34.50 0.00
2016 10 5 0.00 45.83 27.29 34.50 0.00
2016 10 6 0.00 49.95 27.29 36.56 0.00
2016 10 7 0.00 60.25 24.20 39.65 0.00
2016 10 8 0.00 66.43 29.35 44.80 0.00
2016 10 9 0.10 67.46 31.41 46.86 0.00
2016 10 10 0.00 63.34 33.47 48.92 0.00
2016 10 11 0.00 59.22 30.38 46.86 0.00
2016 10 12 0.00 62.31 27.29 41.71 0.00
2016 10 13 0.00 61.28 29.35 45.83 0.00
2016 10 14 0.10 61.28 42.74 52.01 0.00
2016 10 15 0.30 58.19 37.59 49.95 0.00
2016 10 16 0.70 44.80 32.44 38.62 0.00
2016 10 17 0.30 43.77 28.32 36.56 0.00
2016 10 18 0.30 42.74 25.23 31.41 0.00
2016 10 19 0.20 45.83 22.14 32.44 0.00
2016 10 20 0.00 57.16 23.17 35.53 0.00
2016 10 21 0.00 63.34 26.26 41.71 0.00
2016 10 22 0.00 59.22 34.50 47.89 0.00
2016 10 23 0.00 59.22 31.41 45.83 0.00
2016 10 24 0.10 58.19 36.56 46.86 0.00
2016 10 25 0.00 53.04 32.44 41.71 0.00
2016 10 26 0.00 62.31 33.47 49.95 0.00
2016 10 27 0.00 63.34 34.50 50.98 0.00
2016 10 28 1.20 48.92 41.71 43.77 0.00
2016 10 29 0.00 53.04 32.44 42.74 0.00
2016 10 30 1.10 54.07 33.47 44.80 0.00
2016 10 31 0.00 44.80 29.35 36.56 0.00
2016 11 1 0.00 41.71 26.26 33.47 0.00
2016 11 2 0.00 48.92 21.11 32.44 0.00
2016 11 3 0.00 55.10 23.17 34.50 0.00
2016 11 4 0.00 60.25 27.29 38.62 0.00
2016 11 5 0.00 59.22 27.29 39.65 0.00
2016 11 6 0.00 54.07 30.38 40.68 0.00
2016 11 7 0.00 53.04 28.32 38.62 0.00
2016 11 8 0.00 61.28 30.38 41.71 0.00
2016 11 9 0.00 61.28 31.41 41.71 0.00
2016 11 10 0.00 62.31 31.41 41.71 0.00
2016 11 11 0.00 60.25 30.38 40.68 0.00
2016 11 12 0.00 57.16 31.41 41.71 0.00
2016 11 13 0.00 55.10 28.32 40.68 0.00
2016 11 14 0.00 61.28 29.35 45.83 0.00
2016 11 15 0.00 61.28 30.38 48.92 0.00
2016 11 16 0.10 44.80 24.20 31.41 0.00
2016 11 17 0.00 32.44 11.84 23.17 0.00
2016 11 18 0.00 37.59 10.81 24.20 0.00
2016 11 19 0.00 48.92 20.08 35.53 0.00
2016 11 20 0.10 50.98 28.32 39.65 0.00
2016 11 21 0.00 37.59 30.38 33.47 0.00
2016 11 22 0.00 39.65 19.05 31.41 0.00
2016 11 23 0.10 34.50 21.11 29.35 0.00
2016 11 24 0.00 35.53 7.72 20.08 0.10
2016 11 25 0.10 37.59 16.99 27.29 0.10
2016 11 26 0.20 42.74 15.96 30.38 0.10
2016 11 27 0.10 33.47 24.20 27.29 0.30
2016 11 28 0.50 28.32 23.17 25.23 0.40
2016 11 29 0.00 28.32 8.75 23.17 0.40
2016 11 30 0.10 28.32 5.66 20.08 0.40
2016 12 1 0.00 26.26 18.02 22.14 0.40
2016 12 2 0.00 30.38 9.78 19.05 0.40
2016 12 3 0.10 33.47 16.99 26.26 0.40
2016 12 4 0.00 38.62 15.96 29.35 0.40
2016 12 5 0.00 27.29 -3.61 11.84 0.40
2016 12 6 0.30 20.08 -2.58 11.84 0.40
2016 12 7 0.00 20.08 -9.79 4.63 0.70
2016 12 8 0.90 38.62 2.57 22.14 0.70
2016 12 9 0.00 40.68 34.50 38.62 1.50
2016 12 10 2.30 37.59 28.32 33.47 1.50
2016 12 11 0.00 32.44 14.93 26.26 2.80
2016 12 12 0.00 29.35 8.75 22.14 2.80
2016 12 13 0.00 35.53 7.72 24.20 2.80
2016 12 14 0.90 45.83 26.26 34.50 2.80
2016 12 15 0.40 45.83 32.44 40.68 3.60
2016 12 16 0.30 40.68 7.72 23.17 3.80
2016 12 17 0.00 13.90 2.57 7.72 4.10
2016 12 18 0.00 15.96 -7.73 1.54 4.10
2016 12 19 0.20 26.26 -6.70 10.81 3.50
2016 12 20 0.30 41.71 19.05 31.41 3.70
2016 12 21 0.00 32.44 14.93 25.23 4.00
2016 12 22 0.00 35.53 6.69 18.02 4.00
2016 12 23 0.20 34.50 6.69 23.17 4.00
2016 12 24 0.20 30.38 13.90 23.17 4.10
2016 12 25 0.00 18.02 -6.70 10.81 4.30
2016 12 26 0.00 20.08 -14.94 -3.61 4.30
2016 12 27 0.00 35.53 -4.64 20.08 4.30
2016 12 28 0.10 32.44 5.66 22.14 4.30
2016 12 29 0.00 36.56 4.63 14.93 4.30
2016 12 30 0.00 37.59 6.69 20.08 4.30
2016 12 31 0.00 34.50 5.66 15.96 4.20
2017 1 1 0.20 29.35 7.72 20.08 4.10
2017 1 2 0.30 22.14 13.90 16.99 4.30
2017 1 3 0.30 26.26 15.96 22.14 4.50
2017 1 4 0.40  nan  nan  nan 4.70
2017 1 5 0.00 16.99 -12.88 0.51 5.10
2017 1 6 0.00 18.02 -19.06 -5.67 5.10
2017 1 7 0.40 25.23 -9.79 11.84 5.10
2017 1 8 0.70 48.92 23.17 34.50 5.20
2017 1 9 0.50 41.71 26.26 32.44 5.70
2017 1 10 0.60 36.56 28.32 32.44 5.90
2017 1 11 0.60 34.50 8.75 26.26 6.50
2017 1 12 0.00 28.32 3.60 15.96 7.00
2017 1 13 0.00 34.50 9.78 20.08 7.00
2017 1 14 0.00 34.50 5.66 13.90 7.00
2017 1 15 0.00 36.56 2.57 11.84 6.80
2017 1 16 0.00 24.20 3.60 10.81 6.60
2017 1 17 0.00 35.53 2.57 13.90 6.30
2017 1 18 0.20 32.44 8.75 22.14 6.00
2017 1 19 0.20 34.50 21.11 29.35 6.20
2017 1 20 0.60 28.32 10.81 23.17 6.40
2017 1 21 0.00 28.32 19.05 25.23 7.00
2017 1 22 0.20 37.59 21.11 27.29 7.00
2017 1 23 0.00 29.35 19.05 24.20 7.10
2017 1 24 0.40 21.11 16.99 18.02 7.10
2017 1 25 0.00 23.17 16.99 18.02 7.30
2017 1 26 0.00 26.26 11.84 18.02 7.30
2017 1 27 0.00 30.38 0.51 11.84 7.30
2017 1 28 0.00 42.74 0.51 18.02 7.30
2017 1 29 0.00 40.68 11.84 22.14 7.20
2017 1 30 0.00 39.65 9.78 24.20 7.20
2017 1 31 0.00 42.74 22.14 34.50 7.20
2017 2 1 0.00 42.74 26.26 36.56 7.20
2017 2 2 0.00 41.71 27.29 31.41 7.20
2017 2 3 0.20 43.77 26.26 35.53 7.20
2017 2 4 0.00  nan  nan  nan 7.20
2017 2 5 0.00 44.80 31.41 36.56 7.20
2017 2 6 0.20 42.74 32.44 36.56 7.20
2017 2 7 0.60 41.71 31.41 36.56 7.30
2017 2 8 0.00 44.80 34.50 39.65 7.20
2017 2 9 0.00 53.04 40.68 45.83 6.70
2017 2 10 0.50 42.74 30.38 34.50 6.40
2017 2 11 0.00 35.53 11.84 26.26 6.20
2017 2 12 0.00 42.74 7.72 20.08 6.20
2017 2 13 0.00 44.80 14.93 26.26 6.20
2017 2 14 0.00 47.89 16.99 28.32 6.20
2017 2 15 0.00 42.74 15.96 29.35 6.00
2017 2 16 0.10 49.95 28.32 39.65 5.50
2017 2 17 0.40 34.50 20.08 30.38 5.60
2017 2 18 0.40 37.59 31.41 34.50 6.00
2017 2 19 0.20 40.68 29.35 34.50 6.40
2017 2 20 0.10 42.74 31.41 36.56 6.60
2017 2 21 0.60 42.74 27.29 34.50 6.70
2017 2 22 0.30 30.38 20.08 24.20 7.30
2017 2 23 0.30 20.08 14.93 15.96 7.60
2017 2 24 0.00 22.14 -1.55 12.87 7.90
2017 2 25 0.00 24.20 -1.55 13.90 7.90
2017 2 26 0.40 29.35 1.54 16.99 7.90
2017 2 27 0.70 23.17 9.78 19.05 8.30
2017 2 28 0.20 24.20 16.99 20.08 9.00
2017 3 1 0.00 33.47 11.84 23.17 9.20
2017 3 2 0.00 34.50 4.63 20.08 9.00
2017 3 3 0.00 43.77 14.93 31.41 8.40
2017 3 4 0.00 46.86 27.29 38.62 7.70
2017 3 5 0.40 37.59 15.96 26.26 7.70
2017 3 6 0.00 26.26 14.93 19.05 8.10
2017 3 7 0.00 36.56 23.17 29.35 8.10
2017 3 8 0.00 44.80 33.47 38.62 8.00
2017 3 9 0.00 52.01 34.50 41.71 7.30
2017 3 10 0.00 47.89 32.44 39.65 6.40
2017 3 11 0.00 48.92 25.23 38.62 6.00
2017 3 12 0.00 48.92 32.44 40.68 5.50
2017 3 13 0.00 57.16 27.29 44.80 4.80
2017 3 14 0.00 59.22 32.44 45.83 3.90
2017 3 15 0.00 57.16 29.35 45.83 3.20
2017 3 16 0.00 53.04 30.38 44.80 2.50
2017 3 17 0.00 58.19 29.35 42.74 1.10
2017 3 18 0.00 57.16 36.56 47.89 0.20
2017 3 19 0.00 53.04 34.50 42.74 0.00
2017 3 20 0.00 54.07 35.53 42.74 0.00
2017 3 21 0.30 57.16 31.41 41.71 0.00
2017 3 22 0.10 43.77 30.38 34.50 0.00
2017 3 23 0.00 41.71 29.35 34.50 0.00
2017 3 24 0.40 49.95 24.20 36.56 0.00
2017 3 25 0.00 42.74 26.26 34.50 0.00
2017 3 26 0.00 45.83 21.11 33.47 0.00
2017 3 27 0.50 38.62 28.32 31.41 0.00
2017 3 28 0.00 39.65 22.14 32.44 0.30
2017 3 29 0.00 50.98 24.20 38.62 0.00
2017 3 30 0.70 41.71 25.23 31.41 0.00
2017 3 31 0.00 40.68 26.26 32.44 0.00
2017 4 1 0.00 48.92 28.32 39.65 0.00
2017 4 2 0.00 45.83 26.26 37.59 0.00
2017 4 3 0.00 37.59 20.08 29.35 0.00
2017 4 4 0.00 45.83 16.99 30.38 0.00
2017 4 5 0.00 57.16 28.32 42.74 0.00
2017 4 6 0.30 58.19 37.59 48.92 0.00
2017 4 7 0.30 52.01 34.50 41.71 0.00
2017 4 8 0.30 37.59 22.14 30.38 0.00
2017 4 9 0.00 38.62 18.02 28.32 0.00
2017 4 10 0.00 44.80 23.17 34.50 0.00
2017 4 11 0.10 46.86 23.17 35.53 0.00
2017 4 12 0.00 60.25 28.32 45.83 0.00
2017 4 13 0.30 53.04 28.32 35.53 0.00
2017 4 14 0.00 34.50 16.99 28.32 0.00
2017 4 15 0.00 46.86 12.87 29.35 0.00
2017 4 16 0.00 58.19 24.20 42.74 0.00
2017 4 17 0.60 47.89 36.56 41.71 0.00
2017 4 18 0.30 43.77 31.41 38.62 0.00
2017 4 19 0.00 50.98 29.35 38.62 0.00
2017 4 20 0.20 43.77 29.35 35.53 0.00
2017 4 21 0.00 44.80 23.17 33.47 0.00
2017 4 22 0.00 56.13 25.23 42.74 0.00
2017 4 23 0.00 54.07 31.41 43.77 0.00
2017 4 24 0.60 38.62 29.35 33.47 0.00
2017 4 25 0.50 40.68 26.26 33.47 0.40
2017 4 26 0.90 42.74 32.44 35.53 0.00
2017 4 27 0.10 34.50 27.29 30.38 0.00
2017 4 28 0.20 38.62 24.20 30.38 0.00
2017 4 29 0.00 47.89 19.05 35.53 0.00
2017 4 30 0.00 52.01 37.59 44.80 0.00
2017 5 1 0.00 54.07 33.47 42.74 0.00
2017 5 2 0.00 54.07 39.65 44.80 0.00
2017 5 3 0.00 63.34 32.44 46.86 0.00
2017 5 4 0.00 70.55 34.50 52.01 0.00
2017 5 5 0.20 69.52 43.77 55.10 0.00
2017 5 6 0.00 63.34 36.56 46.86 0.00
2017 5 7 0.00 54.07 33.47 43.77 0.00
2017 5 8 0.00 59.22 29.35 44.80 0.00
2017 5 9 0.00 61.28 29.35 45.83 0.00
2017 5 10 0.00 66.43 33.47 49.95 0.00
2017 5 11 0.00 69.52 33.47 54.07 0.00
2017 5 12 0.00 57.16 30.38 41.71 0.00
2017 5 13 0.10 41.71 25.23 32.44 0.00
2017 5 14 0.10 49.95 21.11 35.53 0.00
2017 5 15 0.00 47.89 29.35 38.62 0.00
2017 5 16 0.80 41.71 25.23 33.47 0.00
2017 5 17 0.60 31.41 23.17 27.29 0.00
2017 5 18 0.10 45.83 30.38 36.56 0.60
2017 5 19 0.00 54.07 31.41 42.74 0.00
2017 5 20 0.10 61.28 31.41 45.83 0.00
2017 5 21 0.00 61.28 32.44 45.83 0.00
2017 5 22 0.00 67.46 33.47 49.95 0.00
2017 5 23 0.00 70.55 37.59 54.07 0.00
2017 5 24 0.10 67.46 40.68 54.07 0.00
2017 5 25 0.00 57.16 33.47 45.83 0.00
2017 5 26 0.00 53.04 31.41 40.68 0.00
2017 5 27 0.00 62.31 30.38 46.86 0.00
2017 5 28 0.00 67.46 33.47 50.98 0.00
2017 5 29 0.00 70.55 33.47 53.04 0.00
2017 5 30 0.00 74.67 35.53 56.13 0.00
2017 5 31 0.00 72.61 40.68 60.25 0.00
2017 6 1 0.00 61.28 37.59 49.95 0.00
2017 6 2 0.00 69.52 34.50 52.01 0.00
2017 6 3 0.00 76.73 36.56 57.16 0.00
2017 6 4 0.00 73.64 40.68 58.19 0.00
2017 6 5 0.00 69.52 34.50 53.04 0.00
2017 6 6 0.00 77.76 36.56 57.16 0.00
2017 6 7 0.00 78.79 41.71 60.25 0.00
2017 6 8 0.00 65.40 43.77 56.13 0.00
2017 6 9 0.30 55.10 40.68 46.86 0.00
2017 6 10 0.10 57.16 33.47 46.86 0.00
2017 6 11 0.10 55.10 33.47 42.74 0.00
2017 6 12 0.50 39.65 33.47 35.53 0.00
2017 6 13 0.20 55.10 36.56 44.80 0.00
2017 6 14 0.00 63.34 32.44 48.92 0.00
2017 6 15 0.00 67.46 36.56 54.07 0.00
2017 6 16 0.00 71.58 39.65 58.19 0.00
2017 6 17 0.00 65.40 46.86 56.13 0.00
2017 6 18 0.00 73.64 44.80 59.22 0.00
2017 6 19 0.00 80.85 41.71 61.28 0.00
2017 6 20 0.00 82.91 48.92 66.43 0.00
2017 6 21 0.00 74.67 47.89 63.34 0.00
2017 6 22 0.00 70.55 38.62 55.10 0.00
2017 6 23 0.00 71.58 35.53 54.07 0.00
2017 6 24 0.00 75.70 36.56 57.16 0.00
2017 6 25 0.00 81.88 37.59 59.22 0.00
2017 6 26 0.00 82.91 41.71 65.40 0.00
2017 6 27 0.00 72.61 40.68 60.25 0.00
2017 6 28 0.00 69.52 42.74 56.13 0.00
2017 6 29 0.00 68.49 33.47 52.01 0.00
2017 6 30 0.00 75.70 32.44 54.07 0.00
2017 7 1 0.00 79.82 36.56 59.22 0.00
2017 7 2 0.00 81.88 42.74 62.31 0.00
2017 7 3 0.00 81.88 42.74 63.34 0.00
2017 7 4 0.00 86.00 43.77 64.37 0.00
2017 7 5 0.00 82.91 52.01 68.49 0.00
2017 7 6 0.00 83.94 47.89 64.37 0.00
2017 7 7 0.00 86.00 45.83 66.43 0.00
2017 7 8 0.00 86.00 47.89 66.43 0.00
2017 7 9 0.00 83.94 47.89 66.43 0.00
2017 7 10 0.00 79.82 44.80 64.37 0.00
2017 7 11 0.00 78.79 42.74 61.28 0.00
2017 7 12 0.00 80.85 41.71 62.31 0.00
2017 7 13 0.00 83.94 44.80 64.37 0.00
2017 7 14 0.40 84.97 49.95 64.37 0.00
2017 7 15 0.00 83.94 45.83 65.40 0.00
2017 7 16 0.10 79.82 47.89 64.37 0.00
2017 7 17 0.00 78.79 42.74 61.28 0.00
2017 7 18 0.00 79.82 42.74 63.34 0.00
2017 7 19 0.00 79.82 43.77 62.31 0.00
2017 7 20 0.00 78.79 42.74 63.34 0.00
2017 7 21 0.00 81.88 40.68 60.25 0.00
2017 7 22 0.00 81.88 41.71 62.31 0.00
2017 7 23 0.00 84.97 43.77 66.43 0.00
2017 7 24 0.00 82.91 49.95 62.31 0.00
2017 7 25 0.00 76.73 48.92 61.28 0.00
2017 7 26 0.40 75.70 43.77 59.22 0.00
2017 7 27 0.40 75.70 45.83 60.25 0.00
2017 7 28 0.00 79.82 43.77 61.28 0.00
2017 7 29 0.00 81.88 43.77 62.31 0.00
2017 7 30 0.00 79.82 46.86 62.31 0.00
2017 7 31 0.00 80.85 45.83 63.34 0.00
2017 8 1 0.00 86.00 43.77 64.37 0.00
2017 8 2 0.00 84.97 45.83 63.34 0.00
2017 8 3 0.00 83.94 46.86 64.37 0.00
2017 8 4 0.00 82.91 45.83 64.37 0.00
2017 8 5 0.00 78.79 43.77 61.28 0.00
2017 8 6 0.00 69.52 44.80 56.13 0.00
2017 8 7 0.00 73.64 44.80 58.19 0.00
2017 8 8 0.00  nan  nan  nan 0.00
2017 8 9 0.00  nan  nan  nan 0.00
2017 8 10 0.00 76.73 40.68 58.19 0.00
2017 8 11 0.00 81.88 42.74 61.28 0.00
2017 8 12 0.00 80.85 42.74 62.31 0.00
2017 8 13 0.00 74.67 42.74 60.25 0.00
2017 8 14 0.20 57.16 41.71 49.95 0.00
2017 8 15 0.00 71.58 37.59 54.07 0.00
2017 8 16 0.00 74.67 43.77 57.16 0.00
2017 8 17 0.00  nan  nan  nan 0.00
2017 8 18 0.00 77.76 38.62 58.19 0.00
2017 8 19 0.00 81.88 39.65 59.22 0.00
2017 8 20 0.00 80.85 40.68 59.22 0.00
2017 8 21 0.00 77.76 41.71 59.22 0.00
2017 8 22 0.00 76.73 40.68 58.19 0.00
2017 8 23 0.00 73.64 43.77 58.19 0.00
2017 8 24 0.00 77.76 41.71 58.19 0.00
2017 8 25 0.00 79.82 43.77 61.28 0.00
2017 8 26 0.00 82.91 44.80 62.31 0.00
2017 8 27 0.00 83.94 44.80 62.31 0.00
2017 8 28 0.00 82.91 45.83 62.31 0.00
2017 8 29 0.00 82.91 48.92 66.43 0.00
2017 8 30 0.10 78.79 48.92 63.34 0.00
2017 8 31 0.10 76.73 41.71 57.16 0.00
2017 9 1 0.00 79.82 39.65 59.22 0.00
2017 9 2 0.00 86.00 41.71 61.28 0.00
2017 9 3 0.00 88.06 45.83 64.37 0.00
2017 9 4 0.00 88.06 44.80 62.31 0.00
2017 9 5 0.00 86.00 43.77 61.28 0.00
2017 9 6 0.00 84.97 42.74 63.34 0.00
2017 9 7 0.00 77.76 43.77 61.28 0.00
2017 9 8 0.00 76.73 46.86 58.19 0.00
2017 9 9 0.00 70.55 42.74 55.10 0.00
2017 9 10 0.00 73.64 42.74 57.16 0.00
2017 9 11 0.00 77.76 41.71 58.19 0.00
2017 9 12 0.00 71.58 44.80 59.22 0.00
2017 9 13 0.00 71.58 43.77 58.19 0.00
2017 9 14 0.20 68.49 40.68 52.01 0.00
2017 9 15 0.10 52.01 29.35 42.74 0.00
2017 9 16 0.00 56.13 25.23 40.68 0.00
2017 9 17 0.00 63.34 27.29 44.80 0.00
2017 9 18 0.00 63.34 33.47 48.92 0.00
2017 9 19 0.10 49.95 29.35 40.68 0.00
2017 9 20 0.40 56.13 29.35 44.80 0.00
2017 9 21 0.30 37.59 31.41 33.47 0.00
2017 9 22 0.10 42.74 26.26 32.44 0.00
2017 9 23 0.00 40.68 22.14 31.41 0.00
2017 9 24 0.00 46.86 25.23 34.50 0.00
2017 9 25 0.20 52.01 29.35 40.68 0.00
2017 9 26 0.00 57.16 24.20 39.65 0.00
2017 9 27 0.00 61.28 28.32 42.74 0.00
2017 9 28 0.00 63.34 28.32 43.77 0.00
2017 9 29 0.00 64.37 29.35 46.86 0.00
2017 9 30 0.10 55.10 31.41 44.80 0.00
2017 10 1 0.00 45.83 27.29 35.53 0.00
2017 10 2 0.00 41.71 22.14 31.41 0.00
2017 10 3 0.00 49.95 20.08 36.56 0.00
2017 10 4 0.50 44.80 26.26 34.50 0.00
2017 10 5 0.00 47.89 22.14 33.47 0.00
2017 10 6 0.00 58.19 26.26 44.80 0.00
2017 10 7 0.00 63.34 33.47 50.98 0.00
2017 10 8 0.10 42.74 26.26 33.47 0.00
2017 10 9 0.00 47.89 18.02 33.47 0.00
2017 10 10 0.00 56.13 23.17 37.59 0.00
2017 10 11 0.00 55.10 25.23 39.65 0.00
2017 10 12 0.00 44.80 16.99 33.47 0.00
2017 10 13 0.00 48.92 26.26 38.62 0.00
2017 10 14 0.20 42.74 13.90 27.29 0.00
2017 10 15 0.00 59.22 15.96 33.47 0.00
2017 10 16 0.00 64.37 22.14 40.68 0.00
2017 10 17 0.10 65.40 28.32 46.86 0.00
2017 10 18 0.00 64.37 28.32 43.77 0.00
2017 10 19 0.00 65.40 24.20 45.83 0.00
2017 10 20 0.30 55.10 28.32 34.50 0.00
2017 10 21 0.10 42.74 20.08 33.47 0.30
2017 10 22 0.00 57.16 30.38 45.83 0.00
2017 10 23 0.00 57.16 31.41 45.83 0.00
2017 10 24 0.00 64.37 29.35 42.74 0.00
2017 10 25 0.00 64.37 27.29 46.86 0.00
2017 10 26 0.00 57.16 29.35 42.74 0.00
2017 10 27 0.00 63.34 26.26 42.74 0.00
2017 10 28 0.00 64.37 32.44 44.80 0.00
2017 10 29 0.00 65.40 30.38 45.83 0.00
2017 10 30 0.00 59.22 25.23 38.62 0.00
2017 10 31 0.00 50.98 21.11 36.56 0.00
2017 11 1 0.00 55.10 35.53 47.89 0.00
2017 11 2 0.00 54.07 38.62 46.86 0.00
2017 11 3 0.20 45.83 35.53 40.68 0.00
2017 11 4 0.60 37.59 31.41 34.50 0.00
2017 11 5 0.00 34.50 30.38 32.44 0.20
2017 11 6 0.10 31.41 12.87 26.26 0.20
2017 11 7 0.00 34.50 5.66 16.99 0.30
2017 11 8 0.20 38.62 13.90 28.32 0.30
2017 11 9 0.00 49.95 29.35 39.65 0.50
2017 11 10 0.10 45.83 31.41 38.62 0.20
2017 11 11 0.10 42.74 22.14 31.41 0.10
2017 11 12 0.00 48.92 19.05 31.41 0.00
2017 11 13 0.00 50.98 22.14 37.59 0.00
2017 11 14 0.20 42.74 26.26 34.50 0.00
2017 11 15 0.70 48.92 28.32 40.68 0.10
2017 11 16 1.50 45.83 33.47 39.65 0.30
2017 11 17 0.40 34.50 13.90 27.29 0.80
2017 11 18 0.00 34.50 5.66 15.96 0.90
2017 11 19 0.10 43.77 8.75 24.20 0.90
2017 11 20 0.40 45.83 32.44 40.68 0.90
2017 11 21 0.00 49.95 34.50 41.71 0.40
2017 11 22 0.00 56.13 32.44 40.68 0.00
2017 11 23 0.00 54.07 34.50 47.89 0.00
2017 11 24 0.10 46.86 33.47 40.68 0.00
2017 11 25 0.00 47.89 28.32 36.56 0.00
2017 11 26 0.00 58.19 39.65 49.95 0.00
2017 11 27 0.60 47.89 23.17 33.47 0.10
2017 11 28 0.10 35.53 14.93 24.20 0.20
2017 11 29 0.00 35.53 14.93 27.29 0.20
2017 11 30 0.00 40.68 13.90 27.29 0.20
2017 12 1 0.00 38.62 18.02 29.35 0.40
2017 12 2 0.00 46.86 21.11 35.53 0.40
2017 12 3 0.40 44.80 20.08 28.32 0.40
2017 12 4 0.00 24.20 4.63 18.02 0.70
2017 12 5 0.00 40.68 2.57 15.96 0.70
2017 12 6 0.00 38.62 9.78 18.02 0.70
2017 12 7 0.10 42.74 14.93 27.29 0.70
2017 12 8 0.00 47.89 18.02 29.35 0.80
2017 12 9 0.00 46.86 16.99 25.23 0.80
2017 12 10 0.00 47.89 16.99 25.23 0.80
2017 12 11 0.00 52.01 15.96 25.23 0.80
2017 12 12 0.00 50.98 18.02 28.32 0.80
2017 12 13 0.20 48.92 18.02 33.47 0.80
2017 12 14 0.00 39.65 15.96 24.20 1.00
2017 12 15 0.00 41.71 11.84 27.29 1.00
2017 12 16 0.00 33.47 15.96 24.20 1.00
2017 12 17 0.00 31.41 7.72 19.05 1.00
2017 12 18 0.00 40.68 14.93 24.20 1.00
2017 12 19 0.00 44.80 14.93 32.44 1.00
2017 12 20 0.40 43.77 16.99 24.20 1.00
2017 12 21 0.00 25.23 8.75 18.02 1.10
2017 12 22 0.00 35.53 10.81 22.14 1.10
2017 12 23 0.00 32.44 10.81 26.26 1.10
2017 12 24 0.20 33.47 7.72 21.11 1.10
2017 12 25 0.00 36.56 31.41 33.47 1.30
2017 12 26 0.00 38.62 25.23 33.47 1.30
2017 12 27 0.00 43.77 26.26 36.56 1.20
2017 12 28 0.00 46.86 16.99 34.50 1.20
2017 12 29 0.00 49.95 29.35 44.80 1.20
2017 12 30 0.00 47.89 24.20 39.65 1.20
2017 12 31 0.00 36.56 12.87 24.20 1.10
2018 1 1 0.00 45.83 21.11 34.50 1.10
2018 1 2 0.00 46.86 20.08 28.32 1.10
2018 1 3 0.00 42.74 19.05 28.32 1.00
2018 1 4 0.00 48.92 22.14 31.41 1.00
2018 1 5 0.00 48.92 24.20 33.47 1.00
2018 1 6 0.40 40.68 23.17 32.44 1.00
2018 1 7 0.00 31.41 19.05 24.20 1.40
2018 1 8 0.10 40.68 24.20 32.44 1.40
2018 1 9 0.30 40.68 32.44 36.56 1.50
2018 1 10 0.10 38.62 28.32 30.38 1.40
2018 1 11 0.10 40.68 30.38 35.53 1.50
2018 1 12 0.00 40.68 27.29 34.50 1.50
2018 1 13 0.00 47.89 24.20 32.44 1.50
2018 1 14 0.00 47.89 22.14 30.38 1.40
2018 1 15 0.00 47.89 22.14 31.41 1.30
2018 1 16 0.10 42.74 23.17 31.41 1.20
2018 1 17 0.00 40.68 18.02 28.32 1.20
2018 1 18 0.00 52.01 28.32 42.74 1.10
2018 1 19 0.40 43.77 14.93 27.29 1.00
2018 1 20 0.10 27.29 10.81 20.08 1.20
2018 1 21 0.00 27.29 9.78 21.11 1.30
2018 1 22 0.10 31.41 18.02 27.29 1.30
2018 1 23 0.00 38.62 3.60 19.05 1.40
2018 1 24 0.10 37.59 27.29 32.44 1.40
2018 1 25 0.30 39.65 22.14 28.32 1.40
2018 1 26 0.20 27.29 12.87 23.17 1.50
2018 1 27 0.00 36.56 14.93 29.35 1.70
2018 1 28 0.00 44.80 20.08 32.44 1.70
2018 1 29 0.00 40.68 16.99 29.35 1.70
2018 1 30 0.00 46.86 31.41 42.74 1.70
2018 1 31 0.00 41.71 33.47 37.59 1.70
2018 2 1 0.00 41.71 36.56 38.62 1.70
2018 2 2 0.00 45.83 31.41 41.71 1.60
2018 2 3 0.00 43.77 36.56 40.68 1.20
2018 2 4 0.00 45.83 38.62 41.71 0.80
2018 2 5 0.00 43.77 31.41 38.62 0.40
2018 2 6 0.00 37.59 26.26 31.41 0.40
2018 2 7 0.00 46.86 27.29 37.59 0.30
2018 2 8 0.00 49.95 28.32 40.68 0.30
2018 2 9 0.00 46.86 34.50 41.71 0.30
2018 2 10 0.10 35.53 13.90 26.26 0.30
2018 2 11 0.30 35.53 9.78 22.14 0.40
2018 2 12 0.00 25.23 7.72 20.08 0.70
2018 2 13 0.00 34.50 2.57 16.99 0.70
2018 2 14 0.20 34.50 10.81 25.23 0.70
2018 2 15 0.10 25.23 3.60 18.02 0.90
2018 2 16 0.10 33.47 -0.52 20.08 1.00
2018 2 17 0.00 44.80 19.05 36.56 0.80
2018 2 18 0.30 40.68 14.93 26.26 0.80
2018 2 19 0.00 22.14 6.69 12.87 1.00
2018 2 20 0.00 16.99 -6.70 5.66 1.00
2018 2 21 0.00 24.20 -1.55 10.81 1.00
2018 2 22 0.60 23.17 -1.55 11.84 1.00
2018 2 23 0.00 20.08 0.51 12.87 1.00
2018 2 24 0.30 20.08 12.87 15.96 1.10
2018 2 25 0.00 29.35 12.87 21.11 1.40
2018 2 26 0.10 29.35 8.75 23.17 1.50
2018 2 27 0.00 31.41 -2.58 14.93 1.60
2018 2 28 0.00 33.47 3.60 20.08 1.60
2018 3 1 0.00 38.62 23.17 30.38 1.60
2018 3 2 0.50 34.50 18.02 24.20 1.60
2018 3 3 0.20 30.38 18.02 22.14 1.90
2018 3 4 0.10 26.26 10.81 21.11 2.00
2018 3 5 0.00 29.35 2.57 16.99 2.10
2018 3 6 0.00 34.50 -4.64 14.93 2.10
2018 3 7 0.10 45.83 8.75 25.23 2.10
2018 3 8 0.00 46.86 14.93 34.50 2.20
2018 3 9 0.00 43.77 33.47 36.56 2.20
2018 3 10 0.00 41.71 20.08 34.50 2.10
2018 3 11 0.00 47.89 25.23 35.53 2.00
2018 3 12 0.00 54.07 20.08 35.53 1.80
2018 3 13 0.00 52.01 33.47 44.80 1.20
2018 3 14 0.40 46.86 22.14 32.44 0.70
2018 3 15 0.20 33.47 13.90 26.26 0.90
2018 3 16 0.60 35.53 21.11 27.29 1.10
2018 3 17 0.00 29.35 12.87 23.17 1.70
2018 3 18 0.10 31.41 10.81 22.14 1.70
2018 3 19 0.00 37.59 7.72 22.14 1.80
2018 3 20 0.10 42.74 18.02 31.41 1.80
2018 3 21 0.80 46.86 30.38 36.56 1.90
2018 3 22 1.10 45.83 34.50 39.65 2.30
2018 3 23 0.00 42.74 27.29 34.50 1.60
2018 3 24 0.00 37.59 24.20 30.38 1.00
2018 3 25 0.00 28.32 21.11 23.17 1.00
2018 3 26 0.00 32.44 13.90 25.23 1.00
2018 3 27 0.00 42.74 21.11 34.50 1.00
2018 3 28 0.00 45.83 32.44 38.62 0.70
2018 3 29 0.00 45.83 29.35 37.59 0.50
2018 3 30 0.00 54.07 28.32 42.74 0.60
2018 3 31 0.00 53.04 29.35 43.77 0.60
2018 4 1 0.00 53.04 29.35 42.74 0.60
2018 4 2 0.20 41.71 15.96 30.38 0.60
2018 4 3 0.00 44.80 7.72 28.32 0.70
2018 4 4 0.00 46.86 33.47 40.68 0.60
2018 4 5 0.20 49.95 33.47 41.71 0.00
2018 4 6 0.40 42.74 36.56 38.62 0.00
2018 4 7 0.20 50.98 36.56 42.74 0.00
2018 4 8 0.20 44.80 31.41 36.56 0.00
2018 4 9 0.00 54.07 26.26 38.62 0.00
2018 4 10 0.00 60.25 29.35 46.86 0.00
2018 4 11 0.20 52.01 31.41 44.80 0.00
2018 4 12 0.50 37.59 22.14 27.29 0.00
2018 4 13 0.00 41.71 22.14 31.41 0.50
2018 4 14 0.00 50.98 27.29 38.62 0.00
2018 4 15 0.00 58.19 31.41 46.86 0.00
2018 4 16 0.30 44.80 24.20 30.38 0.00
2018 4 17 0.00 38.62 19.05 27.29 0.00
2018 4 18 0.10 45.83 15.96 34.50 0.00
2018 4 19 0.00 43.77 29.35 36.56 0.00
2018 4 20 0.00 53.04 33.47 42.74 0.00
2018 4 21 0.00 61.28 34.50 47.89 0.00
2018 4 22 0.00 63.34 30.38 45.83 0.00
2018 4 23 0.00 52.01 27.29 39.65 0.00
2018 4 24 0.00 57.16 21.11 40.68 0.00
2018 4 25 0.00 63.34 26.26 46.86 0.00
2018 4 26 0.00 67.46 29.35 49.95 0.00
2018 4 27 0.00 71.58 32.44 54.07 0.00
2018 4 28 0.00 54.07 37.59 44.80 0.00
2018 4 29 0.20 42.74 30.38 34.50 0.00
2018 4 30 0.00 41.71 28.32 34.50 0.00
2018 5 1 0.00 44.80 25.23 34.50 0.00
2018 5 2 0.00 50.98 25.23 36.56 0.00
2018 5 3 0.00 60.25 30.38 45.83 0.00
2018 5 4 0.00 65.40 31.41 48.92 0.00
2018 5 5 0.00 69.52 35.53 52.01 0.00
2018 5 6 0.00 68.49 33.47 54.07 0.00
2018 5 7 0.00 66.43 32.44 50.98 0.00
2018 5 8 0.00 72.61 34.50 54.07 0.00
2018 5 9 0.00 68.49 39.65 55.10 0.00
2018 5 10 0.00 63.34 36.56 48.92 0.00
2018 5 11 0.00 42.74 31.41 35.53 0.00
2018 5 12 0.30 43.77 31.41 36.56 0.00
2018 5 13 0.00 50.98 34.50 39.65 0.00
2018 5 14 0.20 53.04 37.59 44.80 0.00
2018 5 15 0.00 56.13 32.44 43.77 0.00
2018 5 16 0.00 58.19 31.41 44.80 0.00
2018 5 17 0.20 58.19 34.50 45.83 0.00
2018 5 18 0.10 56.13 35.53 45.83 0.00
2018 5 19 0.00 62.31 32.44 46.86 0.00
2018 5 20 0.00 59.22 37.59 46.86 0.00
2018 5 21 0.10 61.28 33.47 46.86 0.00
2018 5 22 0.10 58.19 35.53 47.89 0.00
2018 5 23 0.10 64.37 36.56 47.89 0.00
2018 5 24 0.00 67.46 37.59 50.98 0.00
2018 5 25 0.00 68.49 36.56 53.04 0.00
2018 5 26 0.10 54.07 37.59 45.83 0.00
2018 5 27 0.60 57.16 41.71 46.86 0.00
2018 5 28 0.10 61.28 37.59 48.92 0.00
2018 5 29 0.00 67.46 39.65 53.04 0.00
2018 5 30 0.00 66.43 41.71 54.07 0.00
2018 5 31 0.10 55.10 39.65 46.86 0.00
2018 6 1 0.00 58.19 33.47 44.80 0.00
2018 6 2 0.00 67.46 30.38 49.95 0.00
2018 6 3 0.00 72.61 35.53 55.10 0.00
2018 6 4 0.00 74.67 40.68 60.25 0.00
2018 6 5 0.00 70.55 42.74 59.22 0.00
2018 6 6 0.00 73.64 36.56 56.13 0.00
2018 6 7 0.00 69.52 39.65 54.07 0.00
2018 6 8 0.20 72.61 37.59 57.16 0.00
2018 6 9 0.00 67.46 36.56 55.10 0.00
2018 6 10 0.00 55.10 32.44 41.71 0.00
2018 6 11 0.00 63.34 31.41 47.89 0.00
2018 6 12 0.00 73.64 30.38 52.01 0.00
2018 6 13 0.00 79.82 38.62 61.28 0.00
2018 6 14 0.00 70.55 44.80 58.19 0.00
2018 6 15 0.00 64.37 40.68 53.04 0.00
2018 6 16 0.00 66.43 35.53 49.95 0.00
2018 6 17 0.10 54.07 38.62 44.80 0.00
2018 6 18 0.50 53.04 40.68 44.80 0.00
2018 6 19 0.00 58.19 40.68 48.92 0.00
2018 6 20 0.00 74.67 35.53 54.07 0.00
2018 6 21 0.00 71.58 42.74 60.25 0.00
2018 6 22 0.00 72.61 38.62 56.13 0.00
2018 6 23 0.00 65.40 38.62 53.04 0.00
2018 6 24 0.00 74.67 35.53 54.07 0.00
2018 6 25 0.00 80.85 36.56 62.31 0.00
2018 6 26 0.00 77.76 40.68 59.22 0.00
2018 6 27 0.00 80.85 38.62 63.34 0.00
2018 6 28 0.00 70.55 44.80 58.19 0.00
2018 6 29 0.00 64.37 37.59 50.98 0.00
2018 6 30 0.00 67.46 34.50 50.98 0.00
2018 7 1 0.00 75.70 38.62 58.19 0.00
2018 7 2 0.00 74.67 40.68 58.19 0.00
2018 7 3 0.00 66.43 33.47 50.98 0.00
2018 7 4 0.00 79.82 37.59 61.28 0.00
2018 7 5 0.00 82.91 45.83 69.52 0.00
2018 7 6 0.00 81.88 45.83 64.37 0.00
2018 7 7 0.00 81.88 40.68 63.34 0.00
2018 7 8 0.00 84.97 48.92 67.46 0.00
2018 7 9 0.00 84.97 50.98 68.49 0.00
2018 7 10 0.00 81.88 45.83 66.43 0.00
2018 7 11 0.00 82.91 40.68 61.28 0.00
2018 7 12 0.00 80.85 43.77 62.31 0.00
2018 7 13 0.00 82.91 42.74 64.37 0.00
2018 7 14 0.00 82.91 48.92 64.37 0.00
2018 7 15 0.00 83.94 44.80 61.28 0.00
2018 7 16 0.00 81.88 45.83 63.34 0.00
2018 7 17 0.00 80.85 45.83 63.34 0.00
2018 7 18 0.00 84.97 43.77 64.37 0.00
2018 7 19 0.00 86.00 42.74 64.37 0.00
2018 7 20 0.00 86.00 43.77 66.43 0.00
2018 7 21 0.00 81.88 53.04 67.46 0.00
2018 7 22 0.00 80.85 50.98 66.43 0.00
2018 7 23 0.00 80.85 47.89 64.37 0.00
2018 7 24 0.00 84.97 48.92 66.43 0.00
2018 7 25 0.00 83.94 52.01 68.49 0.00
2018 7 26 0.00 83.94 46.86 64.37 0.00
2018 7 27 0.00 83.94 45.83 64.37 0.00
2018 7 28 0.10 80.85 45.83 63.34 0.00
2018 7 29 0.00 82.91 41.71 62.31 0.00
2018 7 30 0.00 86.00 42.74 63.34 0.00
2018 7 31 0.00 87.03 47.89 67.46 0.00
2018 8 1 0.00 83.94 45.83 65.40 0.00
2018 8 2 0.00 82.91 45.83 63.34 0.00
2018 8 3 0.00 75.70 42.74 59.22 0.00
2018 8 4 0.00 74.67 37.59 58.19 0.00
2018 8 5 0.00 74.67 37.59 56.13 0.00
2018 8 6 0.00 78.79 37.59 57.16 0.00
2018 8 7 0.00 80.85 39.65 60.25 0.00
2018 8 8 0.00 86.00 40.68 64.37 0.00
2018 8 9 0.00 90.12 41.71 66.43 0.00
2018 8 10 0.00 90.12 44.80 68.49 0.00
2018 8 11 0.00 86.00 53.04 67.46 0.00
2018 8 12 0.00 82.91 48.92 67.46 0.00
2018 8 13 0.00 81.88 43.77 62.31 0.00
2018 8 14 0.00 82.91 42.74 62.31 0.00
2018 8 15 0.00 78.79 43.77 62.31 0.00
2018 8 16 0.00 80.85 47.89 63.34 0.00
2018 8 17 0.10 77.76 43.77 61.28 0.00
2018 8 18 0.00 74.67 42.74 58.19 0.00
2018 8 19 0.00 80.85 38.62 59.22 0.00
2018 8 20 0.00 73.64 42.74 59.22 0.00
2018 8 21 0.00 71.58 37.59 54.07 0.00
2018 8 22 0.00 71.58 39.65 57.16 0.00
2018 8 23 0.00 75.70 38.62 57.16 0.00
2018 8 24 0.00 74.67 38.62 57.16 0.00
2018 8 25 0.00  nan 37.59 59.22 0.00
2018 8 26 0.00 71.58 41.71 58.19 0.00
2018 8 27 0.00 60.25 34.50 50.98 0.00
2018 8 28 0.00 69.52 29.35 47.89 0.00
2018 8 29 0.00 74.67 34.50 55.10 0.00
2018 8 30 0.00 74.67 42.74 60.25 0.00
2018 8 31 0.00 70.55 38.62 56.13 0.00
2018 9 1 0.00 70.55 36.56 54.07 0.00
2018 9 2 0.00 74.67 35.53 55.10 0.00
2018 9 3 0.00 77.76 38.62 57.16 0.00
2018 9 4 0.00 77.76 39.65 58.19 0.00
2018 9 5 0.00 77.76 38.62 60.25 0.00
2018 9 6 0.00 75.70 46.86 61.28 0.00
2018 9 7 0.00 78.79 42.74 60.25 0.00
2018 9 8 0.00 74.67 42.74 61.28 0.00
2018 9 9 0.00 75.70 38.62 57.16 0.00
2018 9 10 0.00 75.70 37.59 57.16 0.00
2018 9 11 0.00 70.55 37.59 54.07 0.00
2018 9 12 0.00 65.40 38.62 53.04 0.00
2018 9 13 0.00 60.25 45.83 53.04 0.00
2018 9 14 0.00 65.40 38.62 52.01 0.00
2018 9 15 0.00 70.55 38.62 52.01 0.00
2018 9 16 0.00 66.43 35.53 50.98 0.00
2018 9 17 0.00 72.61 31.41 52.01 0.00
2018 9 18 0.00 70.55 33.47 52.01 0.00
2018 9 19 0.00 65.40 31.41 47.89 0.00
2018 9 20 0.00 63.34 30.38 46.86 0.00
2018 9 21 0.00 71.58 30.38 50.98 0.00
2018 9 22 0.00 72.61 34.50 54.07 0.00
2018 9 23 0.00 65.40 36.56 50.98 0.00
2018 9 24 0.00 59.22 30.38 44.80 0.00
2018 9 25 0.00 63.34 26.26 43.77 0.00
2018 9 26 0.00 66.43 29.35 48.92 0.00
2018 9 27 0.00 72.61 36.56 56.13 0.00
2018 9 28 0.00 76.73 37.59 55.10 0.00
2018 9 29 0.00 70.55 36.56 55.10 0.00
2018 9 30 0.00 60.25 36.56 50.98 0.00
