2016 11 9 0.00 56.13 43.77 48.92 0.00
2016 11 10 0.00 58.19 44.80 48.92 0.00
2016 11 11 0.00 54.07 43.77 46.86 0.00
2016 11 12 0.00 44.80 37.59 41.71 0.00
2016 11 13 0.00 48.92 37.59 43.77 0.00
2016 11 14 0.00 53.04 37.59 43.77 0.00
2016 11 15 0.00 44.80 30.38 37.59 0.00
2016 11 16 0.00 30.38 14.93 14.93 0.00
2016 11 17 0.00 32.44 24.20 26.26 0.00
2016 11 18 0.00 40.68 25.23 32.44 0.00
2016 11 19 0.10 36.56 28.32 32.44 0.00
2016 11 20 0.00 33.47 29.35 32.44 0.00
2016 11 21 0.00 31.41 24.20 28.32 0.00
2016 11 22 0.10 32.44 25.23 28.32 0.00
2016 11 23 0.10 29.35 21.11 24.20 0.00
2016 11 24 0.00 36.56 22.14 28.32 0.00
2016 11 25 0.10 38.62 26.26 31.41 0.00
2016 11 26 0.00 38.62 25.23 29.35 0.00
2016 11 27 0.30 26.26 20.08 23.17 0.00
2016 11 28 0.00 28.32 22.14 25.23 0.60
2016 11 29 0.00 30.38 20.08 24.20 0.60
2016 11 30 0.10 29.35 20.08 25.23 0.60
2016 12 1 0.00 28.32 18.02 21.11 0.70
2016 12 2 0.00 36.56 16.99 23.17 0.70
2016 12 3 0.00 41.71 28.32 35.53 0.70
2016 12 4 0.00 38.62 29.35 34.50 0.70
2016 12 5 0.00 31.41 18.02 24.20 0.70
2016 12 6 0.00 22.14 10.81 16.99 0.70
2016 12 7 0.40 23.17 9.78 15.96 0.70
2016 12 8 0.20 34.50 20.08 30.38 1.00
2016 12 9 0.00 36.56 33.47 34.50 1.20
2016 12 10 0.70 37.59 23.17 31.41 1.20
2016 12 11 0.00 29.35 18.02 25.23 1.40
2016 12 12 0.00 36.56 24.20 29.35 1.30
2016 12 13 0.20 34.50 28.32 30.38 1.20
2016 12 14 0.10 37.59 31.41 34.50 1.40
2016 12 15 0.90 35.53 30.38 33.47 1.60
2016 12 16 0.00 30.38 8.75 18.02 2.30
2016 12 17 0.00 23.17 6.69 13.90 2.20
2016 12 18 0.00 27.29 7.72 16.99 2.00
2016 12 19 0.20 41.71 25.23 35.53 2.00
2016 12 20 0.00 41.71 31.41 36.56 2.20
2016 12 21 0.00 31.41 23.17 27.29 2.20
2016 12 22 0.00 38.62 22.14 29.35 2.20
2016 12 23 0.50 31.41 19.05 26.26 2.20
2016 12 24 0.00 20.08 10.81 14.93 2.50
2016 12 25 0.00 22.14 5.66 11.84 2.50
2016 12 26 0.00 29.35 12.87 21.11 2.50
2016 12 27 0.10 34.50 25.23 28.32 2.50
2016 12 28 0.00 41.71 25.23 33.47 2.60
2016 12 29 0.00 50.98 36.56 42.74 2.60
2016 12 30 0.00 40.68 26.26 34.50 2.60
2016 12 31 0.00 38.62 22.14 29.35 2.60
2017 1 1 0.00 29.35 13.90 20.08 2.60
2017 1 2 0.60 20.08 12.87 15.96 2.60
2017 1 3 0.90 29.35 19.05 24.20 3.20
2017 1 4 0.70 29.35 14.93 23.17 4.00
2017 1 5 0.00 21.11 5.66 11.84 4.50
2017 1 6 0.50 25.23 3.60 18.02 4.30
2017 1 7 0.40 33.47 18.02 27.29 4.60
2017 1 8 1.40 37.59 30.38 34.50 4.90
2017 1 9 0.30 32.44 24.20 26.26 5.50
2017 1 10 1.40 30.38 26.26 28.32 5.80
2017 1 11 0.30 28.32 18.02 24.20 7.40
2017 1 12 0.10 24.20 16.99 20.08 7.70
2017 1 13 0.00 26.26 15.96 20.08 7.80
2017 1 14 0.00 28.32 16.99 22.14 7.80
2017 1 15 0.00 35.53 19.05 27.29 7.80
2017 1 16 0.10 40.68 28.32 33.47 7.90
2017 1 17 0.00 46.86 28.32 36.56 8.00
2017 1 18 0.30 30.38 25.23 28.32 8.00
2017 1 19 0.00 31.41 23.17 26.26 8.30
2017 1 20 0.50 28.32 21.11 24.20 8.30
2017 1 21 0.10 31.41 21.11 24.20 8.60
2017 1 22 0.60 31.41 20.08 24.20 8.70
2017 1 23 0.50 29.35 14.93 20.08 9.10
2017 1 24 0.00 23.17 14.93 16.99 9.50
2017 1 25 0.00 23.17 16.99 19.05 9.50
2017 1 26 0.00 26.26 15.96 20.08 9.50
2017 1 27 0.00 33.47 15.96 24.20 9.50
2017 1 28 0.00 36.56 30.38 33.47 9.50
2017 1 29 0.00 50.98 33.47 41.71 9.50
2017 1 30 0.00 49.95 36.56 42.74 9.50
2017 1 31 0.00 40.68 32.44 36.56 9.50
2017 2 1 0.00 42.74 30.38 34.50 9.50
2017 2 2 0.20 35.53 27.29 31.41 9.50
2017 2 3 0.60 33.47 29.35 31.41 9.70
2017 2 4 0.00 34.50 28.32 30.38 10.30
2017 2 5 0.10 36.56 26.26 30.38 10.30
2017 2 6 0.40 31.41 28.32 30.38 10.50
2017 2 7 0.50 37.59 28.32 33.47 11.00
2017 2 8 0.10 41.71 31.41 36.56 11.60
2017 2 9 0.70 39.65 31.41 34.50 11.60
2017 2 10 0.00 35.53 24.20 30.38 11.60
2017 2 11 0.00 34.50 21.11 26.26 11.60
2017 2 12 0.00 36.56 23.17 28.32 11.60
2017 2 13 0.00 39.65 28.32 32.44 11.60
2017 2 14 0.00 41.71 30.38 36.56 11.60
2017 2 15 0.00 40.68 35.53 38.62 11.60
2017 2 16 0.40 38.62 27.29 31.41 11.60
2017 2 17 0.60 30.38 27.29 28.32 12.00
2017 2 18 0.30 33.47 26.26 30.38 12.70
2017 2 19 0.00 33.47 24.20 28.32 13.00
2017 2 20 1.10 32.44 28.32 30.38 13.00
2017 2 21 1.20 33.47 21.11 27.29 14.10
2017 2 22 0.10 27.29 15.96 19.05 15.40
2017 2 23 0.00 23.17 8.75 14.93 15.60
2017 2 24 0.10 27.29 6.69 15.96 15.60
2017 2 25 0.00 31.41 11.84 18.02 15.80
2017 2 26 0.20 27.29 11.84 18.02 15.80
2017 2 27 0.10 26.26 8.75 15.96 16.10
2017 2 28 0.00 27.29 14.93 20.08 16.20
2017 3 1 0.10 42.74 18.02 27.29 16.20
2017 3 2 0.00 47.89 27.29 35.53 16.40
2017 3 3 0.00 45.83 29.35 36.56 16.60
2017 3 4 0.70 36.56 24.20 29.35 16.60
2017 3 5 0.30 25.23 10.81 16.99 17.70
2017 3 6 0.00 26.26 12.87 20.08 18.10
2017 3 7 0.20 33.47 22.14 27.29 18.20
2017 3 8 0.00 42.74 29.35 34.50 18.40
2017 3 9 0.00 49.95 34.50 40.68 18.40
2017 3 10 0.00 49.95 36.56 41.71 18.40
2017 3 11 0.00 53.04 34.50 42.74 18.30
2017 3 12 0.00 57.16 35.53 44.80 18.10
2017 3 13 0.00 60.25 41.71 47.89 18.00
2017 3 14 0.00 55.10 40.68 45.83 17.80
2017 3 15 0.00 48.92 34.50 40.68 17.50
2017 3 16 0.00 48.92 33.47 38.62 17.10
2017 3 17 0.00 55.10 36.56 44.80 16.80
2017 3 18 0.00 42.74 34.50 37.59 16.50
2017 3 19 0.00 46.86 36.56 39.65 16.20
2017 3 20 0.00 49.95 33.47 38.62 15.90
2017 3 21 1.20 36.56 27.29 32.44 15.60
2017 3 22 0.00 38.62 25.23 29.35 16.40
2017 3 23 0.00 41.71 22.14 30.38 16.40
2017 3 24 0.20 32.44 26.26 28.32 16.40
2017 3 25 0.00 41.71 23.17 31.41 16.60
2017 3 26 0.10 39.65 26.26 29.35 16.60
2017 3 27 0.10 34.50 22.14 27.29 16.70
2017 3 28 0.00 39.65 24.20 32.44 16.80
2017 3 29 0.00 52.01 33.47 40.68 16.80
2017 3 30 0.20 36.56 22.14 26.26 16.80
2017 3 31 0.00 38.62 20.08 29.35 17.40
2017 4 1 0.00 54.07 31.41 42.74 17.40
2017 4 2 0.00 47.89 31.41 39.65 17.20
2017 4 3 0.00 44.80 24.20 34.50 16.40
2017 4 4 0.00 53.04 33.47 40.68 16.00
2017 4 5 0.00 52.01 35.53 42.74 15.30
2017 4 6 0.70 36.56 29.35 33.47 14.40
2017 4 7 0.80 35.53 26.26 30.38 14.90
2017 4 8 0.00 33.47 19.05 24.20 15.60
2017 4 9 0.00 40.68 16.99 26.26 15.60
2017 4 10 0.10 41.71 22.14 31.41 15.60
2017 4 11 0.00 36.56 29.35 32.44 15.50
2017 4 12 0.10 41.71 30.38 34.50 15.50
2017 4 13 0.00 36.56 22.14 28.32 15.40
2017 4 14 0.20 37.59 16.99 26.26 15.20
2017 4 15 0.00 47.89 23.17 35.53 15.40
2017 4 16 0.00 47.89 31.41 37.59 15.20
2017 4 17 0.10 43.77 31.41 34.50 14.90
2017 4 18 0.00 46.86 30.38 35.53 14.50
2017 4 19 0.00 45.83 27.29 34.50 13.60
2017 4 20 0.10 40.68 27.29 31.41 13.00
2017 4 21 0.00 48.92 29.35 38.62 12.80
2017 4 22 0.00 49.95 32.44 40.68 12.00
2017 4 23 0.00 48.92 30.38 37.59 11.10
2017 4 24 0.20 37.59 28.32 32.44 10.30
2017 4 25 0.00 44.80 25.23 33.47 10.40
2017 4 26 0.10 41.71 31.41 35.53 10.10
2017 4 27 0.00 39.65 26.26 31.41 9.70
2017 4 28 0.00 40.68 21.11 30.38 9.20
2017 4 29 0.00 52.01 28.32 39.65 8.70
2017 4 30 0.00 54.07 37.59 44.80 7.90
2017 5 1 0.00 57.16 36.56 46.86 6.80
2017 5 2 0.00 56.13 39.65 47.89 5.40
2017 5 3 0.00 63.34 44.80 53.04 3.80
2017 5 4 0.00 68.49 49.95 57.16 1.80
2017 5 5 0.00 59.22 40.68 48.92 0.50
2017 5 6 0.00 42.74 31.41 36.56 0.00
2017 5 7 0.00 56.13 27.29 40.68 0.00
2017 5 8 0.00 57.16 35.53 46.86 0.00
2017 5 9 0.00 64.37 44.80 53.04 0.00
2017 5 10 0.00 67.46 44.80 54.07 0.00
2017 5 11 0.00 57.16 35.53 45.83 0.00
2017 5 12 0.00 43.77 27.29 33.47 0.00
2017 5 13 0.00 41.71 22.14 31.41 0.00
2017 5 14 0.00 42.74 26.26 32.44 0.00
2017 5 15 0.10 47.89 30.38 37.59 0.00
2017 5 16 0.20 36.56 28.32 33.47 0.00
2017 5 17 0.00 43.77 23.17 32.44 0.00
2017 5 18 0.00 53.04 31.41 42.74 0.00
2017 5 19 0.00 63.34 38.62 50.98 0.00
2017 5 20 0.00 63.34 45.83 54.07 0.00
2017 5 21 0.00 65.40 44.80 54.07 0.00
2017 5 22 0.00 69.52 48.92 58.19 0.00
2017 5 23 0.00 74.67 54.07 62.31 0.00
2017 5 24 0.00 70.55 43.77 58.19 0.00
2017 5 25 0.00 62.31 40.68 49.95 0.00
2017 5 26 0.00 59.22 37.59 47.89 0.00
2017 5 27 0.00 63.34 42.74 53.04 0.00
2017 5 28 0.00 70.55 49.95 58.19 0.00
2017 5 29 0.00 70.55 50.98 59.22 0.00
2017 5 30 0.00 70.55 46.86 58.19 0.00
2017 5 31 0.00 53.04 39.65 44.80 0.00
2017 6 1 0.00 62.31 39.65 48.92 0.00
2017 6 2 0.00 69.52 42.74 55.10 0.00
2017 6 3 0.00 67.46 47.89 55.10 0.00
2017 6 4 0.00 67.46 45.83 54.07 0.00
2017 6 5 0.00 68.49 43.77 54.07 0.00
2017 6 6 0.00 72.61 46.86 58.19 0.00
2017 6 7 0.00 68.49 47.89 55.10 0.00
2017 6 8 0.00 52.01 35.53 42.74 0.00
2017 6 9 0.00 50.98 34.50 40.68 0.00
2017 6 10 0.00 52.01 31.41 39.65 0.00
2017 6 11 0.00 38.62 29.35 32.44 0.00
2017 6 12 1.10 40.68 31.41 34.50 0.00
2017 6 13 0.00 56.13 33.47 43.77 0.00
2017 6 14 0.00 63.34 39.65 52.01 0.00
2017 6 15 0.00 67.46 43.77 54.07 0.00
2017 6 16 0.00 75.70 47.89 59.22 0.00
2017 6 17 0.00 69.52 48.92 59.22 0.00
2017 6 18 0.00 76.73 56.13 65.40 0.00
2017 6 19 0.00 83.94 61.28 69.52 0.00
2017 6 20 0.00 83.94 60.25 69.52 0.00
2017 6 21 0.00 76.73 59.22 66.43 0.00
2017 6 22 0.00 76.73 55.10 64.37 0.00
2017 6 23 0.00 78.79 55.10 66.43 0.00
2017 6 24 0.00 80.85 60.25 69.52 0.00
2017 6 25 0.00 82.91 57.16 68.49 0.00
2017 6 26 0.00 73.64 48.92 61.28 0.00
2017 6 27 0.00 73.64 47.89 59.22 0.00
2017 6 28 0.00 70.55 47.89 58.19 0.00
2017 6 29 0.00 72.61 48.92 61.28 0.00
2017 6 30 0.00 76.73 55.10 65.40 0.00
2017 7 1 0.00 74.67 54.07 63.34 0.00
2017 7 2 0.00 78.79 57.16 66.43 0.00
2017 7 3 0.00 78.79 54.07 64.37 0.00
2017 7 4 0.00 76.73 53.04 63.34 0.00
2017 7 5 0.00 77.76 52.01 63.34 0.00
2017 7 6 0.00 79.82 56.13 67.46 0.00
2017 7 7 0.00 79.82 59.22 68.49 0.00
2017 7 8 0.00 83.94 59.22 70.55 0.00
2017 7 9 0.00 81.88 57.16 68.49 0.00
2017 7 10 0.00 78.79 55.10 65.40 0.00
2017 7 11 0.00 76.73 53.04 63.34 0.00
2017 7 12 0.00 77.76 52.01 64.37 0.00
2017 7 13 0.00 79.82 52.01 64.37 0.00
2017 7 14 0.00 80.85 57.16 67.46 0.00
2017 7 15 0.00 77.76 55.10 65.40 0.00
2017 7 16 0.00 81.88 55.10 65.40 0.00
2017 7 17 0.00 76.73 54.07 64.37 0.00
2017 7 18 0.00 72.61 49.95 61.28 0.00
2017 7 19 0.00 75.70 47.89 60.25 0.00
2017 7 20 0.00 73.64 48.92 60.25 0.00
2017 7 21 0.00 75.70 52.01 63.34 0.00
2017 7 22 0.00 82.91 56.13 68.49 0.00
2017 7 23 0.00 83.94 61.28 70.55 0.00
2017 7 24 0.00 78.79 57.16 66.43 0.00
2017 7 25 0.00 73.64 55.10 61.28 0.00
2017 7 26 0.00 73.64 53.04 61.28 0.00
2017 7 27 0.00 76.73 53.04 63.34 0.00
2017 7 28 0.00 80.85 56.13 67.46 0.00
2017 7 29 0.00 80.85 55.10 67.46 0.00
2017 7 30 0.00 82.91 60.25 70.55 0.00
2017 7 31 0.00 84.97 64.37 73.64 0.00
2017 8 1 0.00 89.09 67.46 75.70 0.00
2017 8 2 0.00 86.00 63.34 73.64 0.00
2017 8 3 0.00 86.00 60.25 71.58 0.00
2017 8 4 0.00 80.85 57.16 67.46 0.00
2017 8 5 0.00 68.49 56.13 61.28 0.00
2017 8 6 0.10 74.67 49.95 58.19 0.00
2017 8 7 0.00 71.58 49.95 58.19 0.00
2017 8 8 0.00 73.64 52.01 62.31 0.00
2017 8 9 0.00 79.82 53.04 61.28 0.00
2017 8 10 0.00 75.70 52.01 62.31 0.00
2017 8 11 0.00 73.64 53.04 62.31 0.00
2017 8 12 0.00 72.61 53.04 61.28 0.00
2017 8 13 0.00 75.70 50.98 61.28 0.00
2017 8 14 0.00 70.55 50.98 58.19 0.00
2017 8 15 0.00 72.61 49.95 59.22 0.00
2017 8 16 0.00 74.67 55.10 63.34 0.00
2017 8 17 0.00 77.76 56.13 65.40 0.00
2017 8 18 0.00 80.85 59.22 68.49 0.00
2017 8 19 0.00 80.85 58.19 66.43 0.00
2017 8 20 0.00 77.76 57.16 66.43 0.00
2017 8 21 0.00 78.79 57.16 67.46 0.00
2017 8 22 0.30 75.70 52.01 60.25 0.00
2017 8 23 0.00 72.61 53.04 61.28 0.00
2017 8 24 0.00 74.67 53.04 62.31 0.00
2017 8 25 0.00 76.73 48.92 62.31 0.00
2017 8 26 0.00 79.82 56.13 67.46 0.00
2017 8 27 0.00 80.85 61.28 70.55 0.00
2017 8 28 0.00 81.88 60.25 70.55 0.00
2017 8 29 0.00 81.88 59.22 68.49 0.00
2017 8 30 0.00 77.76 55.10 65.40 0.00
2017 8 31 0.00 75.70 53.04 63.34 0.00
2017 9 1 0.00 78.79 59.22 67.46 0.00
2017 9 2 0.00 84.97 63.34 71.58 0.00
2017 9 3 0.00 82.91 64.37 71.58 0.00
2017 9 4 0.00 84.97 65.40 72.61 0.00
2017 9 5 0.00 84.97 58.19 70.55 0.00
2017 9 6 0.30 74.67 49.95 62.31 0.00
2017 9 7 0.00 67.46 49.95 57.16 0.00
2017 9 8 0.00 70.55 48.92 57.16 0.00
2017 9 9 0.00 70.55 48.92 59.22 0.00
2017 9 10 0.00 73.64 55.10 63.34 0.00
2017 9 11 0.00 76.73 59.22 65.40 0.00
2017 9 12 0.40 73.64 48.92 59.22 0.00
2017 9 13 0.20 69.52 52.01 59.22 0.00
2017 9 14 0.10 60.25 41.71 49.95 0.00
2017 9 15 0.00 56.13 38.62 45.83 0.00
2017 9 16 0.00 58.19 40.68 47.89 0.00
2017 9 17 0.00 63.34 42.74 49.95 0.00
2017 9 18 0.00 56.13 37.59 45.83 0.00
2017 9 19 0.00 50.98 31.41 40.68 0.00
2017 9 20 0.30 47.89 30.38 38.62 0.00
2017 9 21 0.00 39.65 27.29 32.44 0.00
2017 9 22 0.00 40.68 27.29 33.47 0.00
2017 9 23 0.00 46.86 30.38 37.59 0.00
2017 9 24 0.00 53.04 34.50 41.71 0.00
2017 9 25 0.00 56.13 39.65 45.83 0.00
2017 9 26 0.00 58.19 42.74 48.92 0.00
2017 9 27 0.00 60.25 42.74 49.95 0.00
2017 9 28 0.10 62.31 45.83 53.04 0.00
2017 9 29 0.00 59.22 42.74 49.95 0.00
2017 9 30 0.00 54.07 37.59 44.80 0.00
2017 10 1 0.00 46.86 30.38 36.56 0.00
2017 10 2 0.00 45.83 25.23 34.50 0.00
2017 10 3 0.00 44.80 27.29 35.53 0.00
2017 10 4 0.00 50.98 32.44 40.68 0.00
2017 10 5 0.00 54.07 37.59 44.80 0.00
2017 10 6 0.00 62.31 41.71 50.98 0.00
2017 10 7 0.00 63.34 41.71 50.98 0.00
2017 10 8 0.00 43.77 28.32 35.53 0.00
2017 10 9 0.00 46.86 28.32 36.56 0.00
2017 10 10 0.00 54.07 37.59 43.77 0.00
2017 10 11 0.00 41.71 24.20 34.50 0.00
2017 10 12 0.00 44.80 24.20 33.47 0.00
2017 10 13 0.00 46.86 29.35 36.56 0.00
2017 10 14 0.00 42.74 24.20 32.44 0.00
2017 10 15 0.00 58.19 34.50 47.89 0.00
2017 10 16 0.00 64.37 46.86 54.07 0.00
2017 10 17 0.00 60.25 44.80 50.98 0.00
2017 10 18 0.00 62.31 42.74 49.95 0.00
2017 10 19 0.20 50.98 29.35 42.74 0.00
2017 10 20 0.00 32.44 25.23 28.32 0.00
2017 10 21 0.10 40.68 24.20 32.44 0.00
2017 10 22 0.00 54.07 35.53 43.77 0.00
2017 10 23 0.00 57.16 42.74 50.98 0.00
2017 10 24 0.00 56.13 44.80 49.95 0.00
2017 10 25 0.00 65.40 49.95 56.13 0.00
2017 10 26 0.00 63.34 48.92 54.07 0.00
2017 10 27 0.00 61.28 46.86 53.04 0.00
2017 10 28 0.00 63.34 46.86 54.07 0.00
2017 10 29 0.00 63.34 48.92 54.07 0.00
2017 10 30 0.10 56.13 37.59 45.83 0.00
2017 10 31 0.00 48.92 32.44 41.71 0.00
2017 11 1 0.00 54.07 36.56 44.80 0.00
2017 11 2 0.00 44.80 33.47 36.56 0.00
2017 11 3 0.00 33.47 31.41 32.44 0.00
2017 11 4 0.60 34.50 29.35 31.41 0.00
2017 11 5 0.00 31.41 26.26 28.32 0.40
2017 11 6 0.00 32.44 24.20 27.29 0.40
2017 11 7 0.20 37.59 23.17 30.38 0.20
2017 11 8 0.20 37.59 31.41 34.50 0.40
2017 11 9 0.30 37.59 31.41 33.47 0.40
2017 11 10 0.10 35.53 29.35 32.44 0.30
2017 11 11 0.00 40.68 28.32 33.47 0.30
2017 11 12 0.00 40.68 29.35 33.47 0.20
2017 11 13 0.10 36.56 31.41 34.50 0.10
2017 11 14 0.00 38.62 28.32 32.44 0.00
2017 11 15 0.60 35.53 29.35 31.41 0.00
2017 11 16 0.40 36.56 29.35 32.44 0.60
2017 11 17 0.00 29.35 21.11 24.20 0.80
2017 11 18 0.00 41.71 23.17 32.44 0.80
2017 11 19 0.00 42.74 32.44 36.56 0.80
2017 11 20 0.10 40.68 31.41 36.56 0.80
2017 11 21 0.00 49.95 39.65 43.77 0.50
2017 11 22 0.00 56.13 44.80 48.92 0.00
2017 11 23 0.00 47.89 39.65 42.74 0.00
2017 11 24 0.00 44.80 35.53 39.65 0.00
2017 11 25 0.00 53.04 41.71 45.83 0.00
2017 11 26 0.20 46.86 31.41 39.65 0.00
2017 11 27 0.00 31.41 26.26 29.35 0.00
2017 11 28 0.00 38.62 28.32 31.41 0.00
2017 11 29 0.10 35.53 25.23 29.35 0.00
2017 11 30 0.00 40.68 29.35 34.50 0.00
2017 12 1 0.00 39.65 29.35 33.47 0.00
2017 12 2 0.00 38.62 29.35 33.47 0.00
2017 12 3 0.10 29.35 16.99 21.11 0.00
2017 12 4 0.10 28.32 15.96 21.11 0.00
2017 12 5 0.00 35.53 22.14 27.29 0.00
2017 12 6 0.00 33.47 24.20 27.29 0.00
2017 12 7 0.00 43.77 26.26 36.56 0.00
2017 12 8 0.00 46.86 36.56 40.68 0.00
2017 12 9 0.10 45.83 35.53 40.68 0.00
2017 12 10 0.00 46.86 36.56 40.68 0.00
2017 12 11 0.00 49.95 37.59 42.74 0.00
2017 12 12 0.00 55.10 40.68 46.86 0.00
2017 12 13 0.00 55.10 38.62 46.86 0.00
2017 12 14 0.00 53.04 33.47 42.74 0.00
2017 12 15 0.00 46.86 26.26 40.68 0.00
2017 12 16 0.00 26.26 15.96 20.08 0.00
2017 12 17 0.00 39.65 16.99 30.38 0.00
2017 12 18 0.00 45.83 35.53 39.65 0.00
2017 12 19 0.00 40.68 26.26 33.47 0.00
2017 12 20 0.10 26.26 14.93 18.02 0.00
2017 12 21 0.20 33.47 13.90 22.14 0.00
2017 12 22 0.00 38.62 29.35 33.47 0.20
2017 12 23 0.00 40.68 28.32 33.47 0.20
2017 12 24 0.00 42.74 28.32 35.53 0.00
2017 12 25 0.00 40.68 29.35 33.47 0.00
2017 12 26 0.00 44.80 30.38 36.56 0.00
2017 12 27 0.00 41.71 33.47 36.56 0.00
2017 12 28 0.00 46.86 35.53 40.68 0.00
2017 12 29 0.00 48.92 36.56 40.68 0.00
2017 12 30 0.00 45.83 35.53 39.65 0.00
2017 12 31 0.00 45.83 34.50 39.65 0.00
2018 1 1 0.00 48.92 36.56 40.68 0.00
2018 1 2 0.00 43.77 36.56 39.65 0.00
2018 1 3 0.00 48.92 36.56 42.74 0.00
2018 1 4 0.20 39.65 33.47 36.56 0.00
2018 1 5 0.20 38.62 34.50 36.56 0.00
2018 1 6 0.00 36.56 28.32 31.41 0.00
2018 1 7 0.00 41.71 29.35 34.50 0.00
2018 1 8 0.10 36.56 32.44 34.50 0.00
2018 1 9 0.20 38.62 31.41 34.50 0.00
2018 1 10 0.30 32.44 28.32 31.41 0.00
2018 1 11 0.00 36.56 27.29 31.41 0.00
2018 1 12 0.00 40.68 28.32 33.47 0.00
2018 1 13 0.00 42.74 35.53 38.62 0.00
2018 1 14 0.00 46.86 35.53 40.68 0.00
2018 1 15 0.00 44.80 36.56 40.68 0.00
2018 1 16 0.10 38.62 30.38 34.50 0.00
2018 1 17 0.00 44.80 34.50 38.62 0.00
2018 1 18 0.70 40.68 27.29 34.50 0.00
2018 1 19 0.00 29.35 16.99 21.11 0.70
2018 1 20 0.00 24.20 14.93 18.02 0.70
2018 1 21 0.10 27.29 19.05 23.17 0.70
2018 1 22 0.00 33.47 24.20 27.29 0.80
2018 1 23 0.00 38.62 24.20 29.35 0.80
2018 1 24 0.40 37.59 25.23 29.35 0.80
2018 1 25 0.20 25.23 16.99 21.11 1.20
2018 1 26 0.00 26.26 18.02 21.11 1.40
2018 1 27 0.20 35.53 19.05 28.32 1.40
2018 1 28 0.10 48.92 31.41 40.68 1.60
2018 1 29 0.00 50.98 38.62 44.80 1.70
2018 1 30 0.00 45.83 33.47 38.62 1.70
2018 1 31 0.00 44.80 29.35 37.59 1.70
2018 2 1 0.00 45.83 36.56 40.68 1.70
2018 2 2 0.00 49.95 36.56 41.71 1.70
2018 2 3 0.00  nan  nan  nan 1.70
2018 2 4 0.00  nan  nan  nan 1.70
2018 2 5 0.00 45.83 31.41 39.65 1.70
2018 2 6 0.00 42.74 28.32 35.53 1.70
2018 2 7 0.00 48.92 33.47 40.68 1.70
2018 2 8 0.00 55.10 40.68 45.83 1.70
2018 2 9 0.00 42.74 33.47 39.65 1.70
2018 2 10 0.00 33.47 22.14 27.29 1.70
2018 2 11 0.00 33.47 18.02 27.29 1.70
2018 2 12 0.00 24.20 15.96 19.05 1.70
2018 2 13 0.00 33.47 15.96 23.17 1.70
2018 2 14 0.00 35.53 18.02 26.26 1.70
2018 2 15 0.00 32.44 14.93 23.17 1.70
2018 2 16 0.00 38.62 25.23 31.41 1.70
2018 2 17 0.00 46.86 29.35 35.53 1.70
2018 2 18 0.00 30.38 10.81 22.14 1.70
2018 2 19 0.00 16.99 7.72 10.81 1.70
2018 2 20 0.00 21.11 1.54 10.81 1.70
2018 2 21 0.10 27.29 8.75 18.02 1.70
2018 2 22 0.10 19.05 8.75 14.93 1.80
2018 2 23 0.00 21.11 3.60 11.84 1.90
2018 2 24 0.00 23.17 13.90 18.02 1.90
2018 2 25 0.00 33.47 11.84 22.14 1.90
2018 2 26 0.50 22.14 10.81 16.99 1.90
2018 2 27 0.10 27.29 8.75 15.96 2.40
2018 2 28 0.10 30.38 18.02 23.17 2.50
2018 3 1 1.10 30.38 16.99 24.20 2.60
2018 3 2 0.30 27.29 8.75 16.99 3.70
2018 3 3 0.00 28.32 14.93 20.08 4.00
2018 3 4 0.00 27.29 13.90 19.05 4.00
2018 3 5 0.30 36.56 14.93 24.20 4.00
2018 3 6 0.00 42.74 28.32 34.50 4.30
2018 3 7 0.00 44.80 30.38 35.53 4.30
2018 3 8 0.10 38.62 28.32 32.44 4.30
2018 3 9 0.00 39.65 26.26 31.41 4.40
2018 3 10 0.20 34.50 27.29 31.41 4.40
2018 3 11 0.00 44.80 27.29 35.53 4.60
2018 3 12 0.00 48.92 33.47 39.65 4.60
2018 3 13 1.00 38.62 26.26 33.47 4.60
2018 3 14 0.20 31.41 21.11 25.23 5.00
2018 3 15 0.20 29.35 18.02 22.14 5.20
2018 3 16 0.40 31.41 18.02 22.14 5.40
2018 3 17 0.00 29.35 14.93 20.08 5.80
2018 3 18 0.10 34.50 14.93 24.20 5.80
2018 3 19 0.10 39.65 20.08 28.32 5.90
2018 3 20 0.30 38.62 28.32 32.44 6.00
2018 3 21 0.40 38.62 31.41 34.50 6.30
2018 3 22 1.40 36.56 26.26 31.41 6.60
2018 3 23 0.00 33.47 21.11 25.23 7.80
2018 3 24 0.10 32.44 19.05 23.17 7.80
2018 3 25 0.00 31.41 15.96 20.08 7.90
2018 3 26 0.00 35.53 18.02 26.26 7.90
2018 3 27 0.00 46.86 27.29 37.59 7.90
2018 3 28 0.00 48.92 35.53 41.71 7.80
2018 3 29 0.00 54.07 37.59 43.77 7.70
2018 3 30 0.00 56.13 39.65 45.83 7.50
2018 3 31 0.00 53.04 38.62 44.80 7.20
2018 4 1 0.00 53.04 35.53 42.74 6.90
2018 4 2 0.00 41.71 30.38 35.53 6.50
2018 4 3 0.00 52.01 28.32 38.62 6.20
2018 4 4 0.00 53.04 36.56 41.71 5.90
2018 4 5 0.10 45.83 32.44 37.59 5.60
2018 4 6 0.60 40.68 32.44 36.56 5.30
2018 4 7 0.50 40.68 28.32 35.53 5.20
2018 4 8 0.00 44.80 26.26 33.47 4.40
2018 4 9 0.10 54.07 34.50 44.80 4.00
2018 4 10 0.00 52.01 33.47 40.68 3.20
2018 4 11 0.10 44.80 22.14 33.47 2.50
2018 4 12 0.00 29.35 15.96 22.14 2.10
2018 4 13 0.10 44.80 21.11 33.47 2.10
2018 4 14 0.00 53.04 33.47 40.68 1.80
2018 4 15 0.40 45.83 22.14 34.50 0.90
2018 4 16 0.20 33.47 20.08 23.17 0.80
2018 4 17 0.10 36.56 14.93 25.23 1.00
2018 4 18 0.10 32.44 23.17 27.29 1.00
2018 4 19 0.00 37.59 23.17 29.35 1.10
2018 4 20 0.00 53.04 31.41 42.74 1.10
2018 4 21 0.00 59.22 39.65 47.89 0.50
2018 4 22 0.00 56.13 39.65 45.83 0.00
2018 4 23 0.00 55.10 35.53 44.80 0.00
2018 4 24 0.00 58.19 39.65 46.86 0.00
2018 4 25 0.00 65.40 44.80 54.07 0.00
2018 4 26 0.00 66.43 46.86 55.10 0.00
2018 4 27 0.10 49.95 30.38 41.71 0.00
2018 4 28 0.00 37.59 27.29 31.41 0.00
2018 4 29 0.20 36.56 26.26 30.38 0.00
2018 4 30 0.10 39.65 25.23 31.41 0.00
2018 5 1 0.10 43.77 28.32 35.53 0.00
2018 5 2 0.00 52.01 31.41 41.71 0.00
2018 5 3 0.00 60.25 37.59 48.92 0.00
2018 5 4 0.00 64.37 44.80 53.04 0.00
2018 5 5 0.00 59.22 45.83 52.01 0.00
2018 5 6 0.00 61.28 41.71 49.95 0.00
2018 5 7 0.00 66.43 40.68 53.04 0.00
2018 5 8 0.00 70.55 45.83 57.16 0.00
2018 5 9 0.00 62.31 41.71 49.95 0.00
2018 5 10 0.00 57.16 35.53 45.83 0.00
2018 5 11 0.00 44.80 28.32 35.53 0.00
2018 5 12 0.00 47.89 33.47 39.65 0.00
2018 5 13 0.00 57.16 38.62 46.86 0.00
2018 5 14 0.00 59.22 40.68 47.89 0.00
2018 5 15 0.00 54.07 40.68 45.83 0.00
2018 5 16 1.10 56.13 36.56 42.74 0.00
2018 5 17 0.20 48.92 38.62 41.71 0.00
2018 5 18 0.00 57.16 39.65 47.89 0.00
2018 5 19 0.00 61.28 41.71 48.92 0.00
2018 5 20 0.00 57.16 40.68 45.83 0.00
2018 5 21 0.00 58.19 40.68 47.89 0.00
2018 5 22 0.30 61.28 44.80 49.95 0.00
2018 5 23 0.80 57.16 43.77 47.89 0.00
2018 5 24 0.40 61.28 41.71 48.92 0.00
2018 5 25 1.40 44.80 34.50 39.65 0.00
2018 5 26 0.10 42.74 34.50 37.59 0.00
2018 5 27 0.00 57.16 38.62 47.89 0.00
2018 5 28 0.00 63.34 44.80 53.04 0.00
2018 5 29 0.00 70.55 48.92 57.16 0.00
2018 5 30 0.00 62.31 40.68 52.01 0.00
2018 5 31 0.00 50.98 35.53 40.68 0.00
2018 6 1 0.00 59.22 32.44 46.86 0.00
2018 6 2 0.00 69.52 47.89 57.16 0.00
2018 6 3 0.00 73.64 53.04 61.28 0.00
2018 6 4 0.00 69.52 45.83 57.16 0.00
2018 6 5 0.00 66.43 43.77 53.04 0.00
2018 6 6 0.00 66.43 44.80 54.07 0.00
2018 6 7 0.00 63.34 42.74 52.01 0.00
2018 6 8 0.00 67.46 41.71 53.04 0.00
2018 6 9 0.00 52.01 28.32 41.71 0.00
2018 6 10 0.00 58.19 26.26 41.71 0.00
2018 6 11 0.00 66.43 38.62 52.01 0.00
2018 6 12 0.00 75.70 48.92 59.22 0.00
2018 6 13 0.00 75.70 52.01 62.31 0.00
2018 6 14 0.00 72.61 47.89 58.19 0.00
2018 6 15 0.00 64.37 45.83 54.07 0.00
2018 6 16 0.10 61.28 38.62 47.89 0.00
2018 6 17 0.10 48.92 37.59 41.71 0.00
2018 6 18 0.00 59.22 39.65 46.86 0.00
2018 6 19 0.00 66.43 44.80 55.10 0.00
2018 6 20 0.00 72.61 49.95 59.22 0.00
2018 6 21 0.00 71.58 46.86 58.19 0.00
2018 6 22 0.00 73.64 49.95 61.28 0.00
2018 6 23 0.00 70.55 46.86 58.19 0.00
2018 6 24 0.00 77.76 50.98 63.34 0.00
2018 6 25 0.00 76.73 50.98 63.34 0.00
2018 6 26 0.00 76.73 48.92 62.31 0.00
2018 6 27 0.00 74.67 48.92 61.28 0.00
2018 6 28 0.00 66.43 45.83 55.10 0.00
2018 6 29 0.00 65.40 44.80 55.10 0.00
2018 6 30 0.00 70.55 47.89 59.22 0.00
2018 7 1 0.00 76.73 54.07 64.37 0.00
2018 7 2 0.00 72.61 50.98 61.28 0.00
2018 7 3 0.00 69.52 41.71 55.10 0.00
2018 7 4 0.00 72.61 44.80 58.19 0.00
2018 7 5 0.00 70.55 47.89 58.19 0.00
2018 7 6 0.00 63.34 48.92 56.13 0.00
2018 7 7 0.00 75.70 50.98 62.31 0.00
2018 7 8 0.00 77.76 53.04 64.37 0.00
2018 7 9 0.00 78.79 54.07 63.34 0.00
2018 7 10 0.00 76.73 52.01 63.34 0.00
2018 7 11 0.00 80.85 55.10 67.46 0.00
2018 7 12 0.00 81.88 58.19 69.52 0.00
2018 7 13 0.00 77.76 58.19 67.46 0.00
2018 7 14 0.00 81.88 59.22 69.52 0.00
2018 7 15 0.00 79.82 59.22 66.43 0.00
2018 7 16 0.00 77.76 56.13 66.43 0.00
2018 7 17 0.00  nan  nan  nan 0.00
2018 7 18 0.00  nan  nan  nan 0.00
2018 7 19 0.00 82.91 59.22 69.52 0.00
2018 7 20 0.00 81.88 59.22 68.49 0.00
2018 7 21 0.00 80.85 56.13 66.43 0.00
2018 7 22 0.00 77.76 55.10 64.37 0.00
2018 7 23 0.10 80.85 57.16 67.46 0.00
2018 7 24 0.00 82.91 59.22 68.49 0.00
2018 7 25 0.00 80.85 58.19 68.49 0.00
2018 7 26 0.00 79.82 63.34 69.52 0.00
2018 7 27 0.00 84.97 61.28 70.55 0.00
2018 7 28 0.00 75.70 59.22 66.43 0.00
2018 7 29 0.00 81.88 59.22 68.49 0.00
2018 7 30 0.00 83.94 61.28 70.55 0.00
2018 7 31 0.00 84.97 61.28 70.55 0.00
2018 8 1 0.00 82.91 58.19 68.49 0.00
2018 8 2 0.00 78.79 54.07 64.37 0.00
2018 8 3 0.00 76.73 52.01 61.28 0.00
2018 8 4 0.00 72.61 49.95 59.22 0.00
2018 8 5 0.00 68.49 48.92 57.16 0.00
2018 8 6 0.00 77.76 52.01 64.37 0.00
2018 8 7 0.00  nan  nan  nan 0.00
2018 8 8 0.00  nan  nan  nan 0.00
2018 8 9 0.00 88.06 61.28 72.61 0.00
2018 8 10 0.00 81.88 57.16 68.49 0.00
2018 8 11 0.00 80.85 59.22 68.49 0.00
2018 8 12 0.00 80.85 56.13 66.43 0.00
2018 8 13 0.00 79.82 56.13 65.40 0.00
2018 8 14 0.00 78.79 56.13 66.43 0.00
2018 8 15 0.00 79.82 58.19 66.43 0.00
2018 8 16 0.00 78.79 55.10 64.37 0.00
2018 8 17 0.00 76.73 53.04 63.34 0.00
2018 8 18 0.00 76.73 54.07 65.40 0.00
2018 8 19 0.00 79.82 55.10 65.40 0.00
2018 8 20 0.00 72.61 53.04 61.28 0.00
2018 8 21 0.00 72.61 53.04 60.25 0.00
2018 8 22 0.00 72.61 50.98 60.25 0.00
2018 8 23 0.00 74.67 46.86 59.22 0.00
2018 8 24 0.00 69.52 45.83 55.10 0.00
2018 8 25 0.00 69.52 44.80 56.13 0.00
2018 8 26 0.00 68.49 46.86 55.10 0.00
2018 8 27 0.00 68.49 43.77 54.07 0.00
2018 8 28 0.00 69.52 45.83 57.16 0.00
2018 8 29 0.00 72.61 48.92 59.22 0.00
2018 8 30 0.00 67.46 44.80 54.07 0.00
2018 8 31 0.00 68.49 44.80 55.10 0.00
2018 9 1 0.00 72.61 52.01 60.25 0.00
2018 9 2 0.00 75.70 55.10 63.34 0.00
2018 9 3 0.00 75.70 56.13 64.37 0.00
2018 9 4 0.00 76.73 55.10 64.37 0.00
2018 9 5 0.00 74.67 55.10 62.31 0.00
2018 9 6 0.00 74.67 53.04 61.28 0.00
2018 9 7 0.00 76.73 50.98 61.28 0.00
2018 9 8 0.00 73.64 50.98 59.22 0.00
2018 9 9 0.00 72.61 47.89 58.19 0.00
2018 9 10 0.00 70.55 48.92 58.19 0.00
2018 9 11 0.00 68.49 44.80 54.07 0.00
2018 9 12 0.00 57.16 36.56 45.83 0.00
2018 9 13 0.00 58.19 35.53 44.80 0.00
2018 9 14 0.00 60.25 34.50 45.83 0.00
2018 9 15 0.00 58.19 38.62 47.89 0.00
2018 9 16 0.00 63.34 37.59 48.92 0.00
2018 9 17 0.00 64.37 41.71 50.98 0.00
2018 9 18 0.00 62.31 40.68 49.95 0.00
2018 9 19 0.00 60.25 40.68 48.92 0.00
2018 9 20 0.00 63.34 42.74 52.01 0.00
2018 9 21 0.00 71.58 49.95 57.16 0.00
2018 9 22 0.00 67.46 46.86 55.10 0.00
2018 9 23 0.00 63.34 43.77 50.98 0.00
2018 9 24 0.00 62.31 42.74 52.01 0.00
2018 9 25 0.00 63.34 43.77 53.04 0.00
2018 9 26 0.00 72.61 49.95 59.22 0.00
2018 9 27 0.00 76.73 55.10 63.34 0.00
2018 9 28 0.00 73.64 52.01 61.28 0.00
2018 9 29 0.00 57.16 37.59 48.92 0.00
2018 9 30 0.00 57.16 38.62 45.83 0.00
