2014 6 20 0.00 71.58 41.71 58.19 0.00
2014 6 21 0.00 73.64 43.77 60.25 0.00
2014 6 22 0.00 75.70 50.98 62.31 0.00
2014 6 23 0.00 79.82 45.83 63.34 0.00
2014 6 24 0.00 71.58 44.80 59.22 0.00
2014 6 25 0.20 63.34 46.86 54.07 0.00
2014 6 26 0.10 57.16 44.80 49.95 0.00
2014 6 27 0.00 67.46 46.86 56.13 0.00
2014 6 28 0.00 71.58 40.68 57.16 0.00
2014 6 29 0.00 74.67 41.71 60.25 0.00
2014 6 30 0.00 81.88 50.98 66.43 0.00
2014 7 1 0.10 88.06 59.22 73.64 0.00
2014 7 2 0.10 83.94 52.01 67.46 0.00
2014 7 3 0.00 82.91 50.98 67.46 0.00
2014 7 4 0.00 80.85 49.95 67.46 0.00
2014 7 5 0.00 83.94 52.01 68.49 0.00
2014 7 6 0.00 87.03 48.92 70.55 0.00
2014 7 7 0.00 91.15 63.34 76.73 0.00
2014 7 8 0.00 87.03 69.52 75.70 0.00
2014 7 9 0.00 82.91 57.16 69.52 0.00
2014 7 10 0.00 86.00 54.07 71.58 0.00
2014 7 11 0.00 73.64 55.10 63.34 0.00
2014 7 12 0.00 83.94 50.98 68.49 0.00
2014 7 13 0.00 91.15 60.25 76.73 0.00
2014 7 14 0.00 89.09 53.04 72.61 0.00
2014 7 15 0.00 91.15 61.28 76.73 0.00
2014 7 16 0.00 89.09 65.40 76.73 0.00
2014 7 17 0.10 87.03 57.16 72.61 0.00
2014 7 18 0.00 84.97 52.01 70.55 0.00
2014 7 19 0.00 86.00 59.22 71.58 0.00
2014 7 20 0.10 82.91 52.01 67.46 0.00
2014 7 21 0.10 73.64 50.98 61.28 0.00
2014 7 22 0.00 77.76 48.92 61.28 0.00
2014 7 23 0.00 71.58 45.83 58.19 0.00
2014 7 24 0.00 72.61 35.53 56.13 0.00
2014 7 25 0.00 78.79 50.98 64.37 0.00
2014 7 26 0.00 83.94 53.04 70.55 0.00
2014 7 27 0.00 84.97 50.98 69.52 0.00
2014 7 28 0.00 88.06 57.16 75.70 0.00
2014 7 29 0.00 87.03 54.07 71.58 0.00
2014 7 30 0.00 86.00 54.07 71.58 0.00
2014 7 31 0.00 86.00 56.13 71.58 0.00
2014 8 1 0.00 84.97 56.13 71.58 0.00
2014 8 2 0.00 82.91 53.04 69.52 0.00
2014 8 3 0.00 84.97 54.07 69.52 0.00
2014 8 4 0.90 81.88 52.01 63.34 0.00
2014 8 5 0.10 74.67 52.01 60.25 0.00
2014 8 6 0.00 72.61 47.89 61.28 0.00
2014 8 7 0.00 80.85 49.95 66.43 0.00
2014 8 8 0.00 78.79 49.95 65.40 0.00
2014 8 9 0.00 82.91 50.98 68.49 0.00
2014 8 10 0.10 82.91 55.10 66.43 0.00
2014 8 11 0.20 80.85 55.10 67.46 0.00
2014 8 12 0.10 69.52 52.01 58.19 0.00
2014 8 13 0.00 70.55 45.83 57.16 0.00
2014 8 14 0.00 66.43 42.74 55.10 0.00
2014 8 15 0.00 73.64 45.83 61.28 0.00
2014 8 16 0.00 78.79 49.95 64.37 0.00
2014 8 17 0.00 80.85 50.98 67.46 0.00
2014 8 18 0.00 79.82 57.16 67.46 0.00
2014 8 19 0.10 80.85 50.98 65.40 0.00
2014 8 20 0.00 73.64 46.86 60.25 0.00
2014 8 21 0.00 73.64 42.74 58.19 0.00
2014 8 22 0.00 69.52 43.77 57.16 0.00
2014 8 23 0.00 69.52 47.89 58.19 0.00
2014 8 24 0.00 72.61 48.92 61.28 0.00
2014 8 25 0.00 68.49 49.95 59.22 0.00
2014 8 26 0.00 76.73 44.80 62.31 0.00
2014 8 27 0.00 80.85 48.92 66.43 0.00
2014 8 28 0.00 79.82 52.01 65.40 0.00
2014 8 29 0.00 78.79 50.98 64.37 0.00
2014 8 30 0.00 66.43 44.80 57.16 0.00
2014 8 31 0.00 69.52 38.62 55.10 0.00
2014 9 1 0.00 76.73 41.71 59.22 0.00
2014 9 2 0.00 78.79 46.86 63.34 0.00
2014 9 3 0.00 68.49 34.50 54.07 0.00
2014 9 4 0.00 69.52 38.62 56.13 0.00
2014 9 5 0.00 73.64 49.95 61.28 0.00
2014 9 6 0.00 80.85 50.98 66.43 0.00
2014 9 7 0.00 77.76 46.86 62.31 0.00
2014 9 8 0.00 75.70 46.86 61.28 0.00
2014 9 9 0.00 71.58 40.68 57.16 0.00
2014 9 10 0.00 75.70 40.68 59.22 0.00
2014 9 11 0.00 71.58 48.92 59.22 0.00
2014 9 12 0.00 78.79 47.89 63.34 0.00
2014 9 13 0.00 77.76 46.86 62.31 0.00
2014 9 14 0.00 78.79 47.89 63.34 0.00
2014 9 15 0.00 78.79 48.92 64.37 0.00
2014 9 16 0.00 76.73 53.04 64.37 0.00
2014 9 17 0.00 75.70 54.07 63.34 0.00
2014 9 18 0.00 68.49 45.83 57.16 0.00
2014 9 19 0.00 74.67 45.83 61.28 0.00
2014 9 20 0.00 80.85 56.13 67.46 0.00
2014 9 21 0.00 75.70 54.07 63.34 0.00
2014 9 22 0.00 74.67 45.83 60.25 0.00
2014 9 23 0.00 69.52 46.86 58.19 0.00
2014 9 24 0.10 72.61 45.83 57.16 0.00
2014 9 25 0.10 53.04 38.62 44.80 0.00
2014 9 26 0.00 57.16 33.47 45.83 0.00
2014 9 27 0.00 47.89 40.68 44.80 0.00
2014 9 28 0.00 57.16 41.71 47.89 0.00
2014 9 29 0.00 63.34 44.80 52.01 0.00
2014 9 30 0.00 57.16 39.65 46.86 0.00
2014 10 1 0.00 59.22 35.53 44.80 0.00
2014 10 2 0.00 69.52 36.56 54.07 0.00
2014 10 3 0.00 74.67 42.74 60.25 0.00
2014 10 4 0.00 74.67 43.77 62.31 0.00
2014 10 5 0.10 77.76 45.83 61.28 0.00
2014 10 6 0.00 78.79 45.83 61.28 0.00
2014 10 7 0.00 75.70 43.77 61.28 0.00
2014 10 8 0.00 67.46 42.74 55.10 0.00
2014 10 9 0.00 67.46 39.65 54.07 0.00
2014 10 10 0.00 68.49 37.59 53.04 0.00
2014 10 11 0.00 63.34 34.50 49.95 0.00
2014 10 12 0.00 62.31 28.32 44.80 0.00
2014 10 13 0.00 72.61 41.71 57.16 0.00
2014 10 14 0.00 65.40 43.77 53.04 0.00
2014 10 15 0.20 46.86 34.50 40.68 0.00
2014 10 16 0.00 57.16 36.56 44.80 0.00
2014 10 17 0.00 50.98 36.56 43.77 0.00
2014 10 18 0.00 62.31 36.56 47.89 0.00
2014 10 19 0.00 64.37 40.68 52.01 0.00
2014 10 20 0.20 54.07 33.47 43.77 0.00
2014 10 21 0.00 47.89 33.47 38.62 0.00
2014 10 22 0.10 50.98 36.56 42.74 0.00
2014 10 23 0.90 43.77 38.62 41.71 0.00
2014 10 24 0.20 61.28 38.62 49.95 0.00
2014 10 25 0.60 49.95 35.53 43.77 0.00
2014 10 26 0.00 43.77 28.32 34.50 0.00
2014 10 27 0.00 47.89 27.29 36.56 0.00
2014 10 28 0.00 57.16 31.41 45.83 0.00
2014 10 29 0.00 59.22 40.68 49.95 0.00
2014 10 30 0.00 60.25 44.80 52.01 0.00
2014 10 31 0.30 49.95 36.56 40.68 0.00
2014 11 1 0.20 40.68 27.29 33.47 0.00
2014 11 2 0.00 43.77 26.26 33.47 0.00
2014 11 3 0.00 47.89 28.32 36.56 0.00
2014 11 4 0.10 46.86 36.56 41.71 0.00
2014 11 5 0.00 60.25 35.53 47.89 0.00
2014 11 6 0.00 58.19 37.59 47.89 0.00
2014 11 7 0.00 58.19 34.50 45.83 0.00
2014 11 8 0.00 66.43 38.62 49.95 0.00
2014 11 9 0.00 56.13 36.56 46.86 0.00
2014 11 10 0.00 44.80 29.35 35.53 0.00
2014 11 11 0.00 42.74 29.35 33.47 0.00
2014 11 12 0.00 36.56 26.26 31.41 0.00
2014 11 13 0.30 42.74 32.44 36.56 0.00
2014 11 14 0.10 43.77 35.53 38.62 0.00
2014 11 15 0.00 36.56 12.87 29.35 0.00
2014 11 16 0.00 38.62 14.93 28.32 0.00
2014 11 17 0.00 49.95 22.14 35.53 0.00
2014 11 18 0.00 48.92 23.17 38.62 0.00
2014 11 19 0.20 46.86 32.44 38.62 0.00
2014 11 20 0.10 40.68 32.44 34.50 0.00
2014 11 21 0.40 36.56 31.41 33.47 0.00
2014 11 22 0.50 38.62 25.23 33.47 0.00
2014 11 23 0.10 34.50 24.20 28.32 0.00
2014 11 24 0.00 44.80 24.20 34.50 0.00
2014 11 25 0.10 49.95 30.38 39.65 0.00
2014 11 26 0.00 53.04 33.47 43.77 0.00
2014 11 27 0.00 48.92 40.68 43.77 0.00
2014 11 28 0.10 41.71 34.50 37.59 0.00
2014 11 29 0.00 37.59 27.29 34.50 0.00
2014 11 30 0.20 32.44 23.17 28.32 0.00
2014 12 1 0.00 40.68 32.44 36.56 0.00
2014 12 2 0.10 40.68 33.47 36.56 0.00
2014 12 3 0.50 39.65 32.44 36.56 0.00
2014 12 4 0.20 42.74 36.56 38.62 0.00
2014 12 5 0.00 45.83 36.56 40.68 0.00
2014 12 6 0.10 43.77 34.50 38.62 0.00
2014 12 7 0.00 46.86 33.47 39.65 0.00
2014 12 8 0.10 42.74 37.59 40.68 0.00
2014 12 9 0.10 43.77 38.62 40.68 0.00
2014 12 10 0.10 46.86 36.56 40.68 0.00
2014 12 11 0.60 42.74 32.44 37.59 0.00
2014 12 12 0.50 34.50 30.38 32.44 0.00
2014 12 13 0.00 35.53 16.99 28.32 0.40
2014 12 14 0.30 31.41 15.96 25.23 0.00
2014 12 15 0.40 33.47 28.32 30.38 0.30
2014 12 16 0.10 37.59 30.38 32.44 0.70
2014 12 17 0.20  nan  nan  nan 0.80
2014 12 18 0.10  nan  nan  nan 1.00
2014 12 19 0.30 36.56 31.41 33.47 1.10
2014 12 20 0.80 37.59 31.41 33.47 1.40
2014 12 21 0.70 43.77 36.56 40.68 2.10
2014 12 22 0.00 45.83 32.44 40.68 1.10
2014 12 23 0.00 49.95 33.47 39.65 0.10
2014 12 24 0.20 38.62 23.17 32.44 0.00
2014 12 25 0.00 30.38 18.02 25.23 0.00
2014 12 26 0.00 31.41 16.99 24.20 0.00
2014 12 27 0.00 35.53 15.96 26.26 0.00
2014 12 28 0.00 35.53 22.14 29.35 0.00
2014 12 29 0.00 28.32 14.93 22.14 0.00
2014 12 30 0.00 20.08 2.57 12.87 0.00
2014 12 31 0.00 31.41 11.84 21.11 0.00
2015 1 1 0.10 38.62 10.81 23.17 0.00
2015 1 2 0.10 43.77 18.02 29.35 0.00
2015 1 3 0.10 43.77 24.20 33.47 0.00
2015 1 4 0.00 42.74 31.41 35.53 0.00
2015 1 5 0.00 48.92 34.50 40.68 0.00
2015 1 6 0.00 54.07 35.53 44.80 0.00
2015 1 7 0.00 57.16 37.59 45.83 0.00
2015 1 8 0.00 54.07 34.50 42.74 0.00
2015 1 9 0.00 48.92 33.47 39.65 0.00
2015 1 10 0.00 46.86 32.44 39.65 0.00
2015 1 11 0.10 42.74 29.35 34.50 0.00
2015 1 12 0.00 38.62 29.35 33.47 0.00
2015 1 13 0.00 36.56 26.26 31.41 0.00
2015 1 14 0.00 41.71 26.26 33.47 0.00
2015 1 15 0.00 39.65 29.35 34.50 0.00
2015 1 16 0.30 40.68 32.44 34.50 0.00
2015 1 17 0.00 43.77 34.50 39.65 0.30
2015 1 18 0.30 46.86 30.38 39.65 0.10
2015 1 19 0.00 41.71 25.23 32.44 0.00
2015 1 20 0.00 40.68 27.29 32.44 0.00
2015 1 21 0.00 42.74 26.26 34.50 0.00
2015 1 22 0.00 44.80 26.26 34.50 0.00
2015 1 23 0.00 50.98 28.32 38.62 0.00
2015 1 24 0.00 57.16 31.41 42.74 0.00
2015 1 25 0.00 61.28 36.56 48.92 0.00
2015 1 26 0.00 59.22 40.68 48.92 0.00
2015 1 27 0.00 46.86 33.47 39.65 0.00
2015 1 28 0.00 50.98 29.35 38.62 0.00
2015 1 29 0.00 47.89 30.38 40.68 0.00
2015 1 30 0.00 46.86 30.38 37.59 0.00
2015 1 31 0.00 50.98 24.20 37.59 0.00
2015 2 1 0.10 49.95 33.47 39.65 0.00
2015 2 2 0.50 42.74 37.59 39.65 0.00
2015 2 3 0.10 46.86 36.56 40.68 0.00
2015 2 4 0.00 45.83 36.56 41.71 0.00
2015 2 5 0.00 49.95 37.59 43.77 0.00
2015 2 6 0.30 46.86 34.50 39.65 0.00
2015 2 7 0.10 45.83 36.56 39.65 0.00
2015 2 8 0.30 45.83 34.50 39.65 0.00
2015 2 9 0.00 41.71 31.41 36.56 0.00
2015 2 10 0.00 44.80 26.26 36.56 0.00
2015 2 11 0.00 52.01 32.44 41.71 0.00
2015 2 12 0.00 57.16 34.50 44.80 0.00
2015 2 13 0.00 57.16 38.62 46.86 0.00
2015 2 14 0.00 57.16 35.53 44.80 0.00
2015 2 15 0.00 50.98 26.26 39.65 0.00
2015 2 16 0.00 52.01 31.41 41.71 0.00
2015 2 17 0.00 58.19 31.41 43.77 0.00
2015 2 18 0.00 58.19 33.47 44.80 0.00
2015 2 19 0.00 56.13 31.41 42.74 0.00
2015 2 20 0.00 47.89 23.17 35.53 0.00
2015 2 21 0.00 41.71 23.17 32.44 0.00
2015 2 22 0.00 35.53 21.11 27.29 0.00
2015 2 23 0.00 39.65 20.08 29.35 0.00
2015 2 24 0.00 52.01 22.14 37.59 0.00
2015 2 25 0.00 49.95 25.23 39.65 0.00
2015 2 26 0.00 43.77 25.23 34.50 0.00
2015 2 27 0.00 39.65 23.17 31.41 0.00
2015 2 28 0.00 34.50 22.14 27.29 0.00
2015 3 1 0.00 42.74 19.05 29.35 0.00
2015 3 2 0.00 42.74 26.26 33.47 0.00
2015 3 3 0.00 41.71 22.14 30.38 0.00
2015 3 4 0.00 52.01 21.11 35.53 0.00
2015 3 5 0.10 55.10 27.29 40.68 0.00
2015 3 6 0.00 60.25 30.38 43.77 0.00
2015 3 7 0.00 62.31 32.44 47.89 0.00
2015 3 8 0.00 61.28 34.50 48.92 0.00
2015 3 9 0.00 63.34 31.41 47.89 0.00
2015 3 10 0.00 58.19 38.62 47.89 0.00
2015 3 11 0.10 44.80 37.59 39.65 0.00
2015 3 12 0.00 52.01 33.47 42.74 0.00
2015 3 13 0.00 63.34 33.47 48.92 0.00
2015 3 14 0.10 52.01 42.74 46.86 0.00
2015 3 15 0.10 58.19 36.56 46.86 0.00
2015 3 16 0.30 45.83 36.56 40.68 0.00
2015 3 17 0.00 47.89 33.47 40.68 0.00
2015 3 18 0.00 53.04 31.41 40.68 0.00
2015 3 19 0.00 60.25 29.35 44.80 0.00
2015 3 20 0.00 55.10 34.50 45.83 0.00
2015 3 21 0.00 56.13 38.62 44.80 0.00
2015 3 22 0.30 52.01 31.41 39.65 0.00
2015 3 23 0.30 37.59 28.32 33.47 0.00
2015 3 24 0.10 38.62 30.38 34.50 0.00
2015 3 25 0.10 54.07 29.35 40.68 0.00
2015 3 26 0.00 65.40 37.59 52.01 0.00
2015 3 27 0.00 64.37 42.74 53.04 0.00
2015 3 28 0.00 56.13 25.23 41.71 0.00
2015 3 29 0.00 63.34 33.47 47.89 0.00
2015 3 30 0.00 66.43 37.59 50.98 0.00
2015 3 31 0.00 45.83 22.14 35.53 0.00
2015 4 1 0.00 40.68 19.05 29.35 0.00
2015 4 2 0.00 44.80 21.11 31.41 0.00
2015 4 3 0.00 49.95 25.23 38.62 0.00
2015 4 4 0.00 46.86 26.26 36.56 0.00
2015 4 5 0.20 35.53 24.20 30.38 0.00
2015 4 6 0.00 39.65 21.11 30.38 0.00
2015 4 7 0.10 37.59 26.26 30.38 0.00
2015 4 8 0.10 43.77 26.26 33.47 0.00
2015 4 9 0.00 53.04 26.26 39.65 0.00
2015 4 10 0.00 54.07 29.35 42.74 0.00
2015 4 11 0.00 47.89 26.26 38.62 0.00
2015 4 12 0.00 56.13 23.17 39.65 0.00
2015 4 13 0.10 60.25 26.26 45.83 0.00
2015 4 14 0.00 38.62 21.11 29.35 0.00
2015 4 15 0.00 46.86 19.05 34.50 0.00
2015 4 16 0.10 59.22 31.41 45.83 0.00
2015 4 17 0.00 64.37 33.47 52.01 0.00
2015 4 18 0.00 61.28 44.80 52.01 0.00
2015 4 19 0.00 66.43 29.35 50.98 0.00
2015 4 20 0.00 66.43 37.59 54.07 0.00
2015 4 21 0.00 66.43 38.62 52.01 0.00
2015 4 22 0.00 57.16 34.50 46.86 0.00
2015 4 23 0.00 56.13 28.32 43.77 0.00
2015 4 24 0.00 44.80 31.41 36.56 0.00
2015 4 25 0.00 45.83 27.29 36.56 0.00
2015 4 26 0.00 55.10 23.17 40.68 0.00
2015 4 27 0.00 64.37 34.50 50.98 0.00
2015 4 28 0.00 69.52 40.68 56.13 0.00
2015 4 29 0.00 59.22 39.65 48.92 0.00
2015 4 30 0.00 61.28 35.53 48.92 0.00
2015 5 1 0.00 69.52 37.59 56.13 0.00
2015 5 2 0.00 68.49 39.65 55.10 0.00
2015 5 3 0.00 67.46 36.56 53.04 0.00
2015 5 4 0.00 66.43 36.56 53.04 0.00
2015 5 5 0.00 58.19 33.47 45.83 0.00
2015 5 6 0.00 48.92 30.38 39.65 0.00
2015 5 7 0.00 50.98 29.35 39.65 0.00
2015 5 8 0.00 60.25 38.62 49.95 0.00
2015 5 9 0.00 63.34 29.35 49.95 0.00
2015 5 10 0.00 64.37 37.59 53.04 0.00
2015 5 11 0.30 53.04 32.44 41.71 0.00
2015 5 12 0.50 38.62 30.38 34.50 0.00
2015 5 13 0.20 47.89 28.32 37.59 0.00
2015 5 14 0.00 47.89 32.44 39.65 0.00
2015 5 15 0.40 42.74 37.59 39.65 0.00
2015 5 16 0.00 53.04 34.50 41.71 0.00
2015 5 17 0.00 56.13 35.53 45.83 0.00
2015 5 18 0.20 48.92 38.62 43.77 0.00
2015 5 19 0.40 52.01 40.68 44.80 0.00
2015 5 20 0.00 55.10 41.71 45.83 0.00
2015 5 21 0.50 59.22 38.62 48.92 0.00
2015 5 22 0.20 54.07 43.77 46.86 0.00
2015 5 23 0.00 54.07 41.71 46.86 0.00
2015 5 24 0.00 64.37 39.65 52.01 0.00
2015 5 25 0.00 64.37 40.68 53.04 0.00
2015 5 26 0.00 65.40 38.62 53.04 0.00
2015 5 27 0.00 66.43 38.62 55.10 0.00
2015 5 28 0.00 70.55 47.89 59.22 0.00
2015 5 29 0.00 74.67 46.86 62.31 0.00
2015 5 30 0.00 73.64 48.92 61.28 0.00
2015 5 31 0.00 68.49 47.89 60.25 0.00
2015 6 1 0.10 61.28 41.71 49.95 0.00
2015 6 2 0.10 59.22 41.71 48.92 0.00
2015 6 3 0.00 62.31 39.65 50.98 0.00
2015 6 4 0.00 62.31 44.80 52.01 0.00
2015 6 5 0.00 68.49 48.92 58.19 0.00
2015 6 6 0.00 73.64 49.95 62.31 0.00
2015 6 7 0.00 78.79 57.16 67.46 0.00
2015 6 8 0.00 81.88 54.07 69.52 0.00
2015 6 9 0.50 78.79 52.01 62.31 0.00
2015 6 10 0.00 73.64 50.98 62.31 0.00
2015 6 11 0.00 76.73 41.71 63.34 0.00
2015 6 12 0.00 77.76 46.86 65.40 0.00
2015 6 13 0.00 74.67 52.01 63.34 0.00
2015 6 14 0.00 78.79 52.01 64.37 0.00
2015 6 15 0.00 76.73 47.89 63.34 0.00
2015 6 16 0.00 76.73 44.80 62.31 0.00
2015 6 17 0.00 77.76 46.86 63.34 0.00
2015 6 18 0.00 78.79 47.89 63.34 0.00
2015 6 19 0.00 71.58 43.77 59.22 0.00
2015 6 20 0.00 74.67 45.83 61.28 0.00
2015 6 21 0.00 71.58 47.89 60.25 0.00
2015 6 22 0.00 73.64 43.77 61.28 0.00
2015 6 23 0.00 77.76 45.83 63.34 0.00
2015 6 24 0.00 81.88 50.98 68.49 0.00
2015 6 25 0.00 87.03 60.25 73.64 0.00
2015 6 26 0.00 90.12 62.31 76.73 0.00
2015 6 27 0.00 89.09 55.10 73.64 0.00
2015 6 28 0.00 78.79 56.13 69.52 0.00
2015 6 29 0.00 84.97 57.16 70.55 0.00
2015 6 30 0.00 88.06 53.04 73.64 0.00
2015 7 1 0.00 90.12 60.25 75.70 0.00
2015 7 2 0.00 92.18 60.25 76.73 0.00
2015 7 3 0.00 88.06 57.16 72.61 0.00
2015 7 4 0.00 84.97 55.10 70.55 0.00
2015 7 5 0.60 75.70 54.07 61.28 0.00
2015 7 6 0.00 78.79 50.98 66.43 0.00
2015 7 7 0.70 79.82 54.07 63.34 0.00
2015 7 8 0.00 68.49 52.01 58.19 0.00
2015 7 9 1.30 70.55 46.86 57.16 0.00
2015 7 10 0.00 67.46 46.86 55.10 0.00
2015 7 11 0.00  nan  nan  nan 0.00
2015 7 12 0.00  nan  nan  nan 0.00
2015 7 13 0.00 70.55 44.80 58.19 0.00
2015 7 14 0.00 73.64 52.01 61.28 0.00
2015 7 15 0.00 76.73 52.01 64.37 0.00
2015 7 16 0.00 76.73 49.95 63.34 0.00
2015 7 17 0.00 75.70 52.01 63.34 0.00
2015 7 18 0.00 76.73 50.98 64.37 0.00
2015 7 19 0.00 79.82 50.98 66.43 0.00
2015 7 20 0.00 79.82 49.95 66.43 0.00
2015 7 21 0.20 77.76 52.01 62.31 0.00
2015 7 22 0.00 74.67 49.95 60.25 0.00
2015 7 23 0.00 72.61 44.80 59.22 0.00
2015 7 24 0.00 74.67 42.74 60.25 0.00
2015 7 25 0.00 73.64 44.80 60.25 0.00
2015 7 26 0.00 68.49 44.80 55.10 0.00
2015 7 27 0.00 66.43 38.62 53.04 0.00
2015 7 28 0.00 72.61 48.92 61.28 0.00
2015 7 29 0.00 80.85 56.13 67.46 0.00
2015 7 30 0.00 89.09 57.16 74.67 0.00
2015 7 31 0.00 88.06 57.16 73.64 0.00
2015 8 1 0.00 88.06 62.31 75.70 0.00
2015 8 2 0.00 78.79 55.10 65.40 0.00
2015 8 3 0.00 79.82 50.98 64.37 0.00
2015 8 4 0.00 78.79 48.92 64.37 0.00
2015 8 5 0.00 72.61 48.92 61.28 0.00
2015 8 6 0.00 76.73 47.89 63.34 0.00
2015 8 7 0.10 73.64 52.01 63.34 0.00
2015 8 8 0.00 75.70 44.80 60.25 0.00
2015 8 9 0.00 76.73 46.86 62.31 0.00
2015 8 10 0.00 76.73 49.95 63.34 0.00
2015 8 11 0.00 78.79 47.89 64.37 0.00
2015 8 12 0.00 79.82 48.92 64.37 0.00
2015 8 13 0.00 83.94 49.95 66.43 0.00
2015 8 14 0.00 70.55 44.80 58.19 0.00
2015 8 15 0.00 75.70 37.59 59.22 0.00
2015 8 16 0.00 80.85 50.98 66.43 0.00
2015 8 17 0.00 82.91 57.16 68.49 0.00
2015 8 18 0.00 84.97 59.22 70.55 0.00
2015 8 19 0.00 84.97 53.04 68.49 0.00
2015 8 20 0.00 81.88 49.95 66.43 0.00
2015 8 21 0.00 78.79 47.89 63.34 0.00
2015 8 22 0.00 80.85 53.04 66.43 0.00
2015 8 23 0.00 79.82 50.98 66.43 0.00
2015 8 24 0.00 79.82 52.01 65.40 0.00
2015 8 25 0.00 80.85 49.95 65.40 0.00
2015 8 26 0.00 78.79 49.95 64.37 0.00
2015 8 27 0.00 78.79 52.01 65.40 0.00
2015 8 28 0.00 79.82 52.01 65.40 0.00
2015 8 29 0.00 66.43 49.95 59.22 0.00
2015 8 30 0.00 64.37 43.77 53.04 0.00
2015 8 31 0.00 72.61 40.68 58.19 0.00
2015 9 1 0.00 75.70 44.80 60.25 0.00
2015 9 2 0.00 69.52 46.86 56.13 0.00
2015 9 3 0.00 59.22 42.74 48.92 0.00
2015 9 4 0.00 53.04 31.41 41.71 0.00
2015 9 5 0.00 57.16 26.26 42.74 0.00
2015 9 6 0.00 65.40 36.56 50.98 0.00
2015 9 7 0.00 72.61 39.65 58.19 0.00
2015 9 8 0.00 79.82 49.95 63.34 0.00
2015 9 9 0.00 82.91 47.89 66.43 0.00
2015 9 10 0.00 82.91 52.01 69.52 0.00
2015 9 11 0.00 87.03 56.13 72.61 0.00
2015 9 12 0.00 86.00 59.22 71.58 0.00
2015 9 13 0.00 77.76 55.10 66.43 0.00
2015 9 14 0.60 58.19 44.80 52.01 0.00
2015 9 15 0.10 50.98 38.62 43.77 0.00
2015 9 16 0.30 42.74 36.56 39.65 0.00
2015 9 17 0.10 54.07 37.59 43.77 0.00
2015 9 18 0.00 67.46 40.68 52.01 0.00
2015 9 19 0.00 73.64 42.74 58.19 0.00
2015 9 20 0.00 75.70 47.89 62.31 0.00
2015 9 21 0.00 76.73 45.83 61.28 0.00
2015 9 22 0.00 73.64 46.86 59.22 0.00
2015 9 23 0.00 70.55 41.71 56.13 0.00
2015 9 24 0.00 75.70 45.83 60.25 0.00
2015 9 25 0.00 75.70 49.95 63.34 0.00
2015 9 26 0.00 71.58 45.83 58.19 0.00
2015 9 27 0.00 71.58 41.71 57.16 0.00
2015 9 28 0.00 74.67 43.77 59.22 0.00
2015 9 29 0.00 71.58 44.80 58.19 0.00
2015 9 30 0.00 62.31 40.68 52.01 0.00
2015 10 1 0.00 54.07 39.65 48.92 0.00
2015 10 2 0.00 66.43 36.56 52.01 0.00
2015 10 3 0.00 52.01 32.44 44.80 0.00
2015 10 4 0.00 63.34 44.80 53.04 0.00
2015 10 5 0.00 68.49 46.86 55.10 0.00
2015 10 6 0.00 69.52 41.71 55.10 0.00
2015 10 7 0.00 68.49 45.83 57.16 0.00
2015 10 8 0.00 74.67 47.89 61.28 0.00
2015 10 9 0.00 75.70 48.92 61.28 0.00
2015 10 10 0.00 69.52 46.86 57.16 0.00
2015 10 11 0.00 70.55 36.56 53.04 0.00
2015 10 12 0.00 74.67 45.83 59.22 0.00
2015 10 13 0.00 76.73 47.89 61.28 0.00
2015 10 14 0.00 77.76 47.89 63.34 0.00
2015 10 15 0.00 78.79 52.01 64.37 0.00
2015 10 16 0.00 74.67 53.04 62.31 0.00
2015 10 17 0.10 55.10 41.71 49.95 0.00
2015 10 18 0.00 57.16 39.65 46.86 0.00
2015 10 19 0.00 53.04 34.50 43.77 0.00
2015 10 20 0.00 55.10 35.53 44.80 0.00
2015 10 21 0.00 63.34 33.47 46.86 0.00
2015 10 22 0.00 61.28 36.56 48.92 0.00
2015 10 23 0.10 60.25 33.47 47.89 0.00
2015 10 24 0.00 59.22 41.71 48.92 0.00
2015 10 25 0.00 57.16 32.44 47.89 0.00
2015 10 26 0.00 58.19 31.41 43.77 0.00
2015 10 27 0.20 58.19 39.65 46.86 0.00
2015 10 28 0.10 48.92 31.41 41.71 0.00
2015 10 29 0.00 50.98 31.41 39.65 0.00
2015 10 30 0.00 49.95 32.44 42.74 0.00
2015 10 31 0.00 58.19 40.68 47.89 0.00
2015 11 1 0.30 46.86 36.56 42.74 0.00
2015 11 2 0.00 39.65 30.38 35.53 0.00
2015 11 3 0.00 39.65 27.29 32.44 0.00
2015 11 4 0.00 41.71 24.20 31.41 0.00
2015 11 5 0.00 42.74 24.20 33.47 0.00
2015 11 6 0.00 47.89 24.20 35.53 0.00
2015 11 7 0.10 53.04 26.26 40.68 0.00
2015 11 8 0.20 38.62 30.38 35.53 0.00
2015 11 9 0.00 37.59 25.23 29.35 0.10
2015 11 10 0.00 38.62 24.20 29.35 0.00
2015 11 11 0.10 40.68 23.17 31.41 0.00
2015 11 12 0.00 46.86 26.26 34.50 0.00
2015 11 13 0.00 53.04 30.38 40.68 0.00
2015 11 14 0.00 53.04 37.59 42.74 0.00
2015 11 15 0.00 39.65 22.14 30.38 0.00
2015 11 16 0.10 33.47 18.02 25.23 0.00
2015 11 17 0.10 42.74 26.26 34.50 0.00
2015 11 18 0.10 44.80 34.50 38.62 0.00
2015 11 19 0.00 44.80 35.53 40.68 0.00
2015 11 20 0.00 44.80 31.41 37.59 0.00
2015 11 21 0.00 48.92 30.38 39.65 0.00
2015 11 22 0.00 52.01 30.38 40.68 0.00
2015 11 23 0.00 50.98 33.47 41.71 0.00
2015 11 24 0.10 37.59 21.11 29.35 0.00
2015 11 25 0.30 26.26 12.87 20.08 0.10
2015 11 26 0.00 29.35 7.72 19.05 0.40
2015 11 27 0.00 29.35 10.81 20.08 0.40
2015 11 28 0.00 31.41 5.66 19.05 0.40
2015 11 29 0.00 38.62 9.78 23.17 0.40
2015 11 30 0.00 36.56 15.96 27.29 0.40
2015 12 1 0.00 39.65 22.14 32.44 0.40
2015 12 2 0.30 40.68 30.38 36.56 0.40
2015 12 3 0.10 46.86 31.41 36.56 0.70
2015 12 4 0.30 34.50 24.20 29.35 0.70
2015 12 5 0.10 36.56 23.17 30.38 0.90
2015 12 6 0.30 36.56 29.35 32.44 1.00
2015 12 7 0.00 38.62 35.53 37.59 1.30
2015 12 8 0.00 44.80 38.62 40.68 0.80
2015 12 9 0.30 42.74 34.50 39.65 0.00
2015 12 10 0.80 42.74 29.35 33.47 0.00
2015 12 11 0.20 30.38 27.29 28.32 0.00
2015 12 12 0.60 29.35 27.29 28.32 0.20
2015 12 13 0.70 34.50 20.08 27.29 0.80
2015 12 14 0.20 26.26 18.02 21.11 1.50
2015 12 15 0.00 32.44 7.72 18.02 1.50
2015 12 16 0.20 31.41 11.84 22.14 1.30
2015 12 17 0.40 32.44 24.20 29.35 1.50
2015 12 18 0.50 33.47 29.35 31.41 1.90
2015 12 19 0.00 32.44 12.87 25.23 2.40
2015 12 20 0.80 27.29 14.93 24.20 2.10
2015 12 21 0.80 32.44 26.26 30.38 2.90
2015 12 22 0.40 32.44 23.17 30.38 3.70
2015 12 23 0.10 28.32 22.14 24.20 4.10
2015 12 24 0.10 27.29 15.96 21.11 4.20
2015 12 25 0.00 25.23 3.60 18.02 4.30
2015 12 26 0.10 24.20 -2.58 13.90 4.30
2015 12 27 0.20 29.35 16.99 23.17 4.30
2015 12 28 0.00 28.32 15.96 23.17 4.50
2015 12 29 0.30 28.32 6.69 16.99 4.40
2015 12 30 0.00 32.44 6.69 20.08 4.70
2015 12 31 0.00 22.14 5.66 12.87 4.60
2016 1 1 0.00 21.11 5.66 11.84 4.50
2016 1 2 0.20 27.29 5.66 18.02 4.50
2016 1 3 0.00 37.59 19.05 30.38 4.70
2016 1 4 0.20 37.59 24.20 31.41 4.60
2016 1 5 0.20 35.53 28.32 32.44 4.80
2016 1 6 0.10 30.38 26.26 28.32 5.00
2016 1 7 0.00 36.56 24.20 28.32 5.10
2016 1 8 0.00 33.47 16.99 26.26 5.00
2016 1 9 0.30 32.44 22.14 27.29 5.00
2016 1 10 0.00 36.56 13.90 25.23 5.30
2016 1 11 0.20 36.56 20.08 28.32 5.20
2016 1 12 0.10 39.65 28.32 33.47 5.40
2016 1 13 0.70 34.50 24.20 30.38 5.40
2016 1 14 0.70 28.32 21.11 25.23 6.10
2016 1 15 0.20 33.47 24.20 27.29 6.80
2016 1 16 0.20 33.47 29.35 31.41 6.80
2016 1 17 0.40 38.62 32.44 34.50 6.90
2016 1 18 0.00 37.59 31.41 33.47 6.90
2016 1 19 0.30 35.53 29.35 33.47 6.90
2016 1 20 0.00 36.56 19.05 31.41 7.00
2016 1 21 0.00 45.83 34.50 38.62 7.10
2016 1 22 0.20 39.65 32.44 36.56 6.90
2016 1 23 0.40 37.59 29.35 32.44 7.10
2016 1 24 0.00 34.50 28.32 29.35 7.40
2016 1 25 0.00 40.68 20.08 28.32 7.30
2016 1 26 0.00 45.83 19.05 31.41 7.50
2016 1 27 0.00 46.86 26.26 36.56 7.60
2016 1 28 0.30 39.65 32.44 35.53 7.70
2016 1 29 0.90 36.56 26.26 32.44 7.60
2016 1 30 0.00 34.50 12.87 23.17 8.00
2016 1 31 0.00 28.32 14.93 22.14 7.90
2016 2 1 0.00 29.35 6.69 16.99 8.10
2016 2 2 0.40 27.29 14.93 22.14 8.00
2016 2 3 0.20 29.35 15.96 24.20 7.50
2016 2 4 0.20 37.59 20.08 27.29 7.60
2016 2 5 0.00 40.68 19.05 31.41 7.80
2016 2 6 0.10 49.95 28.32 36.56 7.80
2016 2 7 0.00 52.01 29.35 39.65 7.90
2016 2 8 0.00 50.98 36.56 44.80 7.90
2016 2 9 0.00 54.07 33.47 45.83 7.90
2016 2 10 0.00 53.04 37.59 43.77 7.90
2016 2 11 0.00 56.13 37.59 46.86 7.70
2016 2 12 0.00 52.01 34.50 43.77 7.60
2016 2 13 0.00 44.80 25.23 37.59 7.50
2016 2 14 0.10 47.89 34.50 39.65 7.40
2016 2 15 0.00 52.01 35.53 40.68 7.30
2016 2 16 0.00 52.01 34.50 43.77 7.00
2016 2 17 0.30 46.86 28.32 41.71 6.90
2016 2 18 0.20 32.44 26.26 29.35 6.80
2016 2 19 0.30 35.53 28.32 30.38 6.80
2016 2 20 0.00 39.65 14.93 30.38 7.10
2016 2 21 0.00 44.80 26.26 34.50 7.00
2016 2 22 0.00 41.71 22.14 30.38 7.10
2016 2 23 0.10 45.83 27.29 35.53 7.00
2016 2 24 0.00 54.07 33.47 41.71 7.10
2016 2 25 0.00 56.13 31.41 43.77 6.90
2016 2 26 0.10 53.04 35.53 42.74 6.90
2016 2 27 0.00 42.74 27.29 35.53 6.80
2016 2 28 0.00 46.86 28.32 38.62 6.60
2016 2 29 0.00 46.86 24.20 36.56 6.30
2016 3 1 0.00 47.89 36.56 40.68 6.10
2016 3 2 0.00 50.98 34.50 41.71 5.80
2016 3 3 0.00 49.95 34.50 41.71 5.40
2016 3 4 0.10 46.86 34.50 39.65 4.70
2016 3 5 0.50 45.83 34.50 40.68 4.30
2016 3 6 0.40 36.56 28.32 32.44 3.50
2016 3 7 0.00 38.62 26.26 31.41 3.90
2016 3 8 0.40 34.50 19.05 27.29 3.90
2016 3 9 0.40 41.71 29.35 34.50 4.10
2016 3 10 0.10 39.65 35.53 37.59 4.40
2016 3 11 0.10 42.74 31.41 36.56 4.20
2016 3 12 0.40 34.50 29.35 31.41 3.80
2016 3 13 0.50 38.62 29.35 33.47 4.20
2016 3 14 0.00 36.56 24.20 29.35 4.60
2016 3 15 0.00 38.62 20.08 29.35 4.50
2016 3 16 0.00 52.01 26.26 37.59 4.50
2016 3 17 0.00 55.10 28.32 42.74 4.30
2016 3 18 0.00 60.25 33.47 46.86 3.90
2016 3 19 0.10 57.16 35.53 45.83 3.30
2016 3 20 0.20 46.86 34.50 40.68 2.60
2016 3 21 0.20 40.68 29.35 32.44 1.80
2016 3 22 0.00 37.59 25.23 30.38 1.90
2016 3 23 0.10 44.80 22.14 34.50 1.90
2016 3 24 0.00 47.89 29.35 38.62 1.80
2016 3 25 0.00 47.89 24.20 35.53 0.90
2016 3 26 0.10 44.80 27.29 36.56 0.10
2016 3 27 0.00 42.74 27.29 35.53 0.00
2016 3 28 0.00 38.62 25.23 30.38 0.00
2016 3 29 0.00 41.71 28.32 34.50 0.00
2016 3 30 0.00 52.01 27.29 39.65 0.00
2016 3 31 0.00 59.22 30.38 45.83 0.00
2016 4 1 0.00 62.31 40.68 49.95 0.00
2016 4 2 0.00 61.28 34.50 48.92 0.00
2016 4 3 0.00 60.25 35.53 47.89 0.00
2016 4 4 0.00 47.89 32.44 40.68 0.00
2016 4 5 0.00 56.13 26.26 42.74 0.00
2016 4 6 0.00 66.43 36.56 55.10 0.00
2016 4 7 0.00 70.55 53.04 60.25 0.00
2016 4 8 0.00 69.52 47.89 58.19 0.00
2016 4 9 0.10 63.34 41.71 49.95 0.00
2016 4 10 0.00 61.28 36.56 46.86 0.00
2016 4 11 0.00 61.28 35.53 47.89 0.00
2016 4 12 0.40 44.80 33.47 41.71 0.00
2016 4 13 0.00 47.89 30.38 38.62 0.00
2016 4 14 0.10 37.59 26.26 30.38 0.00
2016 4 15 0.10 47.89 26.26 36.56 0.00
2016 4 16 0.00 57.16 30.38 45.83 0.00
2016 4 17 0.00 63.34 36.56 50.98 0.00
2016 4 18 0.00 67.46 39.65 55.10 0.00
2016 4 19 0.00 69.52 42.74 56.13 0.00
2016 4 20 0.00 65.40 40.68 52.01 0.00
2016 4 21 0.00 59.22 38.62 49.95 0.00
2016 4 22 0.20 44.80 33.47 38.62 0.00
2016 4 23 0.00 47.89 33.47 39.65 0.00
2016 4 24 0.00 46.86 30.38 36.56 0.00
2016 4 25 0.00 45.83 27.29 35.53 0.00
2016 4 26 0.10 46.86 22.14 36.56 0.00
2016 4 27 0.00 48.92 33.47 38.62 0.00
2016 4 28 0.00 50.98 27.29 39.65 0.00
2016 4 29 0.00 48.92 30.38 37.59 0.00
2016 4 30 0.10 53.04 32.44 41.71 0.00
2016 5 1 0.00 59.22 36.56 47.89 0.00
2016 5 2 0.00 59.22 38.62 49.95 0.00
2016 5 3 0.00 63.34 39.65 50.98 0.00
2016 5 4 0.10 59.22 42.74 49.95 0.00
2016 5 5 0.00 52.01 42.74 46.86 0.00
2016 5 6 1.00 53.04 43.77 46.86 0.00
2016 5 7 0.00 58.19 44.80 52.01 0.00
2016 5 8 0.00 65.40 39.65 52.01 0.00
2016 5 9 0.00 58.19 32.44 45.83 0.00
2016 5 10 0.00 56.13 37.59 45.83 0.00
2016 5 11 0.00 65.40 37.59 53.04 0.00
2016 5 12 0.00 69.52 43.77 57.16 0.00
2016 5 13 0.00 71.58 47.89 60.25 0.00
2016 5 14 0.10 58.19 38.62 47.89 0.00
2016 5 15 0.00 52.01 38.62 42.74 0.00
2016 5 16 0.00 53.04 36.56 44.80 0.00
2016 5 17 0.00 63.34 40.68 53.04 0.00
2016 5 18 0.00 70.55 42.74 58.19 0.00
2016 5 19 0.10 50.98 33.47 43.77 0.00
2016 5 20 0.60 40.68 31.41 33.47 0.00
2016 5 21 0.40 46.86 31.41 36.56 0.00
2016 5 22 0.30 45.83 32.44 37.59 0.00
2016 5 23 0.10 49.95 34.50 40.68 0.00
2016 5 24 0.10 56.13 34.50 44.80 0.00
2016 5 25 0.00 55.10 37.59 45.83 0.00
2016 5 26 0.00 60.25 34.50 48.92 0.00
2016 5 27 0.00 57.16 33.47 45.83 0.00
2016 5 28 0.00 63.34 35.53 50.98 0.00
2016 5 29 0.00 65.40 39.65 54.07 0.00
2016 5 30 0.00 69.52 40.68 57.16 0.00
2016 5 31 0.00 74.67 50.98 61.28 0.00
2016 6 1 0.00 74.67 47.89 62.31 0.00
2016 6 2 0.00 71.58 45.83 59.22 0.00
2016 6 3 0.00 77.76 48.92 64.37 0.00
2016 6 4 0.00 81.88 58.19 70.55 0.00
2016 6 5 0.00 78.79 56.13 64.37 0.00
2016 6 6 0.00 79.82 48.92 67.46 0.00
2016 6 7 0.00 80.85 55.10 67.46 0.00
2016 6 8 0.00 72.61 45.83 61.28 0.00
2016 6 9 0.00 68.49 41.71 55.10 0.00
2016 6 10 0.00 60.25 38.62 48.92 0.00
2016 6 11 0.00 60.25 33.47 48.92 0.00
2016 6 12 0.00 66.43 43.77 55.10 0.00
2016 6 13 0.00 67.46 40.68 54.07 0.00
2016 6 14 0.00 52.01 35.53 43.77 0.00
2016 6 15 0.30 44.80 32.44 37.59 0.00
2016 6 16 0.10 50.98 32.44 40.68 0.00
2016 6 17 0.20 53.04 38.62 43.77 0.00
2016 6 18 0.40 53.04 33.47 43.77 0.00
2016 6 19 0.00 70.55 40.68 55.10 0.00
2016 6 20 0.00 72.61 41.71 59.22 0.00
2016 6 21 0.00 73.64 44.80 60.25 0.00
2016 6 22 0.00 75.70 46.86 62.31 0.00
2016 6 23 0.00 69.52 43.77 56.13 0.00
2016 6 24 0.00 63.34 37.59 52.01 0.00
2016 6 25 0.00 75.70 45.83 60.25 0.00
2016 6 26 0.00 80.85 50.98 67.46 0.00
2016 6 27 0.00 81.88 49.95 67.46 0.00
2016 6 28 0.00 83.94 52.01 69.52 0.00
2016 6 29 0.00 80.85 50.98 67.46 0.00
2016 6 30 0.00 80.85 49.95 67.46 0.00
2016 7 1 0.00 81.88 58.19 69.52 0.00
2016 7 2 0.00 82.91 53.04 69.52 0.00
2016 7 3 0.00 78.79 52.01 66.43 0.00
2016 7 4 0.10 74.67 47.89 62.31 0.00
2016 7 5 0.00 71.58 45.83 59.22 0.00
2016 7 6 0.00 70.55 42.74 58.19 0.00
2016 7 7 0.00 75.70 44.80 61.28 0.00
2016 7 8 0.00 64.37 48.92 56.13 0.00
2016 7 9 0.10 66.43 43.77 56.13 0.00
2016 7 10 0.00 53.04 36.56 44.80 0.00
2016 7 11 0.00 68.49 32.44 50.98 0.00
2016 7 12 0.00 68.49 41.71 56.13 0.00
2016 7 13 0.00 77.76 44.80 62.31 0.00
2016 7 14 0.00 81.88 52.01 68.49 0.00
2016 7 15 0.00 77.76 48.92 64.37 0.00
2016 7 16 0.00 74.67 47.89 61.28 0.00
2016 7 17 0.00 74.67 44.80 61.28 0.00
2016 7 18 0.00 70.55 45.83 58.19 0.00
2016 7 19 0.00 70.55 43.77 57.16 0.00
2016 7 20 0.00 75.70 41.71 60.25 0.00
2016 7 21 0.00 78.79 46.86 63.34 0.00
2016 7 22 0.00 73.64 42.74 60.25 0.00
2016 7 23 0.00 78.79 46.86 64.37 0.00
2016 7 24 0.00 86.00 57.16 70.55 0.00
2016 7 25 0.00 84.97 52.01 70.55 0.00
2016 7 26 0.00 84.97 53.04 70.55 0.00
2016 7 27 0.00 87.03 56.13 74.67 0.00
2016 7 28 0.00 90.12 59.22 75.70 0.00
2016 7 29 0.00 90.12 63.34 78.79 0.00
2016 7 30 0.00 87.03 57.16 72.61 0.00
2016 7 31 0.00 84.97 53.04 68.49 0.00
2016 8 1 0.00 83.94 49.95 67.46 0.00
2016 8 2 0.00 78.79 49.95 64.37 0.00
2016 8 3 0.00 77.76 43.77 63.34 0.00
2016 8 4 0.00 82.91 56.13 68.49 0.00
2016 8 5 0.00 79.82 50.98 62.31 0.00
2016 8 6 0.00 77.76 45.83 62.31 0.00
2016 8 7 0.00 73.64 46.86 60.25 0.00
2016 8 8 0.00 70.55 41.71 57.16 0.00
2016 8 9 0.00 69.52 40.68 55.10 0.00
2016 8 10 0.00 75.70 50.98 62.31 0.00
2016 8 11 0.00 79.82 52.01 67.46 0.00
2016 8 12 0.00 82.91 49.95 69.52 0.00
2016 8 13 0.00 87.03 55.10 72.61 0.00
2016 8 14 0.00 83.94 54.07 70.55 0.00
2016 8 15 0.00 84.97 52.01 70.55 0.00
2016 8 16 0.00 87.03 61.28 73.64 0.00
2016 8 17 0.00 84.97 64.37 73.64 0.00
2016 8 18 0.00 86.00 63.34 74.67 0.00
2016 8 19 0.00 87.03 59.22 75.70 0.00
2016 8 20 0.00 87.03 56.13 72.61 0.00
2016 8 21 0.00 82.91 52.01 67.46 0.00
2016 8 22 0.00 78.79 47.89 64.37 0.00
2016 8 23 0.00 75.70 44.80 62.31 0.00
2016 8 24 0.00 75.70 52.01 64.37 0.00
2016 8 25 0.00 73.64 53.04 63.34 0.00
2016 8 26 0.00 77.76 52.01 65.40 0.00
2016 8 27 0.00 78.79 47.89 63.34 0.00
2016 8 28 0.00 78.79 47.89 64.37 0.00
2016 8 29 0.00 78.79 52.01 63.34 0.00
2016 8 30 0.00 74.67 48.92 61.28 0.00
2016 8 31 0.00 74.67 45.83 60.25 0.00
2016 9 1 0.00 70.55 42.74 56.13 0.00
2016 9 2 0.00 63.34 41.71 52.01 0.00
2016 9 3 0.00 64.37 41.71 52.01 0.00
2016 9 4 0.00 60.25 37.59 48.92 0.00
2016 9 5 0.00 66.43 38.62 50.98 0.00
2016 9 6 0.00 65.40 38.62 52.01 0.00
2016 9 7 0.00 71.58 42.74 56.13 0.00
2016 9 8 0.00 74.67 43.77 59.22 0.00
2016 9 9 0.00 73.64 48.92 61.28 0.00
2016 9 10 0.00 79.82 47.89 64.37 0.00
2016 9 11 0.00 73.64 46.86 59.22 0.00
2016 9 12 0.00 59.22 41.71 49.95 0.00
2016 9 13 0.00 61.28 38.62 49.95 0.00
2016 9 14 0.00 64.37 33.47 49.95 0.00
2016 9 15 0.00 68.49 47.89 57.16 0.00
2016 9 16 0.00 72.61 40.68 59.22 0.00
2016 9 17 0.00 74.67 46.86 60.25 0.00
2016 9 18 0.00 73.64 47.89 59.22 0.00
2016 9 19 0.00 73.64 45.83 59.22 0.00
2016 9 20 0.00 69.52 43.77 56.13 0.00
2016 9 21 0.00 59.22 38.62 49.95 0.00
2016 9 22 0.00 49.95 34.50 40.68 0.00
2016 9 23 0.10 53.04 27.29 41.71 0.00
2016 9 24 0.00 69.52 32.44 50.98 0.00
2016 9 25 0.00 73.64 52.01 62.31 0.00
2016 9 26 0.00 80.85 49.95 64.37 0.00
2016 9 27 0.00 78.79 49.95 64.37 0.00
2016 9 28 0.00 79.82 47.89 64.37 0.00
2016 9 29 0.00 72.61 48.92 60.25 0.00
2016 9 30 0.00 64.37 34.50 52.01 0.00
2016 10 1 0.00 53.04 27.29 39.65 0.00
2016 10 2 0.10 41.71 29.35 34.50 0.00
2016 10 3 0.10 36.56 30.38 33.47 0.00
2016 10 4 0.00 46.86 31.41 37.59 0.00
2016 10 5 0.00 47.89 27.29 37.59 0.00
2016 10 6 0.00 55.10 27.29 40.68 0.00
2016 10 7 0.00 63.34 35.53 48.92 0.00
2016 10 8 0.00 68.49 40.68 54.07 0.00
2016 10 9 0.00 68.49 41.71 55.10 0.00
2016 10 10 0.00 64.37 40.68 50.98 0.00
2016 10 11 0.00 60.25 35.53 46.86 0.00
2016 10 12 0.00 64.37 36.56 49.95 0.00
2016 10 13 0.10 53.04 42.74 46.86 0.00
2016 10 14 0.70 48.92 38.62 42.74 0.00
2016 10 15 0.10 46.86 37.59 41.71 0.00
2016 10 16 0.40 45.83 32.44 38.62 0.00
2016 10 17 0.10 45.83 32.44 37.59 0.00
2016 10 18 0.10 41.71 28.32 35.53 0.00
2016 10 19 0.00 53.04 29.35 41.71 0.00
2016 10 20 0.00 59.22 39.65 46.86 0.00
2016 10 21 0.00 61.28 37.59 47.89 0.00
2016 10 22 0.00 57.16 33.47 44.80 0.00
2016 10 23 0.10 59.22 37.59 47.89 0.00
2016 10 24 0.10 48.92 39.65 44.80 0.00
2016 10 25 0.40 46.86 39.65 43.77 0.00
2016 10 26 0.00 54.07 42.74 47.89 0.00
2016 10 27 0.20 46.86 36.56 41.71 0.00
2016 10 28 0.00 46.86 37.59 41.71 0.00
2016 10 29 0.20 48.92 39.65 44.80 0.00
2016 10 30 0.10 49.95 33.47 39.65 0.00
2016 10 31 0.20 39.65 32.44 35.53 0.00
2016 11 1 0.00 44.80 30.38 35.53 0.00
2016 11 2 0.00 56.13 32.44 41.71 0.00
2016 11 3 0.00 57.16 33.47 45.83 0.00
2016 11 4 0.00 61.28 39.65 47.89 0.00
2016 11 5 0.00 56.13 39.65 46.86 0.00
2016 11 6 0.00 50.98 38.62 43.77 0.00
2016 11 7 0.00 57.16 37.59 47.89 0.00
2016 11 8 0.00 63.34 46.86 53.04 0.00
2016 11 9 0.00 63.34 42.74 52.01 0.00
2016 11 10 0.00 64.37 43.77 53.04 0.00
2016 11 11 0.00 60.25 42.74 50.98 0.00
2016 11 12 0.00 50.98 37.59 44.80 0.00
2016 11 13 0.10 55.10 38.62 45.83 0.00
2016 11 14 0.00 55.10 39.65 45.83 0.00
2016 11 15 0.20 43.77 30.38 38.62 0.00
2016 11 16 0.00 33.47 22.14 28.32 0.00
2016 11 17 0.10 36.56 20.08 28.32 0.00
2016 11 18 0.00 43.77 28.32 34.50 0.00
2016 11 19 0.20 38.62 30.38 34.50 0.00
2016 11 20 0.00 38.62 33.47 35.53 0.00
2016 11 21 0.00 38.62 25.23 32.44 0.00
2016 11 22 0.20 35.53 26.26 31.41 0.00
2016 11 23 0.00 33.47 26.26 29.35 0.00
2016 11 24 0.00 37.59 23.17 30.38 0.00
2016 11 25 0.00 38.62 30.38 34.50 0.00
2016 11 26 0.20 41.71 29.35 34.50 0.00
2016 11 27 0.20 30.38 24.20 27.29 0.20
2016 11 28 0.00 34.50 19.05 29.35 0.40
2016 11 29 0.00 33.47 14.93 25.23 0.40
2016 11 30 0.00 33.47 14.93 26.26 0.30
2016 12 1 0.10 32.44 12.87 21.11 0.30
2016 12 2 0.20 33.47 11.84 26.26 0.40
2016 12 3 0.00 40.68 27.29 31.41 0.60
2016 12 4 0.00 40.68 25.23 32.44 0.60
2016 12 5 0.00 29.35 9.78 21.11 0.60
2016 12 6 0.00 27.29 10.81 21.11 0.60
2016 12 7 0.20 23.17 2.57 15.96 0.60
2016 12 8 0.40 36.56 21.11 29.35 0.80
2016 12 9 0.00 38.62 33.47 36.56 1.20
2016 12 10 0.30 36.56 24.20 32.44 1.20
2016 12 11 0.00 31.41 16.99 24.20 1.30
2016 12 12 0.20 33.47 15.96 25.23 1.30
2016 12 13 0.30 36.56 21.11 30.38 1.30
2016 12 14 0.40 40.68 29.35 35.53 1.40
2016 12 15 1.00 40.68 27.29 34.50 1.80
2016 12 16 0.00 28.32 5.66 21.11 1.80
2016 12 17 0.00 24.20 -2.58 10.81 1.80
2016 12 18 0.00 27.29 8.75 18.02 1.80
2016 12 19 0.30 37.59 18.02 29.35 1.80
2016 12 20 0.00 39.65 31.41 35.53 1.80
2016 12 21 0.00 38.62 24.20 30.38 1.70
2016 12 22 0.00 40.68 19.05 29.35 1.70
2016 12 23 0.40 33.47 25.23 29.35 1.60
2016 12 24 0.00 25.23 4.63 18.02 2.00
2016 12 25 0.00 24.20 -0.52 10.81 1.90
2016 12 26 0.00 27.29 8.75 19.05 1.90
2016 12 27 0.20 34.50 21.11 27.29 1.90
2016 12 28 0.00 38.62 13.90 28.32 2.10
2016 12 29 0.10 47.89 28.32 37.59 2.10
2016 12 30 0.00 43.77 20.08 31.41 2.20
2016 12 31 0.00 39.65 15.96 25.23 2.00
2017 1 1 0.00 26.26 8.75 19.05 2.00
2017 1 2 0.30 23.17 15.96 19.05 2.00
2017 1 3 1.00 28.32 18.02 23.17 2.30
2017 1 4 0.00 29.35 -3.61 19.05 3.30
2017 1 5 0.00 16.99 -3.61 6.69 3.30
2017 1 6 0.30 24.20 -2.58 12.87 3.30
2017 1 7 0.50 36.56 18.02 29.35 3.60
2017 1 8 1.40 38.62 33.47 36.56 3.80
2017 1 9 0.40 32.44 25.23 29.35 4.10
2017 1 10 0.60 32.44 29.35 31.41 4.50
2017 1 11 0.00 35.53 14.93 26.26 5.10
2017 1 12 0.00 30.38 15.96 23.17 5.00
2017 1 13 0.00 35.53 13.90 23.17 5.10
2017 1 14 0.00 34.50 14.93 26.26 5.10
2017 1 15 0.00 41.71 13.90 24.20 5.10
2017 1 16 0.00 44.80 15.96 31.41 4.90
2017 1 17 0.10 43.77 29.35 34.50 5.00
2017 1 18 0.30 34.50 28.32 31.41 5.10
2017 1 19 0.50 33.47 26.26 28.32 5.40
2017 1 20 0.30 30.38 27.29 28.32 5.90
2017 1 21 0.10 32.44 26.26 28.32 6.20
2017 1 22 0.20 33.47 20.08 27.29 6.30
2017 1 23 0.00 34.50 11.84 22.14 6.50
2017 1 24 0.00 30.38 8.75 19.05 6.40
2017 1 25 0.20 29.35 14.93 22.14 6.40
2017 1 26 0.00 35.53 14.93 24.20 6.60
2017 1 27 0.00 37.59 7.72 23.17 6.40
2017 1 28 0.10 49.95 23.17 35.53 6.40
2017 1 29 0.00 47.89 23.17 34.50 6.50
2017 1 30 0.00 52.01 27.29 37.59 6.50
2017 1 31 0.00 43.77 27.29 35.53 6.50
2017 2 1 0.10 41.71 28.32 34.50 6.50
2017 2 2 0.20 37.59 28.32 34.50 6.60
2017 2 3 0.00 38.62 32.44 34.50 6.80
2017 2 4 0.20 37.59 31.41 34.50 6.80
2017 2 5 0.00 39.65 31.41 34.50 6.90
2017 2 6 0.40 34.50 28.32 32.44 6.90
2017 2 7 0.30 43.77 27.29 35.53 7.30
2017 2 8 0.30 42.74 34.50 38.62 7.40
2017 2 9 0.50 43.77 33.47 39.65 7.10
2017 2 10 0.00 39.65 19.05 31.41 6.30
2017 2 11 0.00 37.59 15.96 26.26 6.10
2017 2 12 0.20 44.80 22.14 33.47 6.20
2017 2 13 0.00 46.86 30.38 39.65 6.20
2017 2 14 0.00 50.98 27.29 40.68 6.20
2017 2 15 0.00 44.80 35.53 40.68 6.20
2017 2 16 0.30 43.77 31.41 34.50 6.20
2017 2 17 0.30 36.56 31.41 33.47 6.30
2017 2 18 0.50 35.53 30.38 33.47 6.60
2017 2 19 0.00 37.59 28.32 32.44 7.00
2017 2 20 0.60 37.59 31.41 34.50 7.00
2017 2 21 0.50 35.53 25.23 30.38 7.60
2017 2 22 0.00 32.44 14.93 24.20 7.80
2017 2 23 0.00 28.32 5.66 16.99 7.90
2017 2 24 0.20 27.29 3.60 16.99 7.90
2017 2 25 0.00 32.44 10.81 22.14 8.00
2017 2 26 0.30 29.35 10.81 20.08 8.00
2017 2 27 0.50 30.38 14.93 21.11 8.30
2017 2 28 0.00 31.41 13.90 24.20 8.80
2017 3 1 0.50 39.65 11.84 26.26 8.80
2017 3 2 0.30 47.89 25.23 35.53 9.30
2017 3 3 0.30 43.77 27.29 34.50 9.60
2017 3 4 0.40 35.53 26.26 31.41 9.90
2017 3 5 0.00 26.26 15.96 21.11 10.30
2017 3 6 1.00 27.29 18.02 23.17 10.30
2017 3 7 0.20 33.47 27.29 29.35 11.30
2017 3 8 0.10 43.77 29.35 36.56 11.20
2017 3 9 0.00 48.92 36.56 41.71 11.20
2017 3 10 0.00 53.04 34.50 41.71 10.40
2017 3 11 0.00 53.04 31.41 42.74 9.90
2017 3 12 0.00 54.07 27.29 40.68 9.30
2017 3 13 0.00 58.19 32.44 44.80 8.80
2017 3 14 0.00 57.16 37.59 47.89 8.20
2017 3 15 0.10 52.01 38.62 42.74 7.40
2017 3 16 0.00 50.98 34.50 41.71 6.70
2017 3 17 0.00 56.13 36.56 45.83 6.00
2017 3 18 0.30 45.83 39.65 41.71 5.30
2017 3 19 0.10 48.92 38.62 41.71 4.50
2017 3 20 0.00 49.95 39.65 42.74 3.70
2017 3 21 0.10 43.77 34.50 38.62 2.90
2017 3 22 0.10 40.68 29.35 34.50 2.20
2017 3 23 0.00 44.80 24.20 33.47 2.00
2017 3 24 0.10 36.56 30.38 32.44 1.60
2017 3 25 0.00 44.80 27.29 35.53 1.60
2017 3 26 0.70 40.68 29.35 32.44 1.30
2017 3 27 0.00 40.68 24.20 32.44 2.00
2017 3 28 0.10 43.77 24.20 34.50 2.00
2017 3 29 0.30 53.04 35.53 41.71 1.80
2017 3 30 0.20 40.68 27.29 31.41 1.20
2017 3 31 0.10 47.89 23.17 36.56 1.00
2017 4 1 0.00 58.19 29.35 45.83 0.40
2017 4 2 0.00 49.95 31.41 41.71 0.00
2017 4 3 0.00 47.89 25.23 36.56 0.00
2017 4 4 0.00 52.01 31.41 43.77 0.00
2017 4 5 0.00 55.10 39.65 45.83 0.00
2017 4 6 0.30 44.80 35.53 38.62 0.00
2017 4 7 0.70 37.59 27.29 33.47 0.00
2017 4 8 0.00 37.59 22.14 28.32 0.00
2017 4 9 0.20 41.71 23.17 32.44 0.00
2017 4 10 0.10 44.80 27.29 34.50 0.00
2017 4 11 0.10 39.65 32.44 36.56 0.00
2017 4 12 0.40 47.89 29.35 38.62 0.00
2017 4 13 0.30 36.56 26.26 31.41 0.00
2017 4 14 0.00 38.62 20.08 28.32 0.00
2017 4 15 0.10 50.98 24.20 36.56 0.00
2017 4 16 0.20 52.01 34.50 41.71 0.00
2017 4 17 0.00 44.80 31.41 37.59 0.00
2017 4 18 0.10 49.95 33.47 40.68 0.00
2017 4 19 0.20 48.92 31.41 38.62 0.00
2017 4 20 0.20 43.77 27.29 34.50 0.00
2017 4 21 0.00 55.10 29.35 42.74 0.00
2017 4 22 0.00 54.07 39.65 45.83 0.00
2017 4 23 0.00 48.92 32.44 40.68 0.00
2017 4 24 0.30 40.68 31.41 34.50 0.00
2017 4 25 0.10 40.68 28.32 35.53 0.00
2017 4 26 0.30 44.80 31.41 38.62 0.00
2017 4 27 0.00 42.74 27.29 34.50 0.00
2017 4 28 0.00 45.83 27.29 35.53 0.00
2017 4 29 0.00 56.13 27.29 43.77 0.00
2017 4 30 0.00 56.13 33.47 44.80 0.00
2017 5 1 0.00 60.25 32.44 47.89 0.00
2017 5 2 0.00 61.28 40.68 50.98 0.00
2017 5 3 0.00 69.52 45.83 57.16 0.00
2017 5 4 0.00 74.67 50.98 62.31 0.00
2017 5 5 0.00 63.34 37.59 50.98 0.00
2017 5 6 0.00 47.89 34.50 38.62 0.00
2017 5 7 0.00 54.07 28.32 41.71 0.00
2017 5 8 0.00 63.34 33.47 48.92 0.00
2017 5 9 0.00 66.43 40.68 55.10 0.00
2017 5 10 0.00 69.52 40.68 56.13 0.00
2017 5 11 0.10 56.13 37.59 47.89 0.00
2017 5 12 0.10 44.80 29.35 35.53 0.00
2017 5 13 0.00 45.83 23.17 33.47 0.00
2017 5 14 0.10 48.92 29.35 38.62 0.00
2017 5 15 0.00 54.07 30.38 42.74 0.00
2017 5 16 0.50 41.71 28.32 36.56 0.00
2017 5 17 0.00 50.98 24.20 37.59 0.00
2017 5 18 0.00 59.22 29.35 45.83 0.00
2017 5 19 0.00  nan  nan  nan 0.00
2017 5 20 0.00  nan  nan  nan 0.00
2017 5 21 0.00 66.43 44.80 57.16 0.00
2017 5 22 0.00 72.61 50.98 61.28 0.00
2017 5 23 0.00 77.76 48.92 65.40 0.00
2017 5 24 0.00 67.46 42.74 56.13 0.00
2017 5 25 0.00 62.31 33.47 48.92 0.00
2017 5 26 0.00 62.31 39.65 50.98 0.00
2017 5 27 0.00 68.49 40.68 57.16 0.00
2017 5 28 0.00 74.67 45.83 62.31 0.00
2017 5 29 0.00 75.70 44.80 62.31 0.00
2017 5 30 0.00 73.64 48.92 61.28 0.00
2017 5 31 0.00 57.16 45.83 49.95 0.00
2017 6 1 0.00 64.37 44.80 53.04 0.00
2017 6 2 0.00 72.61 40.68 57.16 0.00
2017 6 3 0.00 70.55 44.80 59.22 0.00
2017 6 4 0.00 66.43 44.80 55.10 0.00
2017 6 5 0.00 70.55 41.71 56.13 0.00
2017 6 6 0.00 74.67 49.95 62.31 0.00
2017 6 7 0.00 70.55 45.83 59.22 0.00
2017 6 8 0.10 55.10 39.65 48.92 0.00
2017 6 9 0.00 56.13 37.59 43.77 0.00
2017 6 10 0.00 49.95 33.47 38.62 0.00
2017 6 11 0.30 47.89 32.44 37.59 0.00
2017 6 12 0.00 47.89 34.50 41.71 0.00
2017 6 13 0.00 60.25 34.50 45.83 0.00
2017 6 14 0.00 65.40 34.50 52.01 0.00
2017 6 15 0.00 64.37 42.74 55.10 0.00
2017 6 16 0.00 69.52 48.92 58.19 0.00
2017 6 17 0.00 71.58 42.74 58.19 0.00
2017 6 18 0.00 80.85 49.95 68.49 0.00
2017 6 19 0.00 88.06 62.31 73.64 0.00
2017 6 20 0.00 83.94 55.10 70.55 0.00
2017 6 21 0.00 77.76 54.07 65.40 0.00
2017 6 22 0.00 75.70 54.07 63.34 0.00
2017 6 23 0.00 79.82 54.07 67.46 0.00
2017 6 24 0.00 83.94 57.16 72.61 0.00
2017 6 25 0.00 87.03 57.16 71.58 0.00
2017 6 26 0.00 77.76 50.98 65.40 0.00
2017 6 27 0.00 75.70 49.95 62.31 0.00
2017 6 28 0.00 72.61 42.74 59.22 0.00
2017 6 29 0.00 76.73 42.74 61.28 0.00
2017 6 30 0.00 80.85 53.04 67.46 0.00
2017 7 1 0.00 78.79 49.95 65.40 0.00
2017 7 2 0.00 82.91 49.95 68.49 0.00
2017 7 3 0.00 81.88 52.01 68.49 0.00
2017 7 4 0.00 79.82 54.07 67.46 0.00
2017 7 5 0.00 82.91 50.98 68.49 0.00
2017 7 6 0.00 84.97 56.13 70.55 0.00
2017 7 7 0.00 83.94 55.10 70.55 0.00
2017 7 8 0.00 88.06 53.04 72.61 0.00
2017 7 9 0.00 86.00 53.04 70.55 0.00
2017 7 10 0.00 79.82 50.98 65.40 0.00
2017 7 11 0.00 78.79 48.92 65.40 0.00
2017 7 12 0.00 81.88 49.95 67.46 0.00
2017 7 13 0.00 82.91 50.98 67.46 0.00
2017 7 14 0.00 84.97 50.98 70.55 0.00
2017 7 15 0.00 81.88 49.95 67.46 0.00
2017 7 16 0.00 79.82 48.92 66.43 0.00
2017 7 17 0.00 79.82 50.98 65.40 0.00
2017 7 18 0.00 77.76 52.01 65.40 0.00
2017 7 19 0.00 79.82 46.86 63.34 0.00
2017 7 20 0.00 76.73 46.86 62.31 0.00
2017 7 21 0.00 79.82 46.86 65.40 0.00
2017 7 22 0.00 83.94 59.22 71.58 0.00
2017 7 23 0.00 89.09 63.34 75.70 0.00
2017 7 24 0.00 84.97 56.13 68.49 0.00
2017 7 25 0.00 79.82 52.01 64.37 0.00
2017 7 26 0.00 78.79 48.92 61.28 0.00
2017 7 27 0.00 79.82 49.95 65.40 0.00
2017 7 28 0.00 84.97 52.01 68.49 0.00
2017 7 29 0.00 82.91 50.98 69.52 0.00
2017 7 30 0.00 86.00 64.37 73.64 0.00
2017 7 31 0.00 88.06 66.43 75.70 0.00
2017 8 1 0.00 90.12 66.43 77.76 0.00
2017 8 2 0.00 91.15 67.46 79.82 0.00
2017 8 3 0.00 90.12 57.16 76.73 0.00
2017 8 4 0.00 87.03 57.16 71.58 0.00
2017 8 5 0.00 78.79 50.98 65.40 0.00
2017 8 6 0.00 77.76 56.13 64.37 0.00
2017 8 7 0.10 74.67 52.01 61.28 0.00
2017 8 8 0.00 78.79 49.95 65.40 0.00
2017 8 9 0.00 78.79 55.10 66.43 0.00
2017 8 10 0.00 81.88 54.07 66.43 0.00
2017 8 11 0.00 78.79 50.98 66.43 0.00
2017 8 12 0.00 77.76 50.98 64.37 0.00
2017 8 13 0.00 75.70 47.89 62.31 0.00
2017 8 14 0.00 72.61 50.98 60.25 0.00
2017 8 15 0.00 75.70 44.80 61.28 0.00
2017 8 16 0.00 78.79 56.13 66.43 0.00
2017 8 17 0.00 80.85 49.95 66.43 0.00
2017 8 18 0.00 83.94 54.07 69.52 0.00
2017 8 19 0.00 79.82 48.92 65.40 0.00
2017 8 20 0.00 80.85 55.10 67.46 0.00
2017 8 21 0.00 84.97 58.19 70.55 0.00
2017 8 22 0.20 83.94 52.01 63.34 0.00
2017 8 23 0.00 75.70 55.10 63.34 0.00
2017 8 24 0.00 77.76 47.89 63.34 0.00
2017 8 25 0.00 79.82 47.89 64.37 0.00
2017 8 26 0.00 86.00 57.16 70.55 0.00
2017 8 27 0.00 89.09 57.16 72.61 0.00
2017 8 28 0.00 87.03 57.16 72.61 0.00
2017 8 29 0.00 87.03 53.04 71.58 0.00
2017 8 30 0.00 81.88 52.01 67.46 0.00
2017 8 31 0.00 77.76 46.86 64.37 0.00
2017 9 1 0.00 87.03 56.13 71.58 0.00
2017 9 2 0.00 90.12 58.19 74.67 0.00
2017 9 3 0.00 90.12 57.16 73.64 0.00
2017 9 4 0.00 89.09 61.28 75.70 0.00
2017 9 5 0.00 89.09 61.28 74.67 0.00
2017 9 6 0.10 83.94 55.10 67.46 0.00
2017 9 7 0.00 74.67 48.92 62.31 0.00
2017 9 8 0.00 75.70 46.86 61.28 0.00
2017 9 9 0.00 76.73 48.92 62.31 0.00
2017 9 10 0.00 78.79 48.92 65.40 0.00
2017 9 11 0.00 82.91 60.25 69.52 0.00
2017 9 12 0.00 71.58 55.10 62.31 0.00
2017 9 13 0.00 75.70 49.95 63.34 0.00
2017 9 14 0.00 61.28 45.83 53.04 0.00
2017 9 15 0.00 60.25 37.59 49.95 0.00
2017 9 16 0.10 62.31 43.77 50.98 0.00
2017 9 17 0.00 66.43 39.65 52.01 0.00
2017 9 18 0.00 52.01 36.56 45.83 0.00
2017 9 19 0.10 47.89 34.50 40.68 0.00
2017 9 20 0.30 46.86 33.47 40.68 0.00
2017 9 21 0.00 45.83 27.29 35.53 0.00
2017 9 22 0.00 46.86 27.29 37.59 0.00
2017 9 23 0.10 50.98 32.44 40.68 0.00
2017 9 24 0.00 55.10 33.47 44.80 0.00
2017 9 25 0.00 61.28 34.50 49.95 0.00
2017 9 26 0.00 63.34 40.68 52.01 0.00
2017 9 27 0.00 66.43 38.62 54.07 0.00
2017 9 28 0.00 70.55 41.71 56.13 0.00
2017 9 29 0.00 63.34 40.68 53.04 0.00
2017 9 30 0.00 57.16 35.53 46.86 0.00
2017 10 1 0.00 49.95 31.41 39.65 0.00
2017 10 2 0.00 45.83 22.14 34.50 0.00
2017 10 3 0.00 49.95 32.44 40.68 0.00
2017 10 4 0.00 52.01 28.32 40.68 0.00
2017 10 5 0.00 59.22 30.38 44.80 0.00
2017 10 6 0.00 68.49 35.53 52.01 0.00
2017 10 7 0.00 60.25 34.50 47.89 0.00
2017 10 8 0.00 47.89 26.26 37.59 0.00
2017 10 9 0.00 54.07 29.35 41.71 0.00
2017 10 10 0.00 56.13 35.53 45.83 0.00
2017 10 11 0.00 43.77 20.08 33.47 0.00
2017 10 12 0.00 45.83 14.93 32.44 0.00
2017 10 13 0.00 45.83 27.29 35.53 0.00
2017 10 14 0.00 48.92 19.05 35.53 0.00
2017 10 15 0.00 63.34 34.50 46.86 0.00
2017 10 16 0.00 68.49 39.65 53.04 0.00
2017 10 17 0.00 64.37 41.71 52.01 0.00
2017 10 18 0.00 66.43 39.65 52.01 0.00
2017 10 19 0.10 54.07 31.41 44.80 0.00
2017 10 20 0.50 36.56 27.29 31.41 0.10
2017 10 21 0.20 38.62 28.32 33.47 0.00
2017 10 22 0.00 53.04 38.62 44.80 0.00
2017 10 23 0.00 61.28 35.53 48.92 0.00
2017 10 24 0.00 65.40 45.83 54.07 0.00
2017 10 25 0.00 68.49 42.74 53.04 0.00
2017 10 26 0.00 65.40 43.77 55.10 0.00
2017 10 27 0.00 69.52 44.80 55.10 0.00
2017 10 28 0.00 70.55 45.83 57.16 0.00
2017 10 29 0.00 67.46 41.71 53.04 0.00
2017 10 30 0.00 48.92 33.47 41.71 0.00
2017 10 31 0.00 58.19 28.32 41.71 0.00
2017 11 1 0.00 56.13 33.47 44.80 0.00
2017 11 2 0.00 45.83 35.53 40.68 0.00
2017 11 3 0.50 38.62 28.32 34.50 0.00
2017 11 4 0.10 37.59 26.26 30.38 0.00
2017 11 5 0.10 33.47 27.29 29.35 0.00
2017 11 6 0.00 37.59 15.96 27.29 0.00
2017 11 7 0.00 40.68 24.20 32.44 0.00
2017 11 8 0.30 43.77 36.56 39.65 0.00
2017 11 9 0.80 39.65 32.44 35.53 0.00
2017 11 10 0.20 38.62 33.47 35.53 0.00
2017 11 11 0.00 44.80 30.38 36.56 0.00
2017 11 12 0.00 41.71 32.44 35.53 0.00
2017 11 13 0.30 41.71 31.41 37.59 0.00
2017 11 14 0.00 40.68 26.26 32.44 0.00
2017 11 15 0.30 37.59 32.44 34.50 0.00
2017 11 16 0.00 39.65 29.35 33.47 0.00
2017 11 17 0.00 33.47 22.14 28.32 0.00
2017 11 18 0.10 41.71 22.14 32.44 0.00
2017 11 19 0.00 40.68 30.38 35.53 0.00
2017 11 20 0.30 40.68 32.44 36.56 0.00
2017 11 21 0.00 53.04 39.65 46.86 0.00
2017 11 22 0.00 61.28 43.77 50.98 0.00
2017 11 23 0.10 52.01 43.77 47.89 0.00
2017 11 24 0.20 44.80 31.41 39.65 0.00
2017 11 25 0.00 54.07 36.56 44.80 0.00
2017 11 26 0.20 47.89 32.44 41.71 0.00
2017 11 27 0.00 36.56 27.29 31.41 0.00
2017 11 28 0.10 39.65 26.26 33.47 0.00
2017 11 29 0.00 34.50 22.14 28.32 0.00
2017 11 30 0.00 37.59 24.20 31.41 0.00
2017 12 1 0.00 41.71 27.29 33.47 0.00
2017 12 2 0.40 38.62 28.32 32.44 0.00
2017 12 3 0.00 31.41 12.87 24.20 0.40
2017 12 4 0.00 31.41 8.75 19.05 0.10
2017 12 5 0.00 38.62 13.90 28.32 0.10
2017 12 6 0.00 40.68 23.17 33.47 0.20
2017 12 7 0.10 48.92 30.38 39.65 0.30
2017 12 8 0.00 53.04 29.35 40.68 0.30
2017 12 9 0.00 53.04 32.44 41.71 0.30
2017 12 10 0.00 50.98 36.56 42.74 0.40
2017 12 11 0.00 53.04 26.26 39.65 0.40
2017 12 12 0.00 57.16 28.32 39.65 0.20
2017 12 13 0.00 55.10 31.41 41.71 0.00
2017 12 14 0.00 48.92 30.38 38.62 0.00
2017 12 15 0.00 44.80 27.29 36.56 0.00
2017 12 16 0.00 33.47 16.99 26.26 0.00
2017 12 17 0.00 43.77 18.02 30.38 0.00
2017 12 18 0.00 46.86 30.38 37.59 0.00
2017 12 19 0.30 37.59 24.20 34.50 0.00
2017 12 20 0.00 29.35 16.99 22.14 0.30
2017 12 21 0.00 32.44 10.81 23.17 0.20
2017 12 22 0.20 35.53 23.17 29.35 0.20
2017 12 23 0.00 40.68 23.17 31.41 0.40
2017 12 24 0.00 40.68 32.44 35.53 0.40
2017 12 25 0.00 41.71 26.26 33.47 0.40
2017 12 26 0.00 42.74 25.23 33.47 0.30
2017 12 27 0.00 42.74 27.29 34.50 0.30
2017 12 28 0.00 48.92 32.44 38.62 0.30
2017 12 29 0.00 46.86 33.47 39.65 0.30
2017 12 30 0.00 44.80 31.41 37.59 0.30
2017 12 31 0.00 47.89 30.38 38.62 0.20
2018 1 1 0.00 53.04 31.41 40.68 0.10
2018 1 2 0.00 50.98 37.59 42.74 0.00
2018 1 3 0.00 49.95 37.59 43.77 0.00
2018 1 4 0.00 46.86 37.59 41.71 0.00
2018 1 5 0.10 45.83 38.62 40.68 0.00
2018 1 6 0.00 40.68 28.32 33.47 0.00
2018 1 7 0.00 44.80 30.38 35.53 0.00
2018 1 8 0.20 39.65 31.41 36.56 0.00
2018 1 9 0.20 40.68 30.38 36.56 0.00
2018 1 10 0.10 35.53 25.23 31.41 0.00
2018 1 11 0.00 38.62 31.41 35.53 0.00
2018 1 12 0.00 44.80 30.38 35.53 0.00
2018 1 13 0.00 52.01 30.38 41.71 0.00
2018 1 14 0.00 52.01 38.62 44.80 0.00
2018 1 15 0.00 50.98 38.62 42.74 0.00
2018 1 16 0.00 42.74 32.44 37.59 0.00
2018 1 17 0.00 46.86 35.53 40.68 0.00
2018 1 18 0.50 39.65 28.32 34.50 0.00
2018 1 19 0.00 37.59 15.96 25.23 0.40
2018 1 20 0.00 32.44 12.87 22.14 0.20
2018 1 21 0.50 28.32 19.05 25.23 0.10
2018 1 22 0.00 37.59 20.08 28.32 0.60
2018 1 23 0.10 36.56 22.14 29.35 0.50
2018 1 24 0.20 38.62 26.26 30.38 0.60
2018 1 25 0.00 30.38 19.05 25.23 0.80
2018 1 26 0.10 29.35 22.14 26.26 0.80
2018 1 27 0.40 33.47 25.23 29.35 0.90
2018 1 28 0.00 49.95 31.41 39.65 1.30
2018 1 29 0.00 50.98 38.62 42.74 1.20
2018 1 30 0.00 47.89 29.35 39.65 1.20
2018 1 31 0.00 42.74 21.11 33.47 1.20
2018 2 1 0.00 49.95 30.38 39.65 1.20
2018 2 2 0.00 53.04 30.38 40.68 1.10
2018 2 3 0.00 50.98 29.35 40.68 0.90
2018 2 4 0.00 53.04 32.44 42.74 0.60
2018 2 5 0.00 47.89 30.38 39.65 0.30
2018 2 6 0.00 48.92 24.20 36.56 0.00
2018 2 7 0.00 56.13 30.38 42.74 0.00
2018 2 8 0.00 55.10 34.50 44.80 0.00
2018 2 9 0.00 48.92 32.44 40.68 0.00
2018 2 10 0.00 36.56 22.14 29.35 0.00
2018 2 11 0.00 36.56 22.14 28.32 0.00
2018 2 12 0.00 27.29 14.93 22.14 0.00
2018 2 13 0.00 39.65 12.87 28.32 0.00
2018 2 14 0.00 35.53 19.05 28.32 0.00
2018 2 15 0.10 37.59 11.84 25.23 0.00
2018 2 16 0.10 40.68 21.11 30.38 0.10
2018 2 17 0.10 46.86 25.23 35.53 0.20
2018 2 18 0.00 34.50 13.90 24.20 0.30
2018 2 19 0.00 22.14 6.69 15.96 0.00
2018 2 20 0.00 24.20 2.57 14.93 0.00
2018 2 21 0.00 30.38 14.93 22.14 0.10
2018 2 22 0.30 28.32 13.90 19.05 0.10
2018 2 23 0.10 25.23 -3.61 14.93 0.40
2018 2 24 0.10 30.38 15.96 22.14 0.40
2018 2 25 0.40 34.50 14.93 24.20 0.50
2018 2 26 0.10 29.35 13.90 22.14 0.90
2018 2 27 0.00 34.50 10.81 20.08 1.00
2018 2 28 0.50 29.35 14.93 24.20 0.90
2018 3 1 0.40 37.59 21.11 29.35 1.40
2018 3 2 0.10 28.32 13.90 21.11 1.80
2018 3 3 0.00 31.41 12.87 23.17 1.90
2018 3 4 0.00 32.44 9.78 21.11 1.70
2018 3 5 0.00 37.59 9.78 24.20 1.70
2018 3 6 0.30 46.86 26.26 36.56 1.80
2018 3 7 0.00 46.86 29.35 38.62 2.10
2018 3 8 0.00 41.71 33.47 35.53 2.00
2018 3 9 0.50 38.62 28.32 33.47 1.80
2018 3 10 0.00 44.80 24.20 34.50 2.20
2018 3 11 0.00 52.01 27.29 38.62 2.30
2018 3 12 0.00 50.98 32.44 43.77 2.00
2018 3 13 0.20 44.80 30.38 38.62 1.40
2018 3 14 0.10 35.53 25.23 29.35 0.70
2018 3 15 0.30 31.41 22.14 26.26 0.70
2018 3 16 0.10 33.47 20.08 25.23 0.90
2018 3 17 0.10 33.47 20.08 26.26 1.00
2018 3 18 0.00 38.62 23.17 28.32 1.10
2018 3 19 0.00 42.74 19.05 33.47 1.10
2018 3 20 0.10 37.59 31.41 34.50 0.80
2018 3 21 0.00 42.74 33.47 37.59 0.70
2018 3 22 0.70 39.65 21.11 32.44 0.40
2018 3 23 0.20 35.53 19.05 28.32 0.60
2018 3 24 0.00 32.44 14.93 26.26 0.70
2018 3 25 0.00 34.50 15.96 25.23 0.70
2018 3 26 0.00 44.80 13.90 29.35 0.60
2018 3 27 0.00 52.01 25.23 39.65 0.40
2018 3 28 0.00 54.07 30.38 42.74 0.30
2018 3 29 0.00 55.10 29.35 42.74 0.10
2018 3 30 0.00 57.16 31.41 44.80 0.00
2018 3 31 0.00 55.10 34.50 45.83 0.00
2018 4 1 0.00 50.98 30.38 40.68 0.00
2018 4 2 0.00 41.71 28.32 34.50 0.00
2018 4 3 0.00 54.07 24.20 40.68 0.00
2018 4 4 0.00 53.04 38.62 44.80 0.00
2018 4 5 0.50 45.83 35.53 39.65 0.00
2018 4 6 0.70 42.74 35.53 38.62 0.00
2018 4 7 0.40 45.83 32.44 40.68 0.00
2018 4 8 0.00 46.86 30.38 36.56 0.00
2018 4 9 0.00 60.25 30.38 46.86 0.00
2018 4 10 0.00 52.01 36.56 45.83 0.00
2018 4 11 0.20 44.80 25.23 36.56 0.00
2018 4 12 0.00 36.56 19.05 27.29 0.00
2018 4 13 0.10 45.83 20.08 34.50 0.00
2018 4 14 0.00 55.10 32.44 43.77 0.00
2018 4 15 0.30 50.98 26.26 38.62 0.00
2018 4 16 0.20 37.59 18.02 27.29 0.00
2018 4 17 0.10 40.68 15.96 30.38 0.00
2018 4 18 0.10 37.59 28.32 32.44 0.00
2018 4 19 0.00 46.86 29.35 36.56 0.00
2018 4 20 0.00 57.16 28.32 43.77 0.00
2018 4 21 0.00 60.25 35.53 47.89 0.00
2018 4 22 0.00 57.16 32.44 45.83 0.00
2018 4 23 0.00 57.16 34.50 45.83 0.00
2018 4 24 0.00 61.28 39.65 50.98 0.00
2018 4 25 0.00 69.52 43.77 57.16 0.00
2018 4 26 0.00 71.58 44.80 60.25 0.00
2018 4 27 0.00 55.10 32.44 46.86 0.00
2018 4 28 0.30 41.71 30.38 33.47 0.00
2018 4 29 0.10 42.74 29.35 34.50 0.00
2018 4 30 0.20 42.74 28.32 34.50 0.00
2018 5 1 0.00 48.92 32.44 38.62 0.00
2018 5 2 0.00 58.19 34.50 45.83 0.00
2018 5 3 0.00 65.40 35.53 52.01 0.00
2018 5 4 0.00 66.43 39.65 54.07 0.00
2018 5 5 0.00 64.37 41.71 54.07 0.00
2018 5 6 0.00 63.34 42.74 53.04 0.00
2018 5 7 0.00 67.46 38.62 54.07 0.00
2018 5 8 0.00 70.55 44.80 57.16 0.00
2018 5 9 0.00 61.28 40.68 52.01 0.00
2018 5 10 0.00 57.16 36.56 46.86 0.00
2018 5 11 0.00 47.89 31.41 40.68 0.00
2018 5 12 0.00 58.19 42.74 47.89 0.00
2018 5 13 0.00 64.37 35.53 53.04 0.00
2018 5 14 0.00 64.37 41.71 53.04 0.00
2018 5 15 0.00 64.37 42.74 53.04 0.00
2018 5 16 0.00 58.19 41.71 47.89 0.00
2018 5 17 0.10 60.25 42.74 49.95 0.00
2018 5 18 0.00 62.31 36.56 50.98 0.00
2018 5 19 0.00 65.40 38.62 53.04 0.00
2018 5 20 0.00 59.22 41.71 48.92 0.00
2018 5 21 0.00 64.37 43.77 53.04 0.00
2018 5 22 0.00 65.40 49.95 56.13 0.00
2018 5 23 0.30 63.34 46.86 52.01 0.00
2018 5 24 0.20 67.46 43.77 56.13 0.00
2018 5 25 0.70 55.10 40.68 45.83 0.00
2018 5 26 0.30 55.10 37.59 45.83 0.00
2018 5 27 0.00 64.37 36.56 52.01 0.00
2018 5 28 0.00 69.52 43.77 58.19 0.00
2018 5 29 0.00 71.58 43.77 59.22 0.00
2018 5 30 0.00 66.43 43.77 53.04 0.00
2018 5 31 0.00 50.98 35.53 43.77 0.00
2018 6 1 0.00 63.34 29.35 46.86 0.00
2018 6 2 0.00 73.64 40.68 60.25 0.00
2018 6 3 0.00 76.73 47.89 62.31 0.00
2018 6 4 0.00 68.49 40.68 55.10 0.00
2018 6 5 0.00 66.43 38.62 53.04 0.00
2018 6 6 0.00 68.49 44.80 57.16 0.00
2018 6 7 0.00 68.49 42.74 56.13 0.00
2018 6 8 0.00 68.49 39.65 55.10 0.00
2018 6 9 0.40 49.95 30.38 39.65 0.00
2018 6 10 0.00 54.07 30.38 42.74 0.00
2018 6 11 0.00 63.34 38.62 52.01 0.00
2018 6 12 0.00 74.67 47.89 61.28 0.00
2018 6 13 0.00 73.64 45.83 60.25 0.00
2018 6 14 0.00 68.49 39.65 56.13 0.00
2018 6 15 0.00 66.43 39.65 56.13 0.00
2018 6 16 0.00 60.25 35.53 49.95 0.00
2018 6 17 0.10 52.01 41.71 46.86 0.00
2018 6 18 0.00 59.22 39.65 48.92 0.00
2018 6 19 0.00 69.52 40.68 56.13 0.00
2018 6 20 0.00 75.70 49.95 63.34 0.00
2018 6 21 0.00 73.64 44.80 60.25 0.00
2018 6 22 0.00 73.64 47.89 61.28 0.00
2018 6 23 0.00 72.61 39.65 59.22 0.00
2018 6 24 0.00 80.85 50.98 65.40 0.00
2018 6 25 0.00 74.67 46.86 62.31 0.00
2018 6 26 0.00 76.73 46.86 62.31 0.00
2018 6 27 0.00 77.76 46.86 63.34 0.00
2018 6 28 0.00 67.46 44.80 56.13 0.00
2018 6 29 0.00 68.49 38.62 56.13 0.00
2018 6 30 0.00 76.73 48.92 62.31 0.00
2018 7 1 0.00 77.76 44.80 63.34 0.00
2018 7 2 0.00 72.61 41.71 58.19 0.00
2018 7 3 0.00 67.46 38.62 54.07 0.00
2018 7 4 0.00 75.70 48.92 62.31 0.00
2018 7 5 0.00 75.70 46.86 61.28 0.00
2018 7 6 0.00 67.46 49.95 59.22 0.00
2018 7 7 0.00 76.73 43.77 63.34 0.00
2018 7 8 0.00 80.85 49.95 65.40 0.00
2018 7 9 0.00 78.79 47.89 64.37 0.00
2018 7 10 0.00 76.73 43.77 62.31 0.00
2018 7 11 0.00 82.91 56.13 69.52 0.00
2018 7 12 0.00 87.03 59.22 71.58 0.00
2018 7 13 0.00 86.00 53.04 71.58 0.00
2018 7 14 0.00 86.00 58.19 72.61 0.00
2018 7 15 0.10 77.76 54.07 64.37 0.00
2018 7 16 0.00 82.91 52.01 68.49 0.00
2018 7 17 0.00 84.97 55.10 72.61 0.00
2018 7 18 0.00 83.94 55.10 70.55 0.00
2018 7 19 0.00 82.91 52.01 69.52 0.00
2018 7 20 0.00 84.97 50.98 69.52 0.00
2018 7 21 0.00 81.88 50.98 67.46 0.00
2018 7 22 0.00 81.88 49.95 68.49 0.00
2018 7 23 0.00 84.97 54.07 70.55 0.00
2018 7 24 0.00 87.03 56.13 71.58 0.00
2018 7 25 0.00 84.97 55.10 72.61 0.00
2018 7 26 0.00 86.00 56.13 72.61 0.00
2018 7 27 0.00 84.97 55.10 69.52 0.00
2018 7 28 0.00 83.94 50.98 68.49 0.00
2018 7 29 0.10 87.03 55.10 72.61 0.00
2018 7 30 0.00 87.03 54.07 70.55 0.00
2018 7 31 0.00 86.00 55.10 69.52 0.00
2018 8 1 0.00 83.94 54.07 68.49 0.00
2018 8 2 0.00 78.79 49.95 65.40 0.00
2018 8 3 0.00 75.70 45.83 61.28 0.00
2018 8 4 0.00 71.58 44.80 59.22 0.00
2018 8 5 0.00 75.70 50.98 62.31 0.00
2018 8 6 0.00 80.85 45.83 65.40 0.00
2018 8 7 0.00 87.03 50.98 70.55 0.00
2018 8 8 0.00 91.15 54.07 73.64 0.00
2018 8 9 0.00 93.21 54.07 73.64 0.00
2018 8 10 0.00 86.00 55.10 71.58 0.00
2018 8 11 0.00 81.88 52.01 67.46 0.00
2018 8 12 0.00 80.85 47.89 64.37 0.00
2018 8 13 0.00 82.91 48.92 66.43 0.00
2018 8 14 0.00 83.94 46.86 67.46 0.00
2018 8 15 0.00 80.85 57.16 66.43 0.00
2018 8 16 0.00 81.88 53.04 67.46 0.00
2018 8 17 0.00 78.79 47.89 64.37 0.00
2018 8 18 0.00 81.88 47.89 66.43 0.00
2018 8 19 0.00 81.88 50.98 66.43 0.00
2018 8 20 0.00 75.70 46.86 63.34 0.00
2018 8 21 0.00 73.64 54.07 63.34 0.00
2018 8 22 0.00 76.73 47.89 63.34 0.00
2018 8 23 0.00 76.73 47.89 62.31 0.00
2018 8 24 0.00 72.61 44.80 58.19 0.00
2018 8 25 0.00 71.58 41.71 58.19 0.00
2018 8 26 0.00 71.58 40.68 56.13 0.00
2018 8 27 0.00 67.46 38.62 54.07 0.00
2018 8 28 0.00 72.61 43.77 58.19 0.00
2018 8 29 0.00 76.73 46.86 62.31 0.00
2018 8 30 0.00 70.55 44.80 58.19 0.00
2018 8 31 0.00 70.55 43.77 57.16 0.00
2018 9 1 0.00 76.73 45.83 62.31 0.00
2018 9 2 0.00 78.79 52.01 65.40 0.00
2018 9 3 0.00 78.79 52.01 66.43 0.00
2018 9 4 0.00 80.85 52.01 67.46 0.00
2018 9 5 0.00 80.85 53.04 67.46 0.00
2018 9 6 0.00  nan  nan  nan 0.00
2018 9 7 0.00  nan  nan  nan 0.00
2018 9 8 0.00 70.55 44.80 57.16 0.00
2018 9 9 0.00 74.67 42.74 59.22 0.00
2018 9 10 0.00 71.58 43.77 57.16 0.00
2018 9 11 0.00 61.28 37.59 49.95 0.00
2018 9 12 0.00 57.16 32.44 45.83 0.00
2018 9 13 0.00 60.25 36.56 46.86 0.00
2018 9 14 0.00 62.31 33.47 47.89 0.00
2018 9 15 0.00 62.31 39.65 50.98 0.00
2018 9 16 0.00 64.37 36.56 49.95 0.00
2018 9 17 0.00 67.46 36.56 52.01 0.00
2018 9 18 0.00 66.43 36.56 52.01 0.00
2018 9 19 0.00 63.34 35.53 49.95 0.00
2018 9 20 0.00 70.55 36.56 53.04 0.00
2018 9 21 0.00 73.64 41.71 59.22 0.00
2018 9 22 0.00 68.49 46.86 56.13 0.00
2018 9 23 0.00 63.34 40.68 50.98 0.00
2018 9 24 0.00 65.40 34.50 50.98 0.00
2018 9 25 0.00 69.52 35.53 55.10 0.00
2018 9 26 0.00 77.76 43.77 61.28 0.00
2018 9 27 0.00 80.85 48.92 64.37 0.00
2018 9 28 0.00 77.76 47.89 62.31 0.00
2018 9 29 0.00 64.37 42.74 53.04 0.00
2018 9 30 0.10 58.19 38.62 45.83 0.00
