2016 10 27 0.00 60.25 39.65 49.95 0.00
2016 10 28 0.30 62.31 44.80 54.07 0.00
2016 10 29 0.00 58.19 44.80 50.98 0.00
2016 10 30 0.00 57.16 50.98 53.04 0.00
2016 10 31 1.30 52.01 32.44 38.62 0.00
2016 11 1 0.00 43.77 29.35 35.53 0.00
2016 11 2 0.00 48.92 26.26 34.50 0.00
2016 11 3 0.00 56.13 28.32 39.65 0.00
2016 11 4 0.00 56.13 33.47 42.74 0.00
2016 11 5 0.00 54.07 33.47 41.71 0.00
2016 11 6 0.00 54.07 32.44 41.71 0.00
2016 11 7 0.10 54.07 31.41 40.68 0.00
2016 11 8 0.00 57.16 33.47 41.71 0.00
2016 11 9 0.00 56.13 33.47 41.71 0.00
2016 11 10 0.00 57.16 32.44 41.71 0.00
2016 11 11 0.00 56.13 33.47 41.71 0.00
2016 11 12 0.00 52.01 33.47 42.74 0.00
2016 11 13 0.00 49.95 30.38 38.62 0.00
2016 11 14 0.00 56.13 30.38 41.71 0.00
2016 11 15 0.00 62.31 36.56 49.95 0.00
2016 11 16 0.10 53.04 24.20 42.74 0.00
2016 11 17 0.80 24.20 6.69 20.08 0.00
2016 11 18 0.00 37.59 3.60 20.08 0.80
2016 11 19 0.30 50.98 23.17 40.68 0.70
2016 11 20 0.00 53.04 35.53 44.80 0.90
2016 11 21 0.90 37.59 29.35 34.50 0.90
2016 11 22 0.00 36.56 18.02 27.29 1.50
2016 11 23 0.80 39.65 16.99 26.26 1.50
2016 11 24 0.00 35.53 9.78 21.11 2.20
2016 11 25 0.00 45.83 16.99 28.32 2.20
2016 11 26 0.00 43.77 23.17 33.47 2.20
2016 11 27 0.40 34.50 23.17 26.26 2.20
2016 11 28 0.90 24.20 18.02 21.11 2.70
2016 11 29 0.10 24.20 3.60 16.99 3.70
2016 11 30 0.00 29.35 1.54 13.90 3.80
2016 12 1 0.00 23.17 8.75 19.05 3.80
2016 12 2 0.00 25.23 0.51 11.84 3.80
2016 12 3 0.00 26.26 1.54 13.90 3.80
2016 12 4 0.00 40.68 7.72 29.35 3.80
2016 12 5 0.00 38.62 8.75 20.08 3.80
2016 12 6 0.00 28.32 2.57 13.90 3.80
2016 12 7 0.00 15.96 -4.64 7.72 3.80
2016 12 8 0.20 36.56 -0.52 20.08 3.80
2016 12 9 0.20 43.77 30.38 36.56 4.00
2016 12 10 0.60 44.80 27.29 38.62 4.30
2016 12 11 0.40 35.53 24.20 30.38 4.70
2016 12 12 0.00 36.56 13.90 29.35 5.10
2016 12 13 0.00 35.53 10.81 28.32 5.10
2016 12 14 0.00 45.83 29.35 36.56 5.10
2016 12 15 0.20 47.89 36.56 41.71 5.10
2016 12 16 1.40 38.62 16.99 29.35 5.10
2016 12 17 0.00 16.99 -9.79 5.66 6.60
2016 12 18 0.00 18.02 -12.88 -0.52 6.60
2016 12 19 0.20 36.56 -1.55 16.99 6.60
2016 12 20 0.00 43.77 15.96 29.35 6.90
2016 12 21 0.10 37.59 20.08 27.29 6.90
2016 12 22 0.00 32.44 23.17 28.32 6.90
2016 12 23 0.00 40.68 12.87 27.29 6.90
2016 12 24 0.50 33.47 26.26 29.35 7.00
2016 12 25 0.90 27.29 8.75 15.96 7.40
2016 12 26 0.00 22.14 -1.55 8.75 8.30
2016 12 27 0.00 37.59 -0.52 22.14 8.30
2016 12 28 0.00 36.56 12.87 27.29 8.30
2016 12 29 0.00 45.83 12.87 24.20 8.30
2016 12 30 0.00 42.74 19.05 29.35 8.30
2016 12 31 0.00 35.53 10.81 21.11 8.30
2017 1 1 0.00 35.53 10.81 25.23 8.30
2017 1 2 0.80 29.35 18.02 23.17 8.30
2017 1 3 0.30 30.38 15.96 24.20 9.40
2017 1 4 0.60 33.47 21.11 30.38 9.80
2017 1 5 0.50 21.11 -6.70 11.84 11.00
2017 1 6 0.00 26.26 -15.97 0.51 11.70
2017 1 7 0.10 32.44 -0.52 20.08 11.70
2017 1 8 0.40 42.74 29.35 35.53 11.80
2017 1 9 1.10 42.74 27.29 34.50 12.10
2017 1 10 0.10 34.50 26.26 31.41 13.10
2017 1 11 0.30 32.44 20.08 29.35 13.20
2017 1 12 0.40 30.38 18.02 26.26 13.60
2017 1 13 0.00 35.53 19.05 26.26 14.20
2017 1 14 0.00 36.56 14.93 24.20 14.20
2017 1 15 0.00 36.56 8.75 20.08 14.20
2017 1 16 0.00 32.44 2.57 12.87 14.20
2017 1 17 0.00 43.77 2.57 15.96 14.20
2017 1 18 0.00 43.77 12.87 24.20 14.20
2017 1 19 0.10 31.41 21.11 26.26 14.20
2017 1 20 0.20 30.38 20.08 24.20 14.30
2017 1 21 1.40 26.26 16.99 23.17 14.50
2017 1 22 0.20 32.44 10.81 22.14 15.90
2017 1 23 1.10 31.41 19.05 26.26 16.20
2017 1 24 0.20 20.08 13.90 16.99 17.60
2017 1 25 0.10 18.02 11.84 13.90 17.90
2017 1 26 0.00 18.02 7.72 12.87 18.10
2017 1 27 0.10 22.14 -6.70 5.66 18.10
2017 1 28 0.00 33.47 -0.52 12.87 18.20
2017 1 29 0.00 49.95 8.75 25.23 18.20
2017 1 30 0.00 48.92 16.99 29.35 18.20
2017 1 31 0.00 45.83 23.17 38.62 18.20
2017 2 1 0.20 48.92 31.41 40.68 18.20
2017 2 2 0.00 37.59 27.29 33.47 18.40
2017 2 3 0.00 41.71 24.20 33.47 18.40
2017 2 4 0.00 43.77 31.41 36.56 18.40
2017 2 5 0.20 44.80 24.20 35.53 18.40
2017 2 6 0.00 38.62 34.50 35.53 18.50
2017 2 7 0.20 39.65 32.44 36.56 18.50
2017 2 8 0.10 46.86 35.53 40.68 18.70
2017 2 9 0.00 54.07 40.68 47.89 18.50
2017 2 10 0.70 47.89 35.53 41.71 18.40
2017 2 11 0.70 36.56 14.93 27.29 17.90
2017 2 12 0.00 42.74 15.96 27.29 18.40
2017 2 13 0.00 41.71 14.93 25.23 18.40
2017 2 14 0.00 45.83 16.99 27.29 18.40
2017 2 15 0.00 52.01 20.08 31.41 18.40
2017 2 16 0.00 53.04 21.11 35.53 18.40
2017 2 17 0.10 41.71 27.29 34.50 18.40
2017 2 18 0.20 41.71 31.41 35.53 18.60
2017 2 19 0.30 38.62 27.29 34.50 18.90
2017 2 20 0.00 43.77 27.29 35.53 19.40
2017 2 21 0.20 47.89 27.29 39.65 19.40
2017 2 22 0.90 33.47 16.99 25.23 19.50
2017 2 23 0.20 20.08 11.84 15.96 20.70
2017 2 24 0.30 19.05 -4.64 9.78 20.90
2017 2 25 0.00 24.20 -5.67 8.75 21.20
2017 2 26 0.00 30.38 -4.64 14.93 21.20
2017 2 27 0.80 27.29 8.75 21.11 21.20
2017 2 28 0.00 26.26 0.51 14.93 22.40
2017 3 1 0.00 29.35 5.66 16.99 22.40
2017 3 2 0.00 45.83 6.69 22.14 22.40
2017 3 3 0.00 50.98 16.99 31.41 22.40
2017 3 4 0.00 46.86 34.50 40.68 22.40
2017 3 5 0.90 46.86 16.99 36.56 22.40
2017 3 6 0.10 27.29 11.84 15.96 23.40
2017 3 7 0.10 39.65 18.02 28.32 23.50
2017 3 8 0.00 47.89 34.50 40.68 23.60
2017 3 9 0.00 55.10 29.35 40.68 23.60
2017 3 10 0.00 56.13 31.41 42.74 23.60
2017 3 11 0.00 49.95 29.35 38.62 23.60
2017 3 12 0.00 47.89 30.38 39.65 23.50
2017 3 13 0.00 53.04 27.29 38.62 23.30
2017 3 14 0.00 60.25 32.44 43.77 23.10
2017 3 15 0.00 60.25 35.53 47.89 22.80
2017 3 16 0.00 57.16 33.47 45.83 22.00
2017 3 17 0.00 61.28 31.41 43.77 21.40
2017 3 18 0.00 62.31 36.56 49.95 20.70
2017 3 19 0.00 59.22 34.50 48.92 19.90
2017 3 20 0.00 58.19 42.74 49.95 19.10
2017 3 21 0.10 57.16 39.65 48.92 18.30
2017 3 22 0.10 54.07 33.47 44.80 17.50
2017 3 23 0.40 34.50 28.32 30.38 16.80
2017 3 24 0.00 50.98 15.96 33.47 17.30
2017 3 25 0.40 41.71 26.26 34.50 17.30
2017 3 26 0.00 43.77 20.08 31.41 17.60
2017 3 27 0.80 38.62 27.29 32.44 17.60
2017 3 28 0.00 39.65 25.23 29.35 18.70
2017 3 29 0.00 47.89 19.05 32.44 18.70
2017 3 30 0.70 48.92 31.41 37.59 18.60
2017 3 31 0.00 38.62 31.41 33.47 19.10
2017 4 1 0.00 48.92 26.26 35.53 18.90
2017 4 2 0.20 40.68 27.29 33.47 18.80
2017 4 3 0.00 40.68 21.11 31.41 18.80
2017 4 4 0.00 35.53 16.99 25.23 18.80
2017 4 5 0.00 47.89 14.93 30.38 18.70
2017 4 6 0.00 59.22 28.32 43.77 18.60
2017 4 7 0.10 53.04 43.77 48.92 18.10
2017 4 8 0.60 48.92 23.17 38.62 17.10
2017 4 9 0.10 36.56 12.87 23.17 17.50
2017 4 10 0.00 47.89 12.87 30.38 17.60
2017 4 11 0.10 53.04 26.26 39.65 17.40
2017 4 12 0.00 60.25 29.35 43.77 17.30
2017 4 13 0.00 61.28 30.38 46.86 16.90
2017 4 14 0.00 44.80 27.29 33.47 16.00
2017 4 15 0.00 46.86 21.11 33.47 15.80
2017 4 16 0.00 57.16 28.32 41.71 14.90
2017 4 17 0.00 58.19 34.50 46.86 13.90
2017 4 18 1.10 56.13 31.41 43.77 12.80
2017 4 19 0.10 45.83 28.32 35.53 12.40
2017 4 20 0.50 47.89 29.35 34.50 12.00
2017 4 21 0.00 40.68 25.23 30.38 12.10
2017 4 22 0.00 53.04 20.08 35.53 12.00
2017 4 23 0.10 58.19 31.41 44.80 11.40
2017 4 24 0.30 44.80 30.38 35.53 10.60
2017 4 25 0.90 37.59 23.17 30.38 10.50
2017 4 26 0.20 47.89 21.11 33.47 11.40
2017 4 27 0.30 36.56 25.23 29.35 11.60
2017 4 28 0.40 28.32 20.08 25.23 11.80
2017 4 29 0.00 42.74 13.90 29.35 12.30
2017 4 30 0.00 48.92 19.05 34.50 12.20
2017 5 1 0.10 49.95 33.47 40.68 12.10
2017 5 2 0.00 49.95 32.44 41.71 11.60
2017 5 3 0.00 55.10 29.35 40.68 10.70
2017 5 4 0.00 62.31 31.41 45.83 9.90
2017 5 5 0.00 70.55 37.59 53.04 8.20
2017 5 6 0.30 66.43 42.74 50.98 6.20
2017 5 7 0.00 61.28 38.62 48.92 4.70
2017 5 8 0.00 55.10 36.56 44.80 3.40
2017 5 9 0.00 57.16 34.50 45.83 2.30
2017 5 10 0.00 59.22 34.50 45.83 1.10
2017 5 11 0.00 64.37 34.50 48.92 0.40
2017 5 12 0.00 67.46 40.68 54.07 0.00
2017 5 13 0.00 54.07 28.32 43.77 0.00
2017 5 14 0.00 58.19 27.29 44.80 0.00
2017 5 15 0.00 56.13 35.53 45.83 0.00
2017 5 16 0.00 52.01 31.41 41.71 0.00
2017 5 17 0.50 39.65 19.05 29.35 0.00
2017 5 18 0.00 36.56 19.05 28.32 0.20
2017 5 19 0.00 41.71 28.32 33.47 0.00
2017 5 20 0.00 52.01 26.26 38.62 0.00
2017 5 21 0.60 49.95 32.44 40.68 0.00
2017 5 22 0.00 56.13 31.41 44.80 0.00
2017 5 23 0.00 63.34 34.50 48.92 0.00
2017 5 24 0.10 69.52 40.68 56.13 0.00
2017 5 25 0.00 58.19 36.56 45.83 0.00
2017 5 26 0.00 55.10 37.59 47.89 0.00
2017 5 27 0.00 54.07 31.41 41.71 0.00
2017 5 28 0.00 61.28 32.44 45.83 0.00
2017 5 29 0.00 64.37 36.56 49.95 0.00
2017 5 30 0.10 70.55 39.65 53.04 0.00
2017 5 31 0.00 69.52 42.74 55.10 0.00
2017 6 1 0.00 64.37 45.83 54.07 0.00
2017 6 2 0.00 64.37 38.62 49.95 0.00
2017 6 3 0.10 71.58 39.65 56.13 0.00
2017 6 4 0.00 76.73 47.89 63.34 0.00
2017 6 5 0.00 70.55 45.83 59.22 0.00
2017 6 6 0.00 77.76 44.80 59.22 0.00
2017 6 7 0.00 77.76 46.86 63.34 0.00
2017 6 8 0.00 74.67 44.80 61.28 0.00
2017 6 9 0.00 73.64 53.04 64.37 0.00
2017 6 10 0.00 72.61 45.83 59.22 0.00
2017 6 11 0.00 68.49 46.86 57.16 0.00
2017 6 12 0.00 56.13 37.59 46.86 0.00
2017 6 13 0.00 57.16 34.50 42.74 0.00
2017 6 14 0.00 65.40 34.50 47.89 0.00
2017 6 15 0.30 72.61 39.65 55.10 0.00
2017 6 16 0.00 73.64 42.74 59.22 0.00
2017 6 17 0.00 65.40 44.80 55.10 0.00
2017 6 18 0.00 68.49 41.71 53.04 0.00
2017 6 19 0.00 77.76 42.74 59.22 0.00
2017 6 20 0.00 81.88 49.95 63.34 0.00
2017 6 21 0.00 81.88 48.92 64.37 0.00
2017 6 22 0.00 71.58 45.83 57.16 0.00
2017 6 23 0.00 70.55 39.65 53.04 0.00
2017 6 24 0.00 72.61 38.62 54.07 0.00
2017 6 25 0.00 75.70 39.65 57.16 0.00
2017 6 26 0.00 80.85 45.83 63.34 0.00
2017 6 27 0.00 73.64 44.80 62.31 0.00
2017 6 28 0.00 75.70 41.71 58.19 0.00
2017 6 29 0.00 67.46 40.68 53.04 0.00
2017 6 30 0.00 68.49 36.56 50.98 0.00
2017 7 1 0.00 77.76 40.68 58.19 0.00
2017 7 2 0.00 79.82 50.98 63.34 0.00
2017 7 3 0.00 81.88 49.95 63.34 0.00
2017 7 4 0.00 82.91 48.92 63.34 0.00
2017 7 5 0.00 81.88 50.98 63.34 0.00
2017 7 6 0.00 83.94 50.98 65.40 0.00
2017 7 7 0.00 83.94 52.01 66.43 0.00
2017 7 8 0.00 82.91 52.01 66.43 0.00
2017 7 9 0.00 79.82 53.04 65.40 0.00
2017 7 10 0.00 77.76 52.01 63.34 0.00
2017 7 11 0.00 76.73 52.01 61.28 0.00
2017 7 12 0.00 72.61 49.95 59.22 0.00
2017 7 13 0.00 77.76 45.83 58.19 0.00
2017 7 14 0.00 77.76 47.89 60.25 0.00
2017 7 15 0.00 79.82 49.95 63.34 0.00
2017 7 16 0.00 81.88 53.04 65.40 0.00
2017 7 17 0.10 81.88 52.01 63.34 0.00
2017 7 18 0.00 82.91 49.95 64.37 0.00
2017 7 19 0.00 74.67 55.10 63.34 0.00
2017 7 20 0.00 77.76 50.98 63.34 0.00
2017 7 21 0.00 77.76 54.07 65.40 0.00
2017 7 22 0.00 78.79 49.95 62.31 0.00
2017 7 23 0.00 77.76 50.98 63.34 0.00
2017 7 24 0.00 78.79 50.98 64.37 0.00
2017 7 25 0.00 62.31 48.92 55.10 0.00
2017 7 26 1.10 71.58 49.95 58.19 0.00
2017 7 27 0.00 73.64 47.89 58.19 0.00
2017 7 28 0.00 72.61 47.89 57.16 0.00
2017 7 29 0.00 74.67 46.86 59.22 0.00
2017 7 30 0.00 76.73 45.83 59.22 0.00
2017 7 31 0.00 76.73 47.89 61.28 0.00
2017 8 1 0.00 78.79 49.95 62.31 0.00
2017 8 2 0.00 78.79 49.95 63.34 0.00
2017 8 3 0.00 78.79 52.01 63.34 0.00
2017 8 4 0.00 76.73 48.92 61.28 0.00
2017 8 5 0.00 75.70 47.89 60.25 0.00
2017 8 6 0.30 73.64 44.80 56.13 0.00
2017 8 7 0.10 69.52 43.77 55.10 0.00
2017 8 8 0.00 68.49 45.83 55.10 0.00
2017 8 9 0.00 71.58 44.80 57.16 0.00
2017 8 10 0.00 72.61 44.80 57.16 0.00
2017 8 11 0.10 76.73 45.83 59.22 0.00
2017 8 12 0.10 75.70 45.83 57.16 0.00
2017 8 13 0.00 75.70 47.89 61.28 0.00
2017 8 14 0.00 71.58 45.83 61.28 0.00
2017 8 15 0.00 65.40 41.71 50.98 0.00
2017 8 16 0.00 68.49 37.59 52.01 0.00
2017 8 17 0.00 73.64 43.77 56.13 0.00
2017 8 18 0.00 76.73 44.80 58.19 0.00
2017 8 19 0.00 75.70 45.83 59.22 0.00
2017 8 20 0.00 78.79 48.92 61.28 0.00
2017 8 21 0.00 74.67 47.89 59.22 0.00
2017 8 22 0.00 72.61 47.89 58.19 0.00
2017 8 23 0.00 72.61 45.83 56.13 0.00
2017 8 24 0.00 71.58 44.80 55.10 0.00
2017 8 25 0.00 75.70 45.83 59.22 0.00
2017 8 26 0.10  nan  nan  nan 0.00
2017 8 27 0.00  nan  nan  nan 0.00
2017 8 28 0.00 79.82 48.92 62.31 0.00
2017 8 29 0.00 79.82 49.95 63.34 0.00
2017 8 30 0.00 77.76 50.98 62.31 0.00
2017 8 31 0.00 67.46 45.83 56.13 0.00
2017 9 1 0.00 71.58 43.77 56.13 0.00
2017 9 2 0.10 77.76 46.86 60.25 0.00
2017 9 3 0.00 79.82 49.95 61.28 0.00
2017 9 4 0.00 78.79 48.92 62.31 0.00
2017 9 5 0.00 79.82 48.92 62.31 0.00
2017 9 6 0.00 77.76 47.89 61.28 0.00
2017 9 7 0.00 74.67 48.92 59.22 0.00
2017 9 8 0.00 71.58 44.80 55.10 0.00
2017 9 9 0.00 63.34 43.77 52.01 0.00
2017 9 10 0.00 69.52 41.71 53.04 0.00
2017 9 11 0.00 73.64 45.83 57.16 0.00
2017 9 12 0.00 73.64 46.86 57.16 0.00
2017 9 13 0.00 71.58 44.80 58.19 0.00
2017 9 14 0.00 61.28 43.77 52.01 0.00
2017 9 15 0.70 47.89 33.47 42.74 0.00
2017 9 16 0.00 54.07 29.35 39.65 0.00
2017 9 17 0.00 61.28 34.50 46.86 0.00
2017 9 18 0.10 64.37 41.71 54.07 0.00
2017 9 19 0.00 56.13 30.38 44.80 0.00
2017 9 20 0.00 63.34 30.38 48.92 0.00
2017 9 21 0.10 58.19 30.38 47.89 0.00
2017 9 22 0.00 39.65 30.38 33.47 0.10
2017 9 23 0.30 35.53 26.26 31.41 0.00
2017 9 24 0.90 32.44 29.35 31.41 0.10
2017 9 25 0.00 44.80 22.14 31.41 0.80
2017 9 26 0.00 49.95 26.26 34.50 0.60
2017 9 27 0.10 54.07 28.32 40.68 0.20
2017 9 28 0.00 49.95 35.53 41.71 0.00
2017 9 29 0.10 57.16 31.41 42.74 0.00
2017 9 30 0.00 57.16 38.62 47.89 0.00
2017 10 1 0.30 40.68 29.35 34.50 0.00
2017 10 2 0.10 37.59 23.17 29.35 0.00
2017 10 3 0.00 52.01 21.11 34.50 0.00
2017 10 4 0.00 54.07 30.38 41.71 0.00
2017 10 5 0.00 53.04 29.35 39.65 0.00
2017 10 6 0.00 47.89 28.32 36.56 0.00
2017 10 7 0.10 62.31 30.38 47.89 0.00
2017 10 8 0.00 54.07 28.32 36.56 0.00
2017 10 9 0.00 40.68 20.08 29.35 0.00
2017 10 10 0.00 55.10 22.14 36.56 0.00
2017 10 11 0.00 59.22 31.41 46.86 0.00
2017 10 12 0.00 49.95 26.26 38.62 0.00
2017 10 13 0.00 52.01 24.20 39.65 0.00
2017 10 14 0.00 37.59 20.08 28.32 0.00
2017 10 15 0.00 59.22 20.08 37.59 0.00
2017 10 16 0.00 60.25 29.35 41.71 0.00
2017 10 17 0.00 64.37 31.41 47.89 0.00
2017 10 18 0.00 60.25 34.50 45.83 0.00
2017 10 19 0.00 62.31 38.62 49.95 0.00
2017 10 20 0.10 53.04 26.26 40.68 0.00
2017 10 21 0.00 41.71 23.17 30.38 0.00
2017 10 22 0.00 56.13 31.41 44.80 0.00
2017 10 23 0.00 50.98 28.32 41.71 0.00
2017 10 24 0.00 53.04 26.26 36.56 0.00
2017 10 25 0.00 61.28 30.38 43.77 0.00
2017 10 26 0.00 49.95 29.35 41.71 0.00
2017 10 27 0.00 47.89 25.23 36.56 0.00
2017 10 28 0.00 50.98 27.29 36.56 0.00
2017 10 29 0.00 56.13 28.32 39.65 0.00
2017 10 30 0.00 54.07 30.38 41.71 0.00
2017 10 31 0.00 46.86 26.26 36.56 0.00
2017 11 1 0.00 54.07 38.62 46.86 0.00
2017 11 2 0.00 55.10 39.65 45.83 0.00
2017 11 3 0.00 45.83 31.41 41.71 0.00
2017 11 4 0.00 44.80 33.47 40.68 0.00
2017 11 5 0.20 44.80 32.44 37.59 0.00
2017 11 6 0.00 38.62 26.26 34.50 0.00
2017 11 7 0.00 27.29 11.84 22.14 0.00
2017 11 8 0.00 45.83 9.78 28.32 0.00
2017 11 9 0.00 50.98 29.35 40.68 0.00
2017 11 10 0.00 47.89 29.35 39.65 0.00
2017 11 11 0.00 44.80 23.17 33.47 0.00
2017 11 12 0.00 49.95 24.20 38.62 0.00
2017 11 13 0.00 56.13 30.38 45.83 0.00
2017 11 14 0.00 47.89 25.23 39.65 0.00
2017 11 15 0.00 53.04 25.23 40.68 0.00
2017 11 16 0.00 48.92 44.80 46.86 0.00
2017 11 17 0.90 44.80 19.05 33.47 0.00
2017 11 18 0.00 41.71 5.66 19.05 0.90
2017 11 19 0.00 48.92 13.90 29.35 0.90
2017 11 20 0.20 49.95 32.44 40.68 0.90
2017 11 21 0.00 52.01 33.47 41.71 1.10
2017 11 22 0.00 55.10 33.47 41.71 1.10
2017 11 23 0.00 57.16 32.44 44.80 1.00
2017 11 24 0.00 53.04 33.47 45.83 1.00
2017 11 25 0.00 55.10 30.38 42.74 0.80
2017 11 26 0.00 58.19 37.59 49.95 0.70
2017 11 27 0.10 53.04 27.29 41.71 0.30
2017 11 28 0.00 44.80 13.90 28.32 0.40
2017 11 29 0.00 40.68 23.17 31.41 0.40
2017 11 30 0.00 49.95 22.14 34.50 0.40
2017 12 1 0.00 44.80 28.32 36.56 0.40
2017 12 2 0.00 49.95 30.38 41.71 0.40
2017 12 3 0.20 45.83 16.99 34.50 0.30
2017 12 4 0.00 21.11 5.66 15.96 0.50
2017 12 5 0.00 29.35 1.54 12.87 0.50
2017 12 6 0.00 25.23 5.66 12.87 0.50
2017 12 7 0.00 29.35 5.66 14.93 0.50
2017 12 8 0.00 37.59 12.87 21.11 0.50
2017 12 9 0.00 45.83 15.96 26.26 0.30
2017 12 10 0.00 48.92 18.02 27.29 0.10
2017 12 11 0.00 52.01 21.11 31.41 0.00
2017 12 12 0.00 54.07 26.26 34.50 0.00
2017 12 13 0.00 45.83 23.17 33.47 0.00
2017 12 14 0.00 33.47 14.93 22.14 0.00
2017 12 15 0.00 47.89 15.96 30.38 0.00
2017 12 16 0.00 41.71 19.05 26.26 0.00
2017 12 17 0.00 23.17 9.78 16.99 0.00
2017 12 18 0.00 38.62 9.78 23.17 0.00
2017 12 19 0.00 46.86 19.05 31.41 0.00
2017 12 20 0.70 43.77 13.90 32.44 0.00
2017 12 21 0.90 23.17 -0.52 12.87 0.70
2017 12 22 0.00 30.38 -0.52 16.99 1.60
2017 12 23 0.00 33.47 8.75 27.29 1.60
2017 12 24 0.60 35.53 11.84 26.26 1.60
2017 12 25 0.10 35.53 26.26 31.41 2.20
2017 12 26 0.00 39.65 19.05 29.35 2.30
2017 12 27 0.00 43.77 25.23 34.50 2.30
2017 12 28 0.00 47.89 24.20 36.56 2.30
2017 12 29 0.00 52.01 33.47 44.80 2.30
2017 12 30 0.00 48.92 28.32 43.77 2.30
2017 12 31 0.00 38.62 19.05 26.26 2.30
2018 1 1 0.00 40.68 19.05 30.38 2.30
2018 1 2 0.00 40.68 13.90 24.20 2.30
2018 1 3 0.00 46.86 13.90 27.29 2.30
2018 1 4 0.00 48.92 21.11 29.35 2.30
2018 1 5 0.00 47.89 26.26 33.47 2.30
2018 1 6 0.20 40.68 27.29 33.47 2.30
2018 1 7 0.00 40.68 22.14 29.35 2.50
2018 1 8 0.10 44.80 22.14 33.47 2.50
2018 1 9 0.20 40.68 33.47 36.56 2.60
2018 1 10 0.80 36.56 22.14 29.35 2.80
2018 1 11 0.00 36.56 22.14 28.32 3.50
2018 1 12 0.00 36.56 18.02 29.35 3.50
2018 1 13 0.00 38.62 15.96 27.29 3.50
2018 1 14 0.00 50.98 16.99 26.26 3.50
2018 1 15 0.00 42.74 20.08 28.32 3.50
2018 1 16 0.00 44.80 15.96 28.32 3.50
2018 1 17 0.00 42.74 20.08 29.35 3.50
2018 1 18 0.00 48.92 23.17 35.53 3.50
2018 1 19 0.10 44.80 22.14 37.59 3.50
2018 1 20 0.40 22.14 15.96 19.05 3.60
2018 1 21 0.20 18.02 1.54 13.90 4.00
2018 1 22 0.00 29.35 -0.52 14.93 4.20
2018 1 23 0.00 34.50 11.84 21.11 4.20
2018 1 24 0.00 46.86 13.90 29.35 4.20
2018 1 25 0.30 37.59 20.08 30.38 4.20
2018 1 26 0.00 29.35 6.69 19.05 4.50
2018 1 27 0.00 36.56 5.66 22.14 4.50
2018 1 28 0.00 40.68 21.11 30.38 4.50
2018 1 29 0.00 47.89 20.08 31.41 4.50
2018 1 30 0.20 50.98 29.35 42.74 4.50
2018 1 31 0.00 44.80 33.47 40.68 4.70
2018 2 1 0.00 42.74 31.41 36.56 4.70
2018 2 2 0.00 44.80 30.38 36.56 4.70
2018 2 3 0.00 42.74 34.50 37.59 4.70
2018 2 4 0.00 43.77 30.38 36.56 4.70
2018 2 5 0.20 41.71 29.35 36.56 4.70
2018 2 6 0.00 33.47 18.02 26.26 4.80
2018 2 7 0.00 40.68 19.05 29.35 4.80
2018 2 8 0.00 48.92 24.20 35.53 4.80
2018 2 9 0.00 45.83 31.41 39.65 4.80
2018 2 10 0.20 34.50 5.66 22.14 4.80
2018 2 11 0.00 37.59 0.51 20.08 5.00
2018 2 12 0.00 34.50 21.11 27.29 5.00
2018 2 13 0.00 38.62 14.93 25.23 5.00
2018 2 14 0.30 38.62 24.20 33.47 5.00
2018 2 15 0.40 25.23 0.51 18.02 5.30
2018 2 16 0.00 36.56 -0.52 18.02 5.70
2018 2 17 0.00 47.89 16.99 33.47 5.70
2018 2 18 0.00 43.77 20.08 34.50 5.70
2018 2 19 0.50 20.08 6.69 13.90 5.70
2018 2 20 0.00 18.02 -9.79 5.66 6.20
2018 2 21 0.00 24.20 -10.82 6.69 6.20
2018 2 22 0.10 23.17 0.51 12.87 6.20
2018 2 23 0.30 21.11 -0.52 11.84 6.30
2018 2 24 0.20 21.11 -3.61 9.78 6.60
2018 2 25 0.10 26.26 4.63 13.90 6.80
2018 2 26 0.10 40.68 19.05 28.32 6.90
2018 2 27 0.00 33.47 11.84 24.20 7.00
2018 2 28 0.00 28.32 9.78 18.02 7.00
2018 3 1 0.10 34.50 14.93 27.29 7.00
2018 3 2 0.10 42.74 27.29 34.50 7.10
2018 3 3 0.20 41.71 24.20 34.50 7.20
2018 3 4 0.70 31.41 15.96 18.02 7.40
2018 3 5 0.00 28.32 2.57 16.99 8.10
2018 3 6 0.00 38.62 -0.52 16.99 8.10
2018 3 7 0.20 50.98 8.75 27.29 8.10
2018 3 8 0.10 48.92 21.11 35.53 8.30
2018 3 9 0.00 48.92 27.29 35.53 8.40
2018 3 10 0.00 43.77 24.20 32.44 8.40
2018 3 11 0.00 49.95 27.29 36.56 8.20
2018 3 12 0.10 47.89 29.35 37.59 8.20
2018 3 13 0.00 52.01 27.29 38.62 8.20
2018 3 14 0.80 50.98 27.29 38.62 8.10
2018 3 15 0.60 39.65 22.14 28.32 8.90
2018 3 16 0.00 37.59 10.81 26.26 9.50
2018 3 17 0.20 33.47 21.11 27.29 9.50
2018 3 18 0.30 24.20 12.87 21.11 9.70
2018 3 19 0.00 38.62 9.78 22.14 10.00
2018 3 20 0.00 44.80 12.87 30.38 10.00
2018 3 21 0.10 49.95 30.38 37.59 10.00
2018 3 22 0.30 46.86 35.53 41.71 10.00
2018 3 23 0.80 45.83 26.26 34.50 9.90
2018 3 24 0.00 45.83 25.23 35.53 10.40
2018 3 25 0.20 39.65 20.08 29.35 10.40
2018 3 26 0.00 28.32 13.90 21.11 10.60
2018 3 27 0.00 38.62 7.72 23.17 10.60
2018 3 28 0.10 40.68 27.29 33.47 10.60
2018 3 29 0.00 43.77 25.23 34.50 10.70
2018 3 30 0.00 50.98 24.20 36.56 10.60
2018 3 31 0.00 54.07 32.44 43.77 10.30
2018 4 1 0.00 55.10 33.47 44.80 9.80
2018 4 2 0.00 47.89 16.99 37.59 9.20
2018 4 3 0.00 39.65 5.66 25.23 9.10
2018 4 4 0.00 44.80 29.35 38.62 9.00
2018 4 5 0.00 52.01 28.32 39.65 8.70
2018 4 6 0.10 47.89 36.56 40.68 8.30
2018 4 7 1.00 50.98 37.59 42.74 8.00
2018 4 8 0.00 38.62 29.35 33.47 7.40
2018 4 9 0.20 45.83 27.29 34.50 6.90
2018 4 10 0.00 56.13 27.29 43.77 6.80
2018 4 11 0.00 61.28 38.62 52.01 6.10
2018 4 12 0.50 53.04 20.08 32.44 5.10
2018 4 13 0.70 32.44 19.05 24.20 5.40
2018 4 14 0.00 45.83 15.96 31.41 6.10
2018 4 15 0.00 53.04 26.26 41.71 6.00
2018 4 16 0.00 57.16 24.20 43.77 5.90
2018 4 17 0.90 33.47 11.84 22.14 5.20
2018 4 18 0.00 48.92 8.75 29.35 5.70
2018 4 19 0.00 53.04 28.32 38.62 5.70
2018 4 20 0.00 42.74 29.35 36.56 5.40
2018 4 21 0.00 53.04 29.35 40.68 5.20
2018 4 22 0.00 60.25 31.41 43.77 5.00
2018 4 23 0.00 53.04 32.44 43.77 3.70
2018 4 24 0.00 49.95 27.29 37.59 2.70
2018 4 25 0.00 59.22 27.29 42.74 1.40
2018 4 26 0.00 60.25 30.38 45.83 0.50
2018 4 27 0.00 69.52 35.53 52.01 0.20
2018 4 28 0.00 69.52 40.68 54.07 0.00
2018 4 29 0.00 52.01 34.50 44.80 0.00
2018 4 30 0.90 43.77 26.26 31.41 0.00
2018 5 1 0.00 46.86 22.14 33.47 0.70
2018 5 2 0.40 37.59 28.32 33.47 0.40
2018 5 3 0.00 49.95 30.38 38.62 0.80
2018 5 4 0.00 58.19 29.35 42.74 0.10
2018 5 5 0.00 63.34 33.47 48.92 0.00
2018 5 6 0.00 68.49 41.71 55.10 0.00
2018 5 7 0.00 68.49 40.68 56.13 0.00
2018 5 8 0.00 68.49 35.53 49.95 0.00
2018 5 9 0.00 70.55 43.77 56.13 0.00
2018 5 10 0.00 64.37 39.65 52.01 0.00
2018 5 11 0.70 47.89 32.44 39.65 0.00
2018 5 12 0.00 44.80 29.35 36.56 0.00
2018 5 13 0.00 53.04 28.32 38.62 0.00
2018 5 14 0.00 56.13 31.41 40.68 0.00
2018 5 15 0.10 59.22 32.44 45.83 0.00
2018 5 16 0.10 64.37 35.53 50.98 0.00
2018 5 17 0.00 61.28 36.56 49.95 0.00
2018 5 18 0.00 54.07 34.50 42.74 0.00
2018 5 19 0.00 57.16 32.44 44.80 0.00
2018 5 20 0.00 61.28 36.56 47.89 0.00
2018 5 21 0.00 61.28 37.59 49.95 0.00
2018 5 22 0.00 60.25 37.59 45.83 0.00
2018 5 23 0.00 62.31 35.53 47.89 0.00
2018 5 24 0.00 67.46 38.62 52.01 0.00
2018 5 25 0.00 71.58 40.68 56.13 0.00
2018 5 26 0.00 65.40 37.59 52.01 0.00
2018 5 27 0.00 52.01 36.56 45.83 0.00
2018 5 28 1.10 53.04 32.44 39.65 0.00
2018 5 29 0.10 59.22 33.47 45.83 0.00
2018 5 30 0.00 67.46 37.59 52.01 0.00
2018 5 31 0.00 69.52 43.77 58.19 0.00
2018 6 1 0.00 55.10 32.44 44.80 0.00
2018 6 2 0.00 65.40 28.32 46.86 0.00
2018 6 3 0.20 72.61 39.65 55.10 0.00
2018 6 4 0.00 77.76 43.77 60.25 0.00
2018 6 5 0.00 75.70 53.04 64.37 0.00
2018 6 6 0.00 76.73 45.83 61.28 0.00
2018 6 7 0.00 74.67 46.86 62.31 0.00
2018 6 8 0.00 73.64 45.83 58.19 0.00
2018 6 9 0.00 76.73 44.80 62.31 0.00
2018 6 10 0.00 64.37 34.50 48.92 0.00
2018 6 11 0.00 68.49 33.47 49.95 0.00
2018 6 12 0.00 70.55 36.56 52.01 0.00
2018 6 13 0.00 79.82 43.77 62.31 0.00
2018 6 14 0.00 78.79 57.16 68.49 0.00
2018 6 15 0.00 75.70 59.22 66.43 0.00
2018 6 16 0.00 71.58 53.04 60.25 0.00
2018 6 17 0.00 71.58 46.86 59.22 0.00
2018 6 18 0.00 66.43 38.62 52.01 0.00
2018 6 19 0.00 62.31 36.56 48.92 0.00
2018 6 20 0.00 71.58 36.56 52.01 0.00
2018 6 21 0.00 77.76 44.80 61.28 0.00
2018 6 22 0.00 67.46 43.77 55.10 0.00
2018 6 23 0.00 73.64 40.68 57.16 0.00
2018 6 24 0.00 65.40 35.53 50.98 0.00
2018 6 25 0.00 77.76 37.59 56.13 0.00
2018 6 26 0.00 81.88 48.92 65.40 0.00
2018 6 27 0.00 82.91 50.98 68.49 0.00
2018 6 28 0.00 78.79 49.95 67.46 0.00
2018 6 29 0.00 64.37 40.68 53.04 0.00
2018 6 30 0.00 64.37 38.62 48.92 0.00
2018 7 1 0.00 72.61 37.59 53.04 0.00
2018 7 2 0.00 79.82 43.77 61.28 0.00
2018 7 3 0.00  nan  nan  nan 0.00
2018 7 4 0.00  nan  nan  nan 0.00
2018 7 5 0.00 81.88 49.95 62.31 0.00
2018 7 6 0.00 82.91 52.01 65.40 0.00
2018 7 7 0.00 82.91 57.16 67.46 0.00
2018 7 8 0.10 79.82 52.01 63.34 0.00
2018 7 9 0.00 81.88 52.01 64.37 0.00
2018 7 10 0.00 81.88 53.04 65.40 0.00
2018 7 11 0.00 73.64 52.01 60.25 0.00
2018 7 12 0.00 76.73 52.01 62.31 0.00
2018 7 13 0.00 76.73 49.95 63.34 0.00
2018 7 14 0.10 70.55 49.95 61.28 0.00
2018 7 15 0.00 77.76 46.86 61.28 0.00
2018 7 16 0.00 81.88 50.98 64.37 0.00
2018 7 17 0.00 78.79 48.92 62.31 0.00
2018 7 18 0.00 79.82 50.98 63.34 0.00
2018 7 19 0.00 81.88 53.04 67.46 0.00
2018 7 20 0.00 76.73 53.04 63.34 0.00
2018 7 21 0.00 84.97 53.04 66.43 0.00
2018 7 22 0.00 72.61 50.98 62.31 0.00
2018 7 23 0.00 77.76 48.92 62.31 0.00
2018 7 24 0.00 82.91 49.95 66.43 0.00
2018 7 25 0.00 78.79 54.07 66.43 0.00
2018 7 26 0.00 79.82 52.01 65.40 0.00
2018 7 27 0.00 81.88 54.07 64.37 0.00
2018 7 28 0.00 82.91 53.04 64.37 0.00
2018 7 29 0.00 78.79 50.98 66.43 0.00
2018 7 30 0.00 79.82 47.89 62.31 0.00
2018 7 31 0.00 81.88 46.86 65.40 0.00
2018 8 1 0.00 80.85 56.13 68.49 0.00
2018 8 2 0.00 74.67 56.13 65.40 0.00
2018 8 3 0.00 78.79 48.92 65.40 0.00
2018 8 4 0.00 78.79 49.95 63.34 0.00
2018 8 5 0.00 75.70 46.86 63.34 0.00
2018 8 6 0.00 75.70 43.77 58.19 0.00
2018 8 7 0.00 79.82 43.77 60.25 0.00
2018 8 8 0.00 78.79 45.83 61.28 0.00
2018 8 9 0.00 80.85 47.89 63.34 0.00
2018 8 10 0.00 82.91 52.01 66.43 0.00
2018 8 11 0.00 82.91 53.04 67.46 0.00
2018 8 12 0.00 82.91 50.98 64.37 0.00
2018 8 13 0.00 79.82 55.10 65.40 0.00
2018 8 14 0.00 78.79 52.01 64.37 0.00
2018 8 15 0.00 75.70 52.01 62.31 0.00
2018 8 16 0.00 78.79 46.86 61.28 0.00
2018 8 17 0.00 77.76 47.89 61.28 0.00
2018 8 18 0.00 70.55 45.83 59.22 0.00
2018 8 19 0.00 73.64 40.68 56.13 0.00
2018 8 20 0.20 79.82 46.86 61.28 0.00
2018 8 21 0.10 70.55 47.89 55.10 0.00
2018 8 22 0.50 70.55 43.77 56.13 0.00
2018 8 23 0.10 71.58 43.77 56.13 0.00
2018 8 24 0.00 76.73 46.86 62.31 0.00
2018 8 25 0.00 75.70 59.22 66.43 0.00
2018 8 26 0.00 75.70 59.22 65.40 0.00
2018 8 27 0.00 68.49 45.83 58.19 0.00
2018 8 28 0.00 66.43 35.53 49.95 0.00
2018 8 29 0.00 73.64 40.68 56.13 0.00
2018 8 30 0.00 74.67 49.95 64.37 0.00
2018 8 31 0.00 72.61 46.86 60.25 0.00
2018 9 1 0.00 68.49 43.77 54.07 0.00
2018 9 2 0.00 71.58 41.71 55.10 0.00
2018 9 3 0.00 73.64 43.77 57.16 0.00
2018 9 4 0.00 71.58 44.80 56.13 0.00
2018 9 5 0.00 69.52 44.80 54.07 0.00
2018 9 6 0.00 72.61 42.74 55.10 0.00
2018 9 7 0.00 73.64 44.80 57.16 0.00
2018 9 8 0.00 76.73 47.89 61.28 0.00
2018 9 9 0.00 75.70 45.83 58.19 0.00
2018 9 10 0.00 79.82 47.89 61.28 0.00
2018 9 11 0.00 77.76 55.10 66.43 0.00
2018 9 12 0.00 75.70 59.22 65.40 0.00
2018 9 13 0.00 69.52 58.19 62.31 0.00
2018 9 14 0.00 72.61 54.07 63.34 0.00
2018 9 15 0.00 76.73 46.86 63.34 0.00
2018 9 16 0.00 75.70 61.28 66.43 0.00
2018 9 17 0.00 75.70 52.01 63.34 0.00
2018 9 18 0.00 73.64 49.95 61.28 0.00
2018 9 19 0.00 72.61 44.80 60.25 0.00
2018 9 20 0.00 60.25 35.53 46.86 0.00
2018 9 21 0.00 70.55 35.53 49.95 0.00
2018 9 22 0.00 71.58 43.77 59.22 0.00
2018 9 23 0.10 69.52 45.83 57.16 0.00
2018 9 24 0.00 61.28 36.56 47.89 0.00
2018 9 25 0.00 59.22 29.35 42.74 0.00
2018 9 26 0.00 61.28 29.35 43.77 0.00
2018 9 27 0.00 66.43 36.56 48.92 0.00
2018 9 28 0.10 71.58 40.68 57.16 0.00
2018 9 29 0.00 71.58 57.16 62.31 0.00
2018 9 30 0.00 66.43 54.07 59.22 0.00
