2015 8 6  nan 55.10 49.95 52.01  nan
2015 8 7 0.00 63.34 49.95 54.07 13.20
2015 8 8 0.00 66.43 48.92 56.13 13.30
2015 8 9 0.15 64.37 50.98 57.16 13.40
2015 8 10 0.15 53.04 48.92 50.98 13.40
2015 8 11 0.60 52.01 49.95 50.98 13.20
2015 8 12 0.80 50.98 46.86 48.92 13.20
2015 8 13 0.00 61.28 42.74 49.95 13.10
2015 8 14 0.00 65.40 45.83 55.10 13.00
2015 8 15 0.05 68.49 50.98 59.22 13.10
2015 8 16 0.05 56.13 49.95 50.98 13.20
2015 8 17 0.40 55.10 49.95 52.01 13.20
2015 8 18 0.50 55.10 49.95 53.04 13.20
2015 8 19 0.20 55.10 47.89 50.98 13.10
2015 8 20 0.40 56.13 45.83 49.95 13.20
2015 8 21 0.40 59.22 44.80 52.01 13.00
2015 8 22 1.50 56.13 44.80 48.92 13.20
2015 8 23 1.00 48.92 45.83 46.86 13.10
2015 8 24 0.00 55.10 43.77 47.89 12.90
2015 8 25 0.00 63.34 44.80 52.01 12.80
2015 8 26 0.65 65.40 47.89 56.13 12.90
2015 8 27 0.65 47.89 45.83 46.86 13.20
2015 8 28 0.30 49.95 44.80 46.86 13.10
2015 8 29 0.30 46.86 42.74 44.80 13.20
2015 8 30 1.20 43.77 37.59 40.68 13.30
2015 8 31  nan 41.71 36.56 38.62 13.10
2015 9 1  nan 50.98 35.53 42.74 13.00
2015 9 2  nan  nan  nan  nan 12.60
2015 9 3  nan 58.19 41.71 48.92  nan
2015 9 4  nan 53.04 43.77 48.92 13.80
2015 9 5  nan 50.98 43.77 46.86 14.00
2015 9 6  nan 48.92 43.77 45.83 13.90
2015 9 7  nan 48.92 41.71 45.83 13.90
2015 9 8  nan 55.10 40.68 47.89 13.80
2015 9 9  nan 50.98 45.83 47.89 13.90
2015 9 10  nan 53.04 44.80 48.92 13.90
2015 9 11  nan 52.01 42.74 47.89 14.00
2015 9 12  nan 43.77 40.68 42.74 13.70
2015 9 13  nan 45.83 38.62 42.74 13.60
2015 9 14  nan 42.74 38.62 40.68 13.70
2015 9 15  nan 44.80 38.62 40.68 13.70
2015 9 16  nan 43.77 39.65 41.71 13.80
2015 9 17  nan 43.77 40.68 42.74 13.80
2015 9 18  nan 46.86 37.59 40.68 13.80
2015 9 19  nan 42.74 32.44 37.59 14.00
2015 9 20  nan 41.71 35.53 37.59 13.80
2015 9 21  nan 38.62 32.44 36.56 13.80
2015 9 22  nan 49.95 33.47 39.65 13.60
2015 9 23  nan 50.98 36.56 42.74 13.80
2015 9 24  nan 46.86 34.50 39.65 13.80
2015 9 25  nan 41.71 35.53 38.62 13.70
2015 9 26  nan 42.74 37.59 39.65 13.70
2015 9 27  nan 46.86 40.68 43.77 13.70
2015 9 28  nan 49.95 45.83 47.89 13.80
2015 9 29  nan 53.04 40.68 48.92 13.90
2015 9 30  nan 41.71 36.56 37.59 13.90
2015 10 1 0.20 41.71 31.41 36.56 0.00
2015 10 2 0.00 41.71 28.32 34.50 0.00
2015 10 3 0.00 44.80 32.44 36.56 0.00
2015 10 4 0.00 43.77 33.47 38.62 0.00
2015 10 5 0.00  nan  nan  nan 0.00
2015 10 6 0.00  nan  nan  nan 0.00
2015 10 7 0.00 53.04 40.68 46.86 0.00
2015 10 8 1.00 50.98 43.77 46.86 0.00
2015 10 9 1.50 54.07 43.77 47.89 0.00
2015 10 10 0.20 45.83 40.68 42.74 0.00
2015 10 11 0.60 45.83 39.65 41.71 0.00
2015 10 12 1.10 43.77 37.59 39.65 0.00
2015 10 13 0.30 38.62 35.53 37.59 0.00
2015 10 14 0.10 44.80 34.50 38.62 0.00
2015 10 15 0.20 42.74 35.53 38.62 0.00
2015 10 16 0.00 55.10 42.74 46.86 0.00
2015 10 17 1.10 48.92 44.80 45.83 0.00
2015 10 18 0.70 44.80 39.65 42.74 0.00
2015 10 19 0.10 40.68 37.59 38.62 0.00
2015 10 20 0.40 40.68 36.56 38.62 0.00
2015 10 21 1.00 44.80 38.62 41.71 0.00
2015 10 22 0.50 41.71 38.62 39.65 0.00
2015 10 23 0.10 40.68 37.59 38.62 0.00
2015 10 24 0.10 42.74 35.53 37.59 0.00
2015 10 25 0.10 44.80 35.53 38.62 0.00
2015 10 26 0.00 49.95 36.56 40.68 0.00
2015 10 27 0.00 47.89 36.56 41.71 0.00
2015 10 28 0.20 45.83 38.62 40.68 0.00
2015 10 29 0.40 39.65 36.56 38.62 0.00
2015 10 30 0.30 38.62 34.50 36.56 0.00
2015 10 31 0.10 44.80 33.47 38.62 0.00
2015 11 1 0.10 40.68 27.29 33.47 0.00
2015 11 2 0.00 33.47 28.32 29.35 0.00
2015 11 3 0.40 37.59 29.35 33.47 0.00
2015 11 4 0.60 36.56 27.29 32.44 0.00
2015 11 5 0.60 33.47 27.29 30.38 0.00
2015 11 6 0.20 34.50 32.44 33.47 0.60
2015 11 7 0.20 36.56 32.44 34.50 0.40
2015 11 8 0.20 34.50 31.41 33.47 0.30
2015 11 9 0.10 36.56 32.44 34.50 0.30
2015 11 10 0.60 32.44 29.35 30.38 0.30
2015 11 11 0.10 33.47 27.29 29.35 0.60
2015 11 12 0.50 34.50 30.38 32.44 0.70
2015 11 13 0.30 34.50 31.41 31.41 1.20
2015 11 14 0.60 31.41 22.14 26.26 1.40
2015 11 15 0.20 34.50 23.17 26.26 1.90
2015 11 16 0.20 28.32 22.14 24.20 2.00
2015 11 17 0.30 26.26 20.08 22.14 2.20
2015 11 18 0.20 20.08 14.93 18.02 2.40
2015 11 19 0.10 29.35 10.81 19.05 2.40
2015 11 20 0.30 33.47 29.35 31.41 2.40
2015 11 21 0.30 37.59 27.29 32.44 2.70
2015 11 22 0.20 28.32 19.05 25.23 2.70
2015 11 23 0.00 29.35 14.93 19.05 2.80
2015 11 24 0.00 30.38 16.99 23.17 2.80
2015 11 25 0.00 36.56 26.26 30.38 2.80
2015 11 26 0.00 37.59 27.29 31.41 2.80
2015 11 27 0.20 38.62 26.26 32.44 2.80
2015 11 28 1.40 34.50 32.44 32.44 2.90
2015 11 29 0.80 38.62 32.44 34.50 3.20
2015 11 30 0.60 35.53 31.41 33.47 3.20
2015 12 1 0.30 35.53 32.44 33.47 3.30
2015 12 2 0.10 36.56 31.41 32.44 3.40
2015 12 3 0.20 36.56 26.26 31.41 3.40
2015 12 4 0.00 38.62 25.23 28.32 3.40
2015 12 5 0.00 36.56 27.29 31.41 3.40
2015 12 6 0.20 31.41 27.29 29.35 3.50
2015 12 7 0.20 33.47 27.29 30.38 3.70
2015 12 8 0.10 37.59 29.35 32.44 3.70
2015 12 9 0.40 34.50 30.38 31.41 3.80
2015 12 10 0.00 31.41 24.20 27.29 4.20
2015 12 11 0.10 30.38 19.05 22.14 4.20
2015 12 12 0.20 26.26 19.05 23.17 4.30
2015 12 13 0.00 27.29 14.93 19.05 4.50
2015 12 14 0.20 28.32 20.08 26.26 4.50
2015 12 15 0.00 30.38 27.29 28.32 4.70
2015 12 16 0.00 29.35 23.17 27.29 4.70
2015 12 17 0.10 32.44 25.23 27.29 4.70
2015 12 18 0.20 27.29 24.20 26.26 4.70
2015 12 19 0.00 28.32 24.20 26.26 4.80
2015 12 20 0.70 29.35 24.20 26.26 4.80
2015 12 21 0.30 29.35 26.26 27.29 5.00
2015 12 22 0.00 29.35 27.29 27.29 5.20
2015 12 23 0.00 27.29 22.14 25.23 5.20
2015 12 24 0.00 22.14 10.81 15.96 5.20
2015 12 25 0.00 16.99 8.75 11.84 5.20
2015 12 26 0.30 25.23 15.96 21.11 5.20
2015 12 27 0.00 29.35 20.08 24.20 5.50
2015 12 28 0.20 29.35 19.05 24.20 5.50
2015 12 29 0.50 31.41 24.20 28.32 5.70
2015 12 30 0.00 33.47 24.20 27.29 6.20
2015 12 31 0.10 36.56 31.41 33.47 6.20
2016 1 1 0.50 34.50 29.35 31.41 6.30
2016 1 2 0.40 36.56 30.38 31.41 6.80
2016 1 3 0.10 32.44 24.20 27.29 7.00
2016 1 4 0.00 33.47 24.20 27.29 7.00
2016 1 5 0.20 36.56 23.17 27.29 7.10
2016 1 6 0.00 34.50 25.23 27.29 7.30
2016 1 7 0.00 35.53 24.20 28.32 7.30
2016 1 8 0.00 36.56 27.29 31.41 7.30
2016 1 9 0.10 34.50 31.41 32.44 7.30
2016 1 10 0.00  nan  nan  nan 7.40
2016 1 11 0.20 35.53 31.41 33.47 7.40
2016 1 12 0.00 36.56 32.44 33.47 7.60
2016 1 13 0.00 36.56 31.41 33.47 7.60
2016 1 14 0.80 32.44 31.41 31.41 7.60
2016 1 15 0.30 33.47 25.23 29.35 8.40
2016 1 16 0.10 29.35 25.23 27.29 8.70
2016 1 17 0.00 33.47 27.29 30.38 8.80
2016 1 18 0.00 34.50 28.32 31.41 8.80
2016 1 19 0.10 34.50 29.35 31.41 8.80
2016 1 20 0.10 33.47 28.32 31.41 8.90
2016 1 21 0.20 33.47 29.35 30.38 9.00
2016 1 22 0.10 34.50 30.38 32.44 9.20
2016 1 23 0.20 32.44 30.38 31.41 9.20
2016 1 24 0.80 32.44 31.41 31.41 9.30
2016 1 25 1.40 34.50 30.38 32.44 10.10
2016 1 26 0.50 36.56 31.41 33.47 10.90
2016 1 27 0.40 39.65 33.47 35.53 11.00
2016 1 28 0.10 35.53 31.41 33.47 11.10
2016 1 29 0.00 39.65 27.29 31.41 11.10
2016 1 30 0.10 33.47 25.23 28.32 11.10
2016 1 31 0.00 36.56 21.11 26.26 11.10
2016 2 1 0.00 28.32 21.11 26.26 11.10
2016 2 2 0.40 30.38 25.23 27.29 11.10
2016 2 3 0.30 32.44 27.29 29.35 11.50
2016 2 4 0.50 35.53 30.38 32.44 11.80
2016 2 5 0.20 32.44 28.32 30.38 11.90
2016 2 6 0.10 31.41 25.23 28.32 11.90
2016 2 7 0.40 32.44 25.23 29.35 11.90
2016 2 8 0.30 36.56 30.38 32.44 12.30
2016 2 9 0.00 39.65 28.32 32.44 12.50
2016 2 10 0.30 38.62 31.41 34.50 12.50
2016 2 11 0.00 44.80 34.50 36.56 12.50
2016 2 12 0.10 41.71 33.47 35.53 12.50
2016 2 13 0.10 38.62 31.41 34.50 12.60
2016 2 14 0.10 37.59 31.41 33.47 12.70
2016 2 15 0.10 36.56 28.32 31.41 12.80
2016 2 16 0.00 39.65 28.32 32.44 12.80
2016 2 17 0.10 32.44 18.02 26.26 12.80
2016 2 18 0.00 27.29 14.93 20.08 12.80
2016 2 19 0.00 25.23 12.87 19.05 12.80
2016 2 20 0.20 35.53 24.20 31.41 12.80
2016 2 21 0.10 39.65 31.41 35.53 13.00
2016 2 22 0.10 35.53 26.26 31.41 13.00
2016 2 23 0.00 39.65 23.17 29.35 13.00
2016 2 24 0.30 37.59 27.29 32.44 13.00
2016 2 25 0.70 40.68 34.50 36.56 13.20
2016 2 26 0.40 40.68 33.47 35.53 13.20
2016 2 27 0.00 40.68 32.44 35.53 13.20
2016 2 28 0.80 36.56 31.41 33.47 13.20
2016 2 29 0.10 39.65 27.29 31.41 13.30
2016 3 1 0.00 40.68 25.23 30.38 13.40
2016 3 2 0.00 40.68 27.29 31.41 13.40
2016 3 3 0.00 34.50 26.26 29.35 13.40
2016 3 4 0.00 42.74 27.29 33.47 13.40
2016 3 5 0.00 42.74 29.35 33.47 13.40
2016 3 6 0.00 42.74 31.41 35.53 13.40
2016 3 7 0.10 40.68 29.35 33.47 13.40
2016 3 8 0.20 40.68 29.35 32.44 13.50
2016 3 9 0.00 35.53 28.32 31.41 13.70
2016 3 10 0.00 43.77 27.29 34.50 13.70
2016 3 11 0.00 42.74 31.41 34.50 13.70
2016 3 12 0.00 43.77 31.41 36.56 13.80
2016 3 13 0.00 43.77 29.35 34.50 13.80
2016 3 14 0.00 42.74 29.35 34.50 13.80
2016 3 15 0.20 37.59 29.35 31.41 13.80
2016 3 16 0.40 35.53 27.29 31.41 13.90
2016 3 17 0.40 38.62 29.35 32.44 14.30
2016 3 18 0.00 41.71 28.32 33.47 14.70
2016 3 19 0.00 39.65 32.44 35.53 15.00
2016 3 20 0.00 50.98 34.50 41.71 15.00
2016 3 21 0.00 47.89 36.56 41.71 15.00
2016 3 22 0.00 45.83 34.50 39.65 14.50
2016 3 23 0.00 46.86 35.53 39.65 14.30
2016 3 24 0.00 49.95 33.47 40.68 14.30
2016 3 25 0.00 43.77 35.53 38.62 14.00
2016 3 26 0.50 38.62 34.50 36.56 14.10
2016 3 27 0.00 40.68 33.47 36.56 14.20
2016 3 28 0.10 40.68 34.50 37.59 13.50
2016 3 29 0.20 43.77 38.62 40.68 13.30
2016 3 30 0.00 45.83 37.59 40.68 12.90
2016 3 31 0.00  nan  nan  nan 12.70
2016 4 1 0.20  nan  nan  nan 12.60
2016 4 2 0.10  nan  nan  nan 12.60
2016 4 3 0.00  nan  nan  nan 12.30
2016 4 4 0.10  nan  nan  nan 12.00
2016 4 5 0.60  nan  nan  nan 12.00
2016 4 6 0.00  nan  nan  nan 11.60
2016 4 7 0.30  nan  nan  nan 11.50
2016 4 8 0.00  nan  nan  nan 11.70
2016 4 9 0.10  nan  nan  nan 11.20
2016 4 10 0.00  nan  nan  nan 11.10
2016 4 11 0.20  nan  nan  nan 11.00
2016 4 12 0.20  nan  nan  nan 10.70
2016 4 13 0.10  nan  nan  nan 10.40
2016 4 14 0.20  nan  nan  nan 9.90
2016 4 15 0.40  nan  nan  nan 10.00
2016 4 16 0.10  nan  nan  nan 9.60
2016 4 17 0.50  nan  nan  nan 9.20
2016 4 18 0.00  nan  nan  nan 9.20
2016 4 19 0.00  nan  nan  nan 8.80
2016 4 20 0.00  nan  nan  nan 8.50
2016 4 21 0.00  nan  nan  nan 8.30
2016 4 22 0.00  nan  nan  nan 8.00
2016 4 23 0.00  nan  nan  nan 7.00
2016 4 24 0.20  nan  nan  nan 6.20
2016 4 25 0.00  nan  nan  nan 5.70
2016 4 26 0.10  nan  nan  nan 5.50
2016 4 27 0.10  nan  nan  nan 5.10
2016 4 28 0.30  nan  nan  nan 4.70
2016 4 29 0.50  nan  nan  nan 4.40
2016 4 30 0.20  nan  nan  nan 4.20
2016 5 1 1.10  nan  nan  nan 4.10
2016 5 2 1.20  nan  nan  nan 3.80
2016 5 3 0.00  nan  nan  nan 2.70
2016 5 4 0.00  nan  nan  nan 2.20
2016 5 5 0.00  nan  nan  nan 1.60
2016 5 6 0.00  nan  nan  nan 1.20
2016 5 7 0.00  nan  nan  nan 0.00
2016 5 8 0.00  nan  nan  nan 0.00
2016 5 9 0.00  nan  nan  nan 0.00
2016 5 10 0.00  nan  nan  nan 0.00
2016 5 11 0.00  nan  nan  nan 0.00
2016 5 12 0.00  nan  nan  nan 0.00
2016 5 13 0.00  nan  nan  nan 0.00
2016 5 14 0.00  nan  nan  nan 0.00
2016 5 15 0.00  nan  nan  nan 0.00
2016 5 16 0.50  nan  nan  nan 0.00
2016 5 17 0.80  nan  nan  nan 0.00
2016 5 18 0.00  nan  nan  nan 0.00
2016 5 19 0.00  nan  nan  nan 0.00
2016 5 20 0.00  nan  nan  nan 0.00
2016 5 21 0.00  nan  nan  nan 0.00
2016 5 22 0.10  nan  nan  nan 0.00
2016 5 23 0.10  nan  nan  nan 0.00
2016 5 24 0.00  nan  nan  nan 0.00
2016 5 25 0.10  nan  nan  nan 0.00
2016 5 26 0.00  nan  nan  nan 0.00
2016 5 27 0.00  nan  nan  nan 0.00
2016 5 28 0.00  nan  nan  nan 0.00
2016 5 29 0.00  nan  nan  nan 0.00
2016 5 30 0.10  nan  nan  nan 0.00
2016 5 31 0.10  nan  nan  nan 0.00
2016 6 1 0.30  nan  nan  nan 0.00
2016 6 2 0.20  nan  nan  nan 0.00
2016 6 3 0.40  nan  nan  nan 0.00
2016 6 4 0.30  nan  nan  nan 0.00
2016 6 5 0.70  nan  nan  nan 0.00
2016 6 6 0.20  nan  nan  nan 0.00
2016 6 7 0.10  nan  nan  nan 0.00
2016 6 8 0.00  nan  nan  nan 0.00
2016 6 9 0.00  nan  nan  nan 0.00
2016 6 10 0.00  nan  nan  nan 0.00
2016 6 11 0.00  nan  nan  nan 0.00
2016 6 12 0.20  nan  nan  nan 0.00
2016 6 13 0.50  nan  nan  nan 0.00
2016 6 14 0.00  nan  nan  nan 0.00
2016 6 15 0.00  nan  nan  nan 0.00
2016 6 16 0.00  nan  nan  nan 0.00
2016 6 17 0.00  nan  nan  nan 0.00
2016 6 18 0.00  nan  nan  nan 0.00
2016 6 19 0.00  nan  nan  nan 0.00
2016 6 20 0.00  nan  nan  nan 0.00
2016 6 21 0.00  nan  nan  nan 0.00
2016 6 22 0.00  nan  nan  nan 0.00
2016 6 23 0.00  nan  nan  nan 0.00
2016 6 24 0.20  nan  nan  nan 0.00
2016 6 25 0.20  nan  nan  nan 0.00
2016 6 26 0.60  nan  nan  nan 0.00
2016 6 27 0.00  nan  nan  nan 0.00
2016 6 28 0.00  nan  nan  nan 0.00
2016 6 29 0.00  nan  nan  nan 0.00
2016 6 30 0.40  nan  nan  nan 0.00
2016 7 1 0.60  nan  nan  nan 0.00
2016 7 2 0.70  nan  nan  nan 0.00
2016 7 3 0.00  nan  nan  nan 0.00
2016 7 4 0.00  nan  nan  nan 0.00
2016 7 5 0.00  nan  nan  nan 0.00
2016 7 6 0.00  nan  nan  nan 0.00
2016 7 7 0.00  nan  nan  nan 0.00
2016 7 8 0.00  nan  nan  nan 0.00
2016 7 9 0.00  nan  nan  nan 0.00
2016 7 10 0.00  nan  nan  nan 0.00
2016 7 11 0.00  nan  nan  nan 0.00
2016 7 12 0.00  nan  nan  nan 0.00
2016 7 13 0.00  nan  nan  nan 0.00
2016 7 14 0.00  nan  nan  nan 0.00
2016 7 15 0.00  nan  nan  nan 0.00
2016 7 16 0.00  nan  nan  nan 0.00
2016 7 17 0.00  nan  nan  nan 0.00
2016 7 18 0.00  nan  nan  nan 0.00
2016 7 19 0.00  nan  nan  nan 0.00
2016 7 20 0.00  nan  nan  nan 0.00
2016 7 21 0.70  nan  nan  nan 0.00
2016 7 22 0.50  nan  nan  nan 0.00
2016 7 23 0.70  nan  nan  nan 0.00
2016 7 24 0.30  nan  nan  nan 0.00
2016 7 25 0.10  nan  nan  nan 0.00
2016 7 26 0.60  nan  nan  nan 0.00
2016 7 27 1.10  nan  nan  nan 0.00
2016 7 28 0.60  nan  nan  nan 0.00
2016 7 29 0.00  nan  nan  nan 0.00
2016 7 30 0.00  nan  nan  nan 0.00
2016 7 31 0.00  nan  nan  nan 0.00
2016 8 1 0.00  nan  nan  nan 0.00
2016 8 2 0.00  nan  nan  nan 0.00
2016 8 3 1.00  nan  nan  nan 0.00
2016 8 4 0.00  nan  nan  nan 0.00
2016 8 5 0.00  nan  nan  nan 0.00
2016 8 6 0.00  nan  nan  nan 0.00
2016 8 7 0.00  nan  nan  nan 0.00
2016 8 8 0.30  nan  nan  nan 0.00
2016 8 9 0.50  nan  nan  nan 0.00
2016 8 10 0.70  nan  nan  nan 0.00
2016 8 11 0.30  nan  nan  nan 0.00
2016 8 12 0.10  nan  nan  nan 0.00
2016 8 13 0.60  nan  nan  nan 0.00
2016 8 14 0.60  nan  nan  nan 0.00
2016 8 15 0.30  nan  nan  nan 0.00
2016 8 16 0.60  nan  nan  nan 0.00
2016 8 17 0.00  nan  nan  nan 0.00
2016 8 18 0.40  nan  nan  nan 0.00
2016 8 19 0.20  nan  nan  nan 0.00
2016 8 20 0.10  nan  nan  nan 0.00
2016 8 21 0.00  nan  nan  nan 0.00
2016 8 22 0.00  nan  nan  nan 0.00
2016 8 23 0.20  nan  nan  nan 0.00
2016 8 24 0.40  nan  nan  nan 0.00
2016 8 25 0.00  nan  nan  nan 0.00
2016 8 26 0.70  nan  nan  nan 0.00
2016 8 27 0.00  nan  nan  nan 0.00
2016 8 28 0.00  nan  nan  nan 0.00
2016 8 29 0.10  nan  nan  nan 0.00
2016 8 30 0.00  nan  nan  nan 0.00
2016 8 31 0.10  nan  nan  nan 0.00
2016 9 1 0.00  nan  nan  nan 0.00
2016 9 2 0.00  nan  nan  nan 0.00
2016 9 3 0.00  nan  nan  nan 0.00
2016 9 4 0.00  nan  nan  nan 0.00
2016 9 5 0.20  nan  nan  nan 0.00
2016 9 6 0.80  nan  nan  nan 0.00
2016 9 7 0.00  nan  nan  nan 0.00
2016 9 8 0.20  nan  nan  nan 0.00
2016 9 9 2.70  nan  nan  nan 0.00
2016 9 10 0.10  nan  nan  nan 0.00
2016 9 11 0.00  nan  nan  nan 0.00
2016 9 12 0.50  nan  nan  nan 0.00
2016 9 13 0.60  nan  nan  nan 0.00
2016 9 14 0.80  nan  nan  nan 0.00
2016 9 15 0.80  nan  nan  nan 0.00
2016 9 16 0.30  nan  nan  nan 0.00
2016 9 17 0.60  nan  nan  nan 0.00
2016 9 18 0.30  nan  nan  nan 0.00
2016 9 19 0.00  nan  nan  nan 0.00
2016 9 20 0.10  nan  nan  nan 0.00
2016 9 21 0.00  nan  nan  nan 0.00
2016 9 22 1.00 57.16 44.80 47.89 0.00
2016 9 23 0.20 52.01 44.80 47.89 0.00
2016 9 24 0.70 50.98 40.68 46.86 0.00
2016 9 25 0.00 53.04 40.68 45.83 0.00
2016 9 26 0.10 49.95 38.62 42.74 0.00
2016 9 27 0.20 45.83 39.65 41.71 0.00
2016 9 28 0.00 49.95 36.56 42.74 0.00
2016 9 29 0.00 64.37 40.68 49.95 0.00
2016 9 30 0.00 52.01 44.80 48.92 0.00
2016 10 1 0.00 49.95 35.53 42.74 0.00
2016 10 2 0.00 46.86 37.59 41.71 0.00
2016 10 3 0.00 48.92 40.68 43.77 0.00
2016 10 4 0.00 48.92 39.65 43.77 0.00
2016 10 5 0.00 48.92 38.62 42.74 0.00
2016 10 6 0.00 52.01 40.68 45.83 0.00
2016 10 7 0.20 48.92 35.53 42.74 0.00
2016 10 8 0.10 44.80 33.47 37.59 0.00
2016 10 9 0.00 44.80 31.41 36.56 0.00
2016 10 10 0.00 48.92 33.47 38.62 0.00
2016 10 11 0.00 48.92 35.53 40.68 0.00
2016 10 12 0.00 47.89 35.53 40.68 0.00
2016 10 13 0.00 56.13 35.53 44.80 0.00
2016 10 14 0.10 41.71 29.35 34.50 0.00
2016 10 15 0.20 33.47 27.29 31.41 0.10
2016 10 16 1.20 31.41 26.26 28.32 0.30
2016 10 17 0.70 42.74 31.41 36.56 1.20
2016 10 18 1.40 40.68 35.53 38.62 1.00
2016 10 19 0.20 39.65 35.53 37.59 0.30
2016 10 20 0.10 43.77 35.53 38.62 0.10
2016 10 21 0.10 42.74 34.50 37.59 0.00
2016 10 22 0.50 39.65 33.47 36.56 0.00
2016 10 23 0.10 43.77 33.47 36.56 0.00
2016 10 24 0.10 39.65 29.35 33.47 0.00
2016 10 25 0.00 45.83 32.44 38.62 0.00
2016 10 26 0.00 44.80 32.44 36.56 0.00
2016 10 27 0.00 45.83 34.50 39.65 0.00
2016 10 28 0.00 46.86 37.59 40.68 0.00
2016 10 29 0.00 42.74 35.53 38.62 0.00
2016 10 30 0.00 43.77 33.47 36.56 0.00
2016 10 31 0.00 43.77 32.44 36.56 0.00
2016 11 1 0.00 45.83 35.53 37.59 0.00
2016 11 2 0.20 46.86 33.47 37.59 0.00
2016 11 3 0.50 42.74 33.47 38.62 0.00
2016 11 4 0.30 45.83 34.50 38.62 0.00
2016 11 5 0.30 47.89 32.44 37.59 0.00
2016 11 6 0.00 47.89 32.44 35.53 0.00
2016 11 7 0.50 48.92 36.56 40.68 0.00
2016 11 8 0.40 45.83 39.65 41.71 0.00
2016 11 9 0.10 52.01 39.65 42.74 0.00
2016 11 10 0.80 52.01 38.62 43.77 0.00
2016 11 11 0.70 45.83 38.62 41.71 0.00
2016 11 12 0.10 42.74 38.62 40.68 0.00
2016 11 13 0.50 44.80 35.53 40.68 0.00
2016 11 14 0.20 40.68 35.53 36.56 0.00
2016 11 15 0.10 41.71 31.41 34.50 0.00
2016 11 16 0.10 41.71 29.35 33.47 0.00
2016 11 17 0.00 34.50 25.23 28.32 0.00
2016 11 18 0.00 31.41 20.08 25.23 0.00
2016 11 19 0.10 26.26 15.96 20.08 0.00
2016 11 20 0.00 25.23 14.93 18.02 0.00
2016 11 21 0.00 28.32 16.99 21.11 0.00
2016 11 22 0.00 27.29 21.11 23.17 0.00
2016 11 23 0.20 31.41 24.20 28.32 0.00
2016 11 24 0.10 31.41 26.26 27.29 0.20
2016 11 25 0.10 31.41 25.23 27.29 0.30
2016 11 26 0.20 33.47 30.38 31.41 0.30
2016 11 27 0.40 33.47 28.32 30.38 0.50
2016 11 28 0.10 31.41 28.32 29.35 0.80
2016 11 29 1.30 40.68 29.35 34.50 0.90
2016 11 30 0.10 32.44 28.32 30.38 1.50
2016 12 1 0.40 36.56 29.35 32.44 1.50
2016 12 2 1.40 35.53 31.41 33.47 1.90
2016 12 3 0.70 33.47 24.20 29.35 2.70
2016 12 4 0.00 25.23 8.75 15.96 2.90
2016 12 5 0.00 15.96 3.60 7.72 2.90
2016 12 6 0.60 15.96 3.60 9.78 2.90
2016 12 7 1.00 20.08 14.93 16.99 3.30
2016 12 8 0.00 27.29 10.81 14.93 4.30
2016 12 9 0.00 20.08 6.69 10.81 4.30
2016 12 10 0.00 14.93 4.63 9.78 4.30
2016 12 11 0.00 21.11 8.75 14.93 4.30
2016 12 12 0.00 24.20 14.93 18.02 4.30
2016 12 13 0.00 23.17 10.81 13.90 4.30
2016 12 14 0.00 24.20 10.81 15.96 4.30
2016 12 15 0.00 27.29 11.84 15.96 4.30
2016 12 16 0.00 18.02 9.78 14.93 4.30
2016 12 17 0.60 29.35 18.02 25.23 4.30
2016 12 18 0.60 30.38 26.26 28.32 4.90
2016 12 19 0.40 29.35 26.26 28.32 5.50
2016 12 20 0.10  nan  nan  nan 5.90
2016 12 21 0.80  nan  nan  nan 5.90
2016 12 22 0.00 29.35 19.05 26.26 6.30
2016 12 23 0.30 30.38 14.93 19.05 6.30
2016 12 24 0.10 18.02 12.87 14.93 6.30
2016 12 25 0.10 25.23 13.90 19.05 6.30
2016 12 26 0.20 28.32 22.14 25.23 6.30
2016 12 27 0.40 28.32 24.20 27.29 6.50
2016 12 28 0.30 28.32 27.29 27.29 6.90
2016 12 29 0.10 28.32 25.23 27.29 7.20
2016 12 30 0.50 31.41 24.20 27.29 7.20
2016 12 31 0.30 33.47 19.05 26.26 7.70
2017 1 1 0.00 33.47 22.14 26.26 8.00
2017 1 2 0.00 36.56 29.35 32.44 8.00
2017 1 3 0.00 39.65 27.29 31.41 8.00
2017 1 4 0.00 27.29 14.93 23.17 8.00
2017 1 5 0.00 31.41 16.99 24.20 8.00
2017 1 6 0.00 18.02 11.84 14.93 8.00
2017 1 7 0.00 20.08 9.78 12.87 7.30
2017 1 8 0.00 27.29 14.93 22.14 7.00
2017 1 9 0.00 26.26 18.02 23.17 7.00
2017 1 10 0.00 32.44 20.08 24.20 7.00
2017 1 11 0.10 29.35 15.96 19.05 7.00
2017 1 12 0.10 28.32 20.08 25.23 7.00
2017 1 13 0.70 33.47 27.29 30.38 7.10
2017 1 14 0.50 33.47 31.41 32.44 7.80
2017 1 15 0.40 36.56 29.35 32.44 8.00
2017 1 16 0.80 36.56 28.32 33.47 8.40
2017 1 17 0.20 30.38 26.26 27.29 8.50
2017 1 18 0.30 33.47 26.26 29.35 8.70
2017 1 19 0.50 32.44 16.99 25.23 9.00
2017 1 20 0.10 24.20 10.81 14.93 9.10
2017 1 21 0.00 21.11 11.84 14.93 9.10
2017 1 22 0.00 26.26 14.93 20.08 9.10
2017 1 23 0.50 29.35 22.14 26.26 9.10
2017 1 24 0.40 36.56 25.23 31.41 9.60
2017 1 25 0.00 34.50 30.38 32.44 9.80
2017 1 26 0.10 38.62 31.41 34.50 9.80
2017 1 27 0.20 37.59 30.38 33.47 9.80
2017 1 28 0.40 35.53 29.35 31.41 9.80
2017 1 29 0.00 31.41 20.08 25.23 9.90
2017 1 30 0.10 27.29 13.90 19.05 9.90
2017 1 31 0.00 26.26 12.87 16.99 10.00
2017 2 1 0.00 31.41 14.93 22.14 10.00
2017 2 2 0.00 32.44 19.05 26.26 10.00
2017 2 3 0.00 28.32 14.93 23.17 10.00
2017 2 4 0.00 36.56 23.17 29.35 10.00
2017 2 5 0.00 31.41 18.02 23.17 10.00
2017 2 6 0.10 24.20 14.93 20.08 10.00
2017 2 7 0.00 26.26 11.84 16.99 10.10
2017 2 8 0.00 21.11 9.78 13.90 10.10
2017 2 9 0.00 25.23 12.87 15.96 10.10
2017 2 10 0.40 23.17 14.93 19.05 10.10
2017 2 11 1.40 30.38 22.14 27.29 10.50
2017 2 12 0.50 32.44 30.38 30.38 11.90
2017 2 13 0.70 42.74 31.41 37.59 12.00
2017 2 14 0.70 43.77 33.47 36.56 12.30
2017 2 15 0.70 35.53 23.17 31.41 12.30
2017 2 16 0.10 31.41 21.11 24.20 12.30
2017 2 17 0.00 29.35 23.17 26.26 12.30
2017 2 18 0.20 32.44 20.08 25.23 12.30
2017 2 19 0.00 31.41 18.02 23.17 12.30
2017 2 20 0.00 29.35 18.02 22.14 12.30
2017 2 21 0.00 27.29 14.93 19.05 12.30
2017 2 22 0.20 25.23 15.96 20.08 12.30
2017 2 23 0.00 29.35 15.96 21.11 12.50
2017 2 24 0.00 30.38 19.05 23.17 12.50
2017 2 25 0.20 34.50 22.14 28.32 12.50
2017 2 26 0.00 29.35 19.05 23.17 12.70
2017 2 27 0.00 30.38 16.99 22.14 12.70
2017 2 28 0.00 24.20 15.96 20.08 12.70
2017 3 1 0.30 24.20 13.90 18.02 12.70
2017 3 2 0.60 20.08 9.78 14.93 13.00
2017 3 3 0.00 16.99 5.66 10.81 13.60
2017 3 4 0.00 13.90 1.54 7.72 13.60
2017 3 5 0.00 13.90 2.57 6.69 13.60
2017 3 6 0.00 6.69 0.51 2.57 13.60
2017 3 7 0.00 12.87 -3.61 5.66 13.60
2017 3 8 0.00 13.90 2.57 7.72 13.60
2017 3 9 0.00  nan  nan  nan 13.60
2017 3 10 0.00 16.99 4.63 9.78 13.60
2017 3 11 0.00 18.02 1.54 9.78 13.60
2017 3 12 0.50 14.93 3.60 9.78 13.60
2017 3 13 0.90 21.11 12.87 14.93 14.10
2017 3 14 0.40 22.14 14.93 18.02 15.00
2017 3 15 0.00 31.41 16.99 24.20 15.40
2017 3 16 0.00 34.50 19.05 24.20 15.40
2017 3 17 0.00 30.38 14.93 22.14 15.40
2017 3 18 0.00 23.17 11.84 15.96 15.40
2017 3 19 0.00 32.44 11.84 22.14 15.40
2017 3 20 0.00 31.41 23.17 27.29 15.40
2017 3 21 0.00 37.59 21.11 29.35 15.40
2017 3 22 0.00 39.65 25.23 31.41 15.40
2017 3 23 0.10 34.50 24.20 27.29 15.40
2017 3 24 0.00 36.56 22.14 29.35 15.40
2017 3 25 0.20 34.50 23.17 26.26 15.40
2017 3 26 0.00 36.56 21.11 28.32 15.40
2017 3 27 0.30 35.53 26.26 30.38 15.40
2017 3 28 0.10 38.62 28.32 31.41 15.70
2017 3 29 0.40 34.50 29.35 31.41 15.70
2017 3 30 0.10 37.59 29.35 32.44 15.70
2017 3 31 0.70 34.50 30.38 32.44 15.70
2017 4 1 0.10 36.56 29.35 32.44 15.80
2017 4 2 0.10 35.53 26.26 29.35 15.80
2017 4 3 0.00 39.65 27.29 32.44 15.80
2017 4 4 0.00 45.83 29.35 38.62 15.80
2017 4 5 0.10 41.71 31.41 36.56 16.00
2017 4 6 0.20 41.71 27.29 32.44 15.50
2017 4 7 0.00 44.80 26.26 34.50 15.40
2017 4 8 0.00 45.83 31.41 37.59 15.40
2017 4 9 0.00 46.86 29.35 35.53 15.00
2017 4 10 0.00 49.95 33.47 40.68 14.70
2017 4 11 0.00 49.95 31.41 39.65 14.60
2017 4 12 0.00 52.01 34.50 43.77 14.50
2017 4 13 0.00 47.89 36.56 42.74 14.40
2017 4 14 0.00 49.95 33.47 40.68 14.30
2017 4 15 0.00 46.86 31.41 37.59 14.20
2017 4 16 0.00 41.71 29.35 34.50 14.10
2017 4 17 0.00 46.86 30.38 38.62 14.10
2017 4 18 0.00 38.62 26.26 32.44 13.90
2017 4 19 0.10 34.50 26.26 30.38 13.80
2017 4 20 0.20 38.62 30.38 33.47 13.80
2017 4 21 0.00 46.86 32.44 36.56 13.60
2017 4 22 0.00 54.07 33.47 42.74 13.50
2017 4 23 0.00 54.07 35.53 42.74 13.40
2017 4 24 0.10 47.89 34.50 39.65 13.00
2017 4 25 0.00 48.92 33.47 39.65 12.80
2017 4 26 0.00 53.04 35.53 42.74 11.90
2017 4 27 0.50 42.74 31.41 34.50 11.40
2017 4 28 0.30 36.56 29.35 33.47 11.00
2017 4 29 0.00 46.86 27.29 37.59 10.90
2017 4 30 0.10 42.74 31.41 36.56 10.70
2017 5 1 0.10 38.62 31.41 33.47 10.30
2017 5 2 0.20 45.83 31.41 37.59 10.20
2017 5 3 0.50 39.65 30.38 33.47 10.30
2017 5 4 0.00 45.83 31.41 36.56 9.80
2017 5 5 0.00 49.95 32.44 40.68 9.50
2017 5 6 0.00 47.89 32.44 39.65 9.00
2017 5 7 0.10 39.65 33.47 35.53 8.40
2017 5 8 0.30 39.65 32.44 35.53 8.20
2017 5 9 0.10 45.83 31.41 36.56 7.80
2017 5 10 0.00 55.10 31.41 42.74 7.40
2017 5 11 0.00 60.25 38.62 48.92 6.70
2017 5 12 0.10 52.01 37.59 42.74 5.80
2017 5 13 0.20 41.71 35.53 38.62 5.30
2017 5 14 0.00 40.68 32.44 35.53 4.90
2017 5 15 0.00 57.16 32.44 44.80 4.50
2017 5 16 0.00 60.25 40.68 49.95 3.70
2017 5 17 0.00 56.13 39.65 47.89 2.90
2017 5 18 0.10 44.80 37.59 40.68 2.10
2017 5 19 0.40 40.68 36.56 38.62 1.50
2017 5 20 1.00 44.80 38.62 40.68 0.70
2017 5 21 1.70 47.89 40.68 43.77 0.00
2017 5 22 0.20 45.83 37.59 41.71 0.00
2017 5 23 0.00 54.07 37.59 44.80 0.00
2017 5 24 0.00  nan  nan  nan 0.00
2017 5 25 0.00  nan  nan  nan 0.00
2017 5 26 0.00 46.86 34.50 39.65 0.00
2017 5 27 0.00 53.04 33.47 42.74 0.00
2017 5 28 0.00 64.37 40.68 53.04 0.00
2017 5 29 0.00 57.16 44.80 50.98 0.00
2017 5 30 0.00 55.10 43.77 47.89 0.00
2017 5 31 0.00 54.07 42.74 47.89 0.00
2017 6 1 0.00 49.95 42.74 45.83 0.00
2017 6 2 0.30 55.10 40.68 45.83 0.00
2017 6 3 0.00 48.92 37.59 42.74 0.00
2017 6 4 0.00 50.98 36.56 42.74 0.00
2017 6 5 0.40 44.80 38.62 41.71 0.00
2017 6 6 0.00 63.34 40.68 49.95 0.00
2017 6 7 0.00 65.40 45.83 55.10 0.00
2017 6 8 0.00 72.61 50.98 61.28 0.00
2017 6 9 0.10 52.01 42.74 47.89 0.00
2017 6 10 0.20 43.77 39.65 42.74 0.00
2017 6 11 0.70 40.68 38.62 39.65 0.00
2017 6 12 0.20 41.71 37.59 38.62 0.00
2017 6 13 0.00 45.83 36.56 39.65 0.00
2017 6 14 0.00 52.01 36.56 43.77 0.00
2017 6 15 0.10 49.95 38.62 42.74 0.00
2017 6 16 0.50 38.62 35.53 37.59 0.00
2017 6 17 0.20 39.65 36.56 37.59 0.00
2017 6 18 0.00 52.01 37.59 42.74 0.00
2017 6 19 0.30 52.01 41.71 46.86 0.00
2017 6 20 0.60 48.92 38.62 42.74 0.00
2017 6 21 0.00 49.95 40.68 43.77 0.00
2017 6 22 0.10 52.01 40.68 45.83 0.00
2017 6 23 0.00 59.22 39.65 48.92 0.00
2017 6 24 0.20 49.95 44.80 46.86 0.00
2017 6 25 0.00 52.01 43.77 47.89 0.00
2017 6 26 0.30 47.89 43.77 45.83 0.00
2017 6 27 0.00 49.95 42.74 45.83 0.00
2017 6 28 0.00 53.04 42.74 47.89 0.00
2017 6 29 0.20 53.04 42.74 46.86 0.00
2017 6 30 0.10 47.89 43.77 45.83 0.00
2017 7 1 0.70 49.95 44.80 46.86 0.00
2017 7 2 1.10 49.95 43.77 45.83 0.00
2017 7 3 0.60 46.86 41.71 43.77 0.00
2017 7 4 0.60 46.86 43.77 44.80 0.00
2017 7 5 0.00 59.22 42.74 48.92 0.00
2017 7 6 0.00 69.52 48.92 58.19 0.00
2017 7 7 0.00 62.31 48.92 55.10 0.00
2017 7 8 0.00 49.95 44.80 47.89 0.00
2017 7 9 0.90 45.83 42.74 44.80 0.00
2017 7 10 0.00 48.92 41.71 44.80 0.00
2017 7 11 0.10 46.86 42.74 44.80 0.00
2017 7 12 0.00 61.28 43.77 52.01 0.00
2017 7 13 0.10 50.98 46.86 48.92 0.00
2017 7 14 0.50 50.98 44.80 47.89 0.00
2017 7 15 0.20 50.98 41.71 45.83 0.00
2017 7 16 0.30 48.92 44.80 46.86 0.00
2017 7 17 0.00 50.98 45.83 47.89 0.00
2017 7 18 0.00 52.01 45.83 47.89 0.00
2017 7 19 0.00 54.07 45.83 49.95 0.00
2017 7 20 0.00 55.10 47.89 50.98 0.00
2017 7 21 0.00 59.22 47.89 52.01 0.00
2017 7 22 0.30 54.07 45.83 49.95 0.00
2017 7 23 0.00 50.98 45.83 47.89 0.00
2017 7 24 0.00 53.04 46.86 48.92 0.00
2017 7 25 0.20 52.01 46.86 48.92 0.00
2017 7 26 0.70 52.01 47.89 48.92 0.00
2017 7 27 0.10 54.07 46.86 48.92 0.00
2017 7 28 0.10 53.04 44.80 48.92 0.00
2017 7 29 0.00 57.16 43.77 48.92 0.00
2017 7 30 0.00 55.10 46.86 49.95 0.00
2017 7 31 0.00 57.16 46.86 50.98 0.00
2017 8 1 0.00 63.34 46.86 55.10 0.00
2017 8 2 0.00 63.34 50.98 57.16 0.00
2017 8 3 0.00 61.28 52.01 56.13 0.00
2017 8 4 0.00 66.43 49.95 56.13 0.00
2017 8 5 0.00 78.79 52.01 65.40 0.00
2017 8 6 0.00 74.67 57.16 64.37 0.00
2017 8 7 0.00 57.16 49.95 54.07 0.00
2017 8 8 0.00 64.37 48.92 56.13 0.00
2017 8 9 0.00 70.55 49.95 59.22 0.00
2017 8 10 0.00 67.46 52.01 59.22 0.00
2017 8 11 0.00 62.31 49.95 56.13 0.00
2017 8 12 0.10 58.19 49.95 53.04 0.00
2017 8 13 0.50 57.16 45.83 50.98 0.00
2017 8 14 0.40 53.04 42.74 45.83 0.00
2017 8 15 0.10 49.95 40.68 45.83 0.00
2017 8 16 0.40 49.95 45.83 47.89 0.00
2017 8 17 1.30 46.86 42.74 44.80 0.00
2017 8 18 0.50 50.98 43.77 45.83 0.00
2017 8 19 0.20 46.86 43.77 44.80 0.00
2017 8 20 0.60 49.95 44.80 46.86 0.00
2017 8 21 0.10 55.10 48.92 50.98 0.00
2017 8 22 1.70 55.10 42.74 49.95 0.00
2017 8 23 0.00 52.01 40.68 45.83 0.00
2017 8 24 0.20 48.92 43.77 45.83 0.00
2017 8 25 1.20 49.95 43.77 45.83 0.00
2017 8 26 0.70 46.86 41.71 44.80 0.00
2017 8 27 0.10 49.95 41.71 44.80 0.00
2017 8 28 0.00 50.98 41.71 46.86 0.00
2017 8 29 0.00 63.34 45.83 55.10 0.00
2017 8 30 0.60 61.28 42.74 49.95 0.00
2017 8 31 1.60 47.89 42.74 44.80 0.00
2017 9 1 0.80 47.89 42.74 45.83 0.00
2017 9 2 0.20 48.92 38.62 43.77 0.00
2017 9 3 0.00 52.01 36.56 45.83 0.00
2017 9 4 1.00 56.13 44.80 52.01 0.00
2017 9 5 0.00 70.55 55.10 61.28 0.00
2017 9 6 1.40 59.22 49.95 55.10 0.00
2017 9 7 0.60 49.95 43.77 45.83 0.00
2017 9 8 1.40 48.92 42.74 45.83 0.00
2017 9 9 1.20 45.83 42.74 43.77 0.00
2017 9 10 0.40 45.83 39.65 42.74 0.00
2017 9 11 0.10 44.80 38.62 41.71 0.00
2017 9 12 0.00 48.92 40.68 43.77 0.00
2017 9 13 0.00 47.89 39.65 42.74 0.00
2017 9 14 0.00 43.77 40.68 41.71 0.00
2017 9 15 0.00  nan  nan  nan 0.00
2017 9 16 0.30  nan  nan  nan 0.00
2017 9 17 0.20 46.86 39.65 42.74 0.00
2017 9 18 0.30 42.74 40.68 41.71 0.00
2017 9 19 0.10 48.92 38.62 43.77 0.00
2017 9 20 0.00 61.28 43.77 49.95 0.00
2017 9 21 0.10 44.80 40.68 42.74 0.00
2017 9 22 0.20 46.86 41.71 44.80 0.00
2017 9 23 0.40 49.95 45.83 47.89 0.00
2017 9 24 0.70 47.89 40.68 45.83 0.00
2017 9 25 0.00 48.92 38.62 42.74 0.00
2017 9 26 0.80 50.98 42.74 47.89 0.00
2017 9 27 1.50 53.04 48.92 50.98 0.00
2017 9 28 0.00 48.92 37.59 43.77 0.00
2017 9 29 0.00 47.89 35.53 40.68 0.00
2017 9 30 0.00 43.77 36.56 39.65 0.00
2017 10 1 0.00 48.92 35.53 40.68 0.00
2017 10 2 0.00 47.89 36.56 40.68 0.00
2017 10 3 0.70 42.74 38.62 39.65 0.00
2017 10 4 0.20 50.98 37.59 40.68 0.00
2017 10 5 0.70 42.74 38.62 40.68 0.00
2017 10 6 0.30 38.62 35.53 37.59 0.00
2017 10 7 0.00 43.77 33.47 37.59 0.00
2017 10 8 1.00 39.65 34.50 37.59 0.00
2017 10 9 0.10 39.65 32.44 35.53 0.00
2017 10 10 0.00 42.74 30.38 35.53 0.00
2017 10 11 0.00 43.77 30.38 35.53 0.00
2017 10 12 0.00 41.71 28.32 33.47 0.00
2017 10 13 0.20 33.47 28.32 31.41 0.00
2017 10 14 0.30 36.56 31.41 34.50 0.00
2017 10 15 0.40 37.59 31.41 35.53 0.00
2017 10 16 0.40 34.50 30.38 32.44 0.00
2017 10 17 0.20 32.44 30.38 31.41 0.00
2017 10 18 0.10 37.59 30.38 32.44 0.00
2017 10 19 0.10 33.47 29.35 31.41 0.00
2017 10 20 0.50  nan  nan  nan 0.00
2017 10 21 0.00  nan  nan  nan 0.00
2017 10 22 0.10 34.50 30.38 32.44 0.00
2017 10 23 0.50 36.56 30.38 33.47 0.00
2017 10 24 0.00 33.47 27.29 31.41 0.00
2017 10 25 0.00 39.65 27.29 32.44 0.00
2017 10 26 0.70 39.65 32.44 34.50 0.00
2017 10 27 1.90 43.77 35.53 40.68 0.00
2017 10 28 0.10 44.80 32.44 36.56 0.00
2017 10 29 0.00 47.89 34.50 39.65 0.00
2017 10 30 0.00 40.68 35.53 38.62 0.00
2017 10 31 0.10 40.68 32.44 37.59 0.00
2017 11 1 0.20 38.62 26.26 33.47 0.00
2017 11 2 0.10 35.53 25.23 28.32 0.00
2017 11 3 0.00 36.56 26.26 29.35 0.00
2017 11 4 0.10 34.50 23.17 30.38 0.00
2017 11 5 0.00 29.35 21.11 25.23 0.00
2017 11 6 0.00 32.44 23.17 28.32 0.00
2017 11 7 0.00 33.47 21.11 27.29 0.00
2017 11 8 0.00 34.50 22.14 26.26 0.00
2017 11 9 0.00 35.53 23.17 28.32 0.00
2017 11 10 0.70 28.32 21.11 24.20 0.00
2017 11 11 0.20 27.29 19.05 22.14 0.70
2017 11 12 0.10 24.20 15.96 19.05 0.40
2017 11 13 0.00 27.29 15.96 22.14 0.40
2017 11 14 0.00 24.20 18.02 20.08 0.30
2017 11 15 0.00 21.11 11.84 16.99 0.20
2017 11 16 0.10 21.11 11.84 15.96 0.00
2017 11 17 0.70 21.11 15.96 19.05 0.10
2017 11 18 0.00 21.11 9.78 15.96 0.80
2017 11 19 0.00 12.87 3.60 6.69 0.80
2017 11 20 0.00 13.90 7.72 11.84 0.80
2017 11 21 0.50 20.08 12.87 15.96 0.80
2017 11 22 0.00 23.17 15.96 20.08 1.30
2017 11 23 0.30 25.23 13.90 20.08 1.30
2017 11 24 0.10 25.23 14.93 19.05 1.60
2017 11 25 0.00 19.05 12.87 15.96 1.70
2017 11 26 0.10 29.35 10.81 16.99 1.70
2017 11 27 0.10 28.32 15.96 24.20 1.80
2017 11 28 0.00 29.35 25.23 27.29 1.90
2017 11 29 0.20 33.47 29.35 30.38 1.90
2017 11 30 0.70 32.44 24.20 28.32 2.10
2017 12 1 0.20 36.56 15.96 21.11 2.80
2017 12 2 0.10 28.32 14.93 24.20 2.80
2017 12 3 0.20 33.47 28.32 30.38 2.80
2017 12 4 0.00 33.47 30.38 31.41 2.90
2017 12 5 0.60 37.59 28.32 33.47 2.90
2017 12 6 0.00 43.77 33.47 36.56 2.90
2017 12 7 0.00 44.80 36.56 39.65 2.90
2017 12 8 0.70 47.89 34.50 38.62 3.00
2017 12 9 1.00 39.65 33.47 36.56 3.10
2017 12 10 0.70 40.68 32.44 35.53 2.80
2017 12 11 2.00 40.68 31.41 34.50 2.80
2017 12 12 0.50 37.59 30.38 34.50 2.70
2017 12 13 1.10 39.65 32.44 36.56 2.30
2017 12 14 0.90 41.71 30.38 34.50 2.40
2017 12 15 0.40 32.44 27.29 29.35 2.10
2017 12 16 0.50 32.44 28.32 30.38 2.20
2017 12 17 0.40 29.35 24.20 27.29 2.70
2017 12 18 0.20 32.44 19.05 23.17 2.90
2017 12 19 0.00 27.29 18.02 20.08 2.90
2017 12 20 0.10 29.35 21.11 27.29 2.90
2017 12 21 0.10 27.29 18.02 21.11 2.90
2017 12 22 0.00 29.35 19.05 23.17 3.00
2017 12 23 0.00 33.47 21.11 24.20 3.00
2017 12 24 0.00 32.44 20.08 25.23 3.00
2017 12 25 0.00 25.23 18.02 21.11 3.00
2017 12 26 0.00 29.35 12.87 18.02 3.00
2017 12 27 0.00 22.14 12.87 14.93 3.00
2017 12 28 0.00 21.11 7.72 14.93 3.00
2017 12 29 0.00 12.87 0.51 5.66 3.00
2017 12 30 0.00 6.69 -1.55 1.54 3.00
2017 12 31 0.10 21.11 -0.52 9.78 3.00
2018 1 1 0.30 33.47 16.99 27.29 3.10
2018 1 2 0.50 34.50 31.41 32.44 3.40
2018 1 3 0.80 33.47 30.38 31.41 3.40
2018 1 4 1.20  nan  nan  nan 3.80
2018 1 5 0.60  nan  nan  nan 4.50
2018 1 6 0.40 31.41 28.32 29.35 4.50
2018 1 7 0.30 32.44 22.14 28.32 4.80
2018 1 8 0.10 27.29 9.78 19.05 5.00
2018 1 9 0.00 10.81 -2.58 6.69 5.00
2018 1 10 0.10 3.60 -4.64 -0.52 5.00
2018 1 11 0.00 18.02 3.60 11.84 5.00
2018 1 12 0.30 23.17 16.99 20.08 5.00
2018 1 13 0.60 38.62 23.17 29.35 5.30
2018 1 14 0.00 55.10 36.56 46.86 5.50
2018 1 15 0.00 47.89 36.56 42.74 4.80
2018 1 16 0.30 42.74 32.44 36.56 4.40
2018 1 17 0.20 39.65 29.35 33.47 4.40
2018 1 18 0.10 38.62 27.29 30.38 4.40
2018 1 19 0.00 30.38 27.29 29.35 4.40
2018 1 20 0.00 31.41 24.20 27.29 4.40
2018 1 21 0.10 28.32 21.11 24.20 4.40
2018 1 22 0.30 25.23 21.11 23.17 4.40
2018 1 23 0.20 31.41 19.05 23.17 4.70
2018 1 24 0.00 23.17 18.02 20.08 4.90
2018 1 25 0.10 26.26 14.93 19.05 4.90
2018 1 26 0.00 25.23 15.96 19.05 5.00
2018 1 27 0.00 27.29 15.96 19.05 5.00
2018 1 28 0.10 26.26 13.90 18.02 5.00
2018 1 29 0.10 15.96 12.87 13.90 5.10
2018 1 30 0.00 18.02 9.78 12.87 5.20
2018 1 31 0.00 14.93 7.72 10.81 5.20
2018 2 1 0.00 8.75 5.66 6.69 5.20
2018 2 2 0.00 14.93 3.60 7.72 5.20
2018 2 3 0.00 15.96 4.63 8.75 5.20
2018 2 4 0.00 34.50 8.75 22.14 5.20
2018 2 5 0.00 27.29 14.93 20.08 5.20
2018 2 6 0.00 23.17 16.99 20.08 5.20
2018 2 7 0.00 24.20 13.90 21.11 5.20
2018 2 8 0.00 22.14 9.78 14.93 5.20
2018 2 9 0.00 32.44 10.81 18.02 5.20
2018 2 10 0.00 26.26 11.84 16.99 5.20
2018 2 11 0.00 27.29 11.84 16.99 5.20
2018 2 12 0.10 29.35 18.02 26.26 5.20
2018 2 13 0.40 35.53 23.17 28.32 5.30
2018 2 14 0.00 33.47 20.08 24.20 5.70
2018 2 15 0.20 27.29 20.08 25.23 5.70
2018 2 16 0.00 31.41 15.96 21.11 5.90
2018 2 17 0.00 26.26 14.93 21.11 5.90
2018 2 18 0.00 29.35 15.96 20.08 5.90
2018 2 19 0.00 28.32 15.96 22.14 5.90
2018 2 20 0.00 29.35 19.05 23.17 5.90
2018 2 21 0.00 40.68 20.08 25.23 5.90
2018 2 22 0.40 29.35 20.08 26.26 5.90
2018 2 23 0.30 34.50 14.93 26.26 6.20
2018 2 24 0.30 23.17 13.90 18.02 6.50
2018 2 25 0.00 28.32 12.87 20.08 6.80
2018 2 26 0.20 27.29 14.93 23.17 6.80
2018 2 27 0.00 27.29 21.11 24.20 7.00
2018 2 28 0.00 25.23 14.93 21.11 7.00
2018 3 1 0.00 20.08 10.81 16.99 7.00
2018 3 2 0.00 26.26 9.78 16.99 7.00
2018 3 3 0.00 33.47 14.93 22.14 7.00
2018 3 4 0.00 33.47 16.99 23.17 7.00
2018 3 5 0.00 27.29 12.87 19.05 7.00
2018 3 6 0.00 24.20 11.84 16.99 7.00
2018 3 7 0.60 26.26 20.08 23.17 7.00
2018 3 8 0.00 27.29 20.08 23.17 7.60
2018 3 9 0.20 30.38 23.17 26.26 7.60
2018 3 10 0.50 31.41 24.20 27.29 7.80
2018 3 11 0.60 34.50 28.32 31.41 8.30
2018 3 12 0.00 38.62 28.32 34.50 8.90
2018 3 13 0.00 58.19 36.56 41.71 8.90
2018 3 14 0.20 43.77 33.47 36.56 8.90
2018 3 15 0.00 39.65 29.35 33.47 8.90
2018 3 16 0.00 38.62 27.29 31.41 8.90
2018 3 17 0.00 43.77 25.23 33.47 8.90
2018 3 18 0.00 40.68 30.38 33.47 8.90
2018 3 19 0.40 32.44 29.35 30.38 8.90
2018 3 20 0.50 31.41 20.08 27.29 8.90
2018 3 21 0.10 30.38 19.05 25.23 9.40
2018 3 22 0.00 30.38 24.20 27.29 9.00
2018 3 23 0.10 36.56 22.14 28.32 8.80
2018 3 24 0.00 30.38 16.99 24.20 8.80
2018 3 25 0.10 27.29 11.84 18.02 8.80
2018 3 26 0.20 23.17 12.87 16.99 8.80
2018 3 27 0.00 31.41 18.02 25.23 9.00
2018 3 28 0.00 33.47 27.29 29.35 9.00
2018 3 29 0.00 38.62 21.11 30.38 9.00
2018 3 30 0.10 36.56 22.14 28.32 9.00
2018 3 31 0.00 33.47 20.08 25.23 9.00
2018 4 1 0.00 33.47 22.14 27.29 9.00
2018 4 2 0.00 27.29 21.11 24.20 9.00
2018 4 3 0.00 31.41 18.02 23.17 9.00
2018 4 4 0.00 33.47 16.99 24.20 9.00
2018 4 5 0.00 41.71 21.11 31.41 9.00
2018 4 6 0.10 41.71 27.29 33.47 9.00
2018 4 7 0.00 52.01 30.38 39.65 9.10
2018 4 8 0.00 48.92 33.47 40.68 9.10
2018 4 9 0.00 44.80 33.47 37.59 8.70
2018 4 10 0.00 47.89 32.44 39.65 8.50
2018 4 11 0.00 49.95 32.44 40.68 7.60
2018 4 12 0.00 42.74 31.41 36.56 7.20
2018 4 13 0.00 46.86 30.38 36.56 7.10
2018 4 14 0.20 43.77 30.38 34.50 6.90
2018 4 15 0.00 40.68 29.35 34.50 6.50
2018 4 16 0.00 37.59 25.23 31.41 6.40
2018 4 17 0.00 40.68 24.20 32.44 6.40
2018 4 18 0.50 34.50 28.32 31.41 6.40
2018 4 19 0.50 35.53 29.35 31.41 6.80
2018 4 20 0.20 38.62 27.29 31.41 7.00
2018 4 21 0.00 38.62 27.29 32.44 7.10
2018 4 22 0.30  nan  nan  nan 6.70
2018 4 23 0.50  nan  nan  nan 7.00
2018 4 24 0.00  nan  nan  nan 6.80
2018 4 25 0.00 39.65 32.44 35.53 6.50
2018 4 26 0.20 40.68 33.47 36.56 6.30
2018 4 27 0.10 40.68 29.35 33.47 6.10
2018 4 28 0.00 42.74 28.32 33.47 5.90
2018 4 29 0.00 40.68 29.35 34.50 5.60
2018 4 30 0.00 36.56 32.44 34.50 5.50
2018 5 1 0.20 38.62 33.47 35.53 5.30
2018 5 2 0.10 38.62 29.35 33.47 5.30
2018 5 3 0.10 38.62 28.32 33.47 4.90
2018 5 4 0.10 39.65 33.47 36.56 4.90
2018 5 5 0.80 42.74 38.62 40.68 4.60
2018 5 6 0.00 49.95 37.59 41.71 3.80
2018 5 7 0.00 57.16 38.62 46.86 3.10
2018 5 8 0.00 59.22 39.65 48.92 2.00
2018 5 9 0.00 65.40 42.74 54.07 1.40
2018 5 10 0.30 53.04 41.71 44.80 0.00
2018 5 11 0.80 42.74 38.62 40.68 0.00
2018 5 12 0.10 50.98 38.62 42.74 0.00
2018 5 13 0.80 45.83 37.59 41.71 0.00
2018 5 14 0.00 38.62 33.47 35.53 0.00
2018 5 15 0.00 42.74 30.38 36.56 0.00
2018 5 16 0.10 52.01  nan 43.77 0.00
2018 5 17 0.00 61.28 36.56 48.92 0.00
2018 5 18 0.00 65.40 44.80 54.07 0.00
2018 5 19 0.00 60.25 40.68 49.95 0.00
2018 5 20 0.40 47.89 40.68 42.74 0.00
2018 5 21 1.50 46.86 39.65 41.71 0.00
2018 5 22 1.20 43.77 35.53 39.65 0.00
2018 5 23 0.00 50.98 33.47 41.71 0.00
2018 5 24 0.50 43.77 35.53 38.62 0.00
2018 5 25 0.10 41.71 35.53 38.62 0.00
2018 5 26 0.60 39.65 33.47 37.59 0.00
2018 5 27 0.30 43.77 34.50 37.59 0.00
2018 5 28 0.00 46.86 33.47 38.62 0.00
2018 5 29 0.00 44.80 34.50 38.62 0.00
2018 5 30 0.00 53.04 36.56 42.74 0.00
2018 5 31 0.00 57.16 36.56 45.83 0.00
2018 6 1 0.00 56.13 38.62 46.86 0.00
2018 6 2 0.00 50.98 38.62 42.74 0.00
2018 6 3 0.00 58.19 35.53 45.83 0.00
2018 6 4 0.20 42.74 37.59 39.65 0.00
2018 6 5 0.00 53.04 37.59 44.80 0.00
2018 6 6 0.00 53.04 40.68 46.86 0.00
2018 6 7 0.20 49.95 39.65 42.74 0.00
2018 6 8 0.20 49.95 37.59 42.74 0.00
2018 6 9 0.80 48.92 36.56 40.68 0.00
2018 6 10 0.10 43.77 35.53 39.65 0.00
2018 6 11 0.10 45.83 39.65 40.68 0.00
2018 6 12 0.00 54.07 39.65 46.86 0.00
2018 6 13 0.00 60.25 41.71 47.89 0.00
2018 6 14 0.20 42.74 38.62 40.68 0.00
2018 6 15 0.00 48.92 39.65 43.77 0.00
2018 6 16 0.00 50.98 42.74 46.86 0.00
2018 6 17 0.00 53.04 48.92 50.98 0.00
2018 6 18 0.00 67.46 50.98 56.13 0.00
2018 6 19 0.00 74.67 54.07 63.34 0.00
2018 6 20 0.00 75.70 58.19 66.43 0.00
2018 6 21 0.00 67.46 52.01 59.22 0.00
2018 6 22 0.00 59.22 45.83 50.98 0.00
2018 6 23 0.20 53.04 42.74 47.89 0.00
2018 6 24 0.00 50.98 43.77 46.86 0.00
2018 6 25 0.20 53.04 42.74 46.86 0.00
2018 6 26 0.00 48.92 40.68 43.77 0.00
2018 6 27 0.00 55.10 40.68 44.80 0.00
2018 6 28 0.00 50.98 42.74 46.86 0.00
2018 6 29 0.30 53.04 44.80 47.89 0.00
2018 6 30 0.10 54.07 42.74 45.83 0.00
2018 7 1 0.00 52.01 42.74 46.86 0.00
2018 7 2 0.00 63.34 43.77 52.01 0.00
2018 7 3 0.00 72.61 46.86 61.28 0.00
2018 7 4 0.00 76.73 59.22 66.43 0.00
2018 7 5 0.00 75.70 55.10 64.37 0.00
2018 7 6 0.00 67.46 53.04 59.22 0.00
2018 7 7 0.00 55.10 49.95 53.04 0.00
2018 7 8 0.00 58.19 49.95 53.04 0.00
2018 7 9 0.10 57.16 47.89 52.01 0.00
2018 7 10 0.10 52.01 45.83 48.92 0.00
2018 7 11 0.30 45.83 42.74 43.77 0.00
2018 7 12 0.10 52.01 42.74 45.83 0.00
2018 7 13 0.00 63.34 40.68 52.01 0.00
2018 7 14 0.00 54.07 44.80 48.92 0.00
2018 7 15 0.60 46.86 43.77 45.83 0.00
2018 7 16 0.40 50.98 41.71 45.83 0.00
2018 7 17 0.00 52.01 44.80 46.86 0.00
2018 7 18 0.00 49.95 44.80 46.86 0.00
2018 7 19 0.00 55.10 45.83 48.92 0.00
2018 7 20 0.00 67.46 44.80 55.10 0.00
2018 7 21 0.00 72.61 49.95 60.25 0.00
2018 7 22 0.00 77.76 58.19 66.43 0.00
2018 7 23 0.00 74.67 56.13 64.37 0.00
2018 7 24 0.00 72.61 56.13 64.37 0.00
2018 7 25 0.00 69.52 55.10 61.28 0.00
2018 7 26 0.00 62.31 56.13 59.22 0.00
2018 7 27 0.00 60.25 55.10 57.16 0.00
2018 7 28 0.00 66.43 52.01 57.16 0.00
2018 7 29 0.00 69.52 49.95 58.19 0.00
2018 7 30 0.00 72.61 52.01 61.28 0.00
2018 7 31 0.00 70.55 53.04 60.25 0.00
2018 8 1 0.10 64.37 49.95 56.13 0.00
2018 8 2 0.30 57.16 49.95 53.04 0.00
2018 8 3 0.30 55.10 48.92 53.04 0.00
2018 8 4 0.00 63.34 52.01 56.13 0.00
2018 8 5 0.00 70.55 52.01 60.25 0.00
2018 8 6 0.20 57.16 52.01 53.04 0.00
2018 8 7 0.60 53.04 50.98 52.01 0.00
2018 8 8 1.40 52.01 49.95 50.98 0.00
2018 8 9 1.70 53.04 46.86 49.95 0.00
2018 8 10 0.30 50.98 45.83 48.92 0.00
2018 8 11 0.00 58.19 44.80 49.95 0.00
2018 8 12 0.00 54.07 45.83 49.95 0.00
2018 8 13 0.10 53.04 48.92 50.98 0.00
2018 8 14 0.20 52.01 44.80 48.92 0.00
2018 8 15 0.10 49.95 43.77 46.86 0.00
2018 8 16 0.00 54.07 43.77 46.86 0.00
2018 8 17 0.00 57.16 42.74 47.89 0.00
2018 8 18 0.00 56.13 44.80 48.92 0.00
2018 8 19 0.00 61.28 43.77 52.01 0.00
2018 8 20 0.00 63.34 47.89 55.10 0.00
2018 8 21 0.10 68.49 47.89 54.07 0.00
2018 8 22 0.30 49.95 46.86 47.89 0.00
2018 8 23 0.00 52.01 46.86 48.92 0.00
2018 8 24 0.40 49.95 45.83 47.89 0.00
2018 8 25 0.00 48.92 44.80 46.86 0.00
2018 8 26 0.00 58.19 41.71 48.92 0.00
2018 8 27 0.00 53.04 47.89 50.98 0.00
2018 8 28 1.80 54.07 48.92 50.98 0.00
2018 8 29 0.20 59.22 45.83 49.95 0.00
2018 8 30 0.20 49.95 44.80 47.89 0.00
2018 8 31 0.80 49.95 42.74 45.83 0.00
2018 9 1 0.10 46.86 40.68 44.80 0.00
2018 9 2 0.00 57.16 39.65 47.89 0.00
2018 9 3 0.00 59.22 41.71 48.92 0.00
2018 9 4 0.00 60.25 42.74 49.95 0.00
2018 9 5 0.00 61.28  nan 55.10 0.00
2018 9 6 0.00 60.25 45.83 52.01 0.00
2018 9 7 0.00 54.07 42.74 47.89 0.00
2018 9 8 0.00 56.13 44.80 50.98 0.00
2018 9 9 0.00 62.31 47.89 55.10 0.00
2018 9 10 0.00 64.37 48.92 56.13 0.00
2018 9 11 0.00 63.34 48.92 55.10 0.00
2018 9 12 0.00 58.19 44.80 49.95 0.00
2018 9 13 0.00 53.04 39.65 45.83 0.00
2018 9 14 0.00 52.01 41.71 45.83 0.00
2018 9 15 0.00 53.04 36.56 44.80 0.00
2018 9 16 0.00 52.01 37.59 42.74 0.00
2018 9 17 0.00 54.07 37.59 44.80 0.00
2018 9 18 0.00 54.07 38.62 45.83 0.00
2018 9 19 0.00 58.19 40.68 47.89 0.00
2018 9 20  nan 57.16 42.74 48.92 0.00
2018 9 21  nan 58.19 42.74 47.89 0.00
2018 9 22  nan 48.92 39.65 43.77 0.00
2018 9 23  nan 47.89 42.74 44.80 0.00
2018 9 24  nan 46.86 42.74 44.80 0.00
2018 9 25  nan 47.89 43.77 45.83 0.00
2018 9 26  nan 46.86 40.68 44.80 0.00
2018 9 27  nan 54.07 39.65 45.83 0.00
2018 9 28  nan 53.04 40.68 45.83 0.00
2018 9 29  nan 56.13 40.68 48.92 0.00
2018 9 30 0.00 54.07 40.68 46.86 0.00
