2013 6 26 0.00 79.82 43.77 61.28 0.00
2013 6 27 0.00 86.00 50.98 66.43 0.00
2013 6 28 0.00 81.88 55.10 66.43 0.00
2013 6 29 0.00 81.88 52.01 65.40 0.00
2013 6 30 0.00 82.91 54.07 66.43 0.00
2013 7 1 0.00 83.94 56.13 68.49 0.00
2013 7 2 0.00 81.88 52.01 67.46 0.00
2013 7 3 0.00 82.91 52.01 67.46 0.00
2013 7 4 0.00 75.70 54.07 63.34 0.00
2013 7 5 0.20 79.82 48.92 62.31 0.00
2013 7 6 0.00 74.67 44.80 57.16 0.00
2013 7 7 0.10 73.64 44.80 56.13 0.00
2013 7 8 0.00 75.70 43.77 58.19 0.00
2013 7 9 0.00 80.85 47.89 63.34 0.00
2013 7 10 0.00 82.91 49.95 64.37 0.00
2013 7 11 0.10 78.79 49.95 61.28 0.00
2013 7 12 0.20 70.55 47.89 56.13 0.00
2013 7 13 0.30 71.58 50.98 59.22 0.00
2013 7 14 0.00 72.61 52.01 62.31 0.00
2013 7 15 0.00 79.82 53.04 62.31 0.00
2013 7 16 0.00 73.64 47.89 60.25 0.00
2013 7 17 0.20 75.70 49.95 58.19 0.00
2013 7 18 0.00 70.55 49.95 58.19 0.00
2013 7 19 0.20  nan  nan  nan 0.00
2013 7 20 0.00  nan  nan  nan 0.00
2013 7 21 0.50 82.91 48.92 63.34 0.00
2013 7 22 0.00 83.94 46.86 64.37 0.00
2013 7 23 0.00 83.94 49.95 65.40 0.00
2013 7 24 0.10 68.49 46.86 57.16 0.00
2013 7 25 0.00 78.79 45.83 62.31 0.00
2013 7 26 0.00 81.88 53.04 65.40 0.00
2013 7 27 0.10 68.49 52.01 60.25 0.00
2013 7 28 0.10 68.49 47.89 57.16 0.00
2013 7 29 0.40 68.49 43.77 53.04 0.00
2013 7 30 0.10 73.64 42.74 56.13 0.00
2013 7 31 0.00 76.73 48.92 62.31 0.00
2013 8 1 0.40 70.55 44.80 55.10 0.00
2013 8 2 1.70 70.55 44.80 56.13 0.00
2013 8 3 0.10 71.58 46.86 57.16 0.00
2013 8 4 0.00 74.67 47.89 61.28 0.00
2013 8 5 0.00 72.61 46.86 59.22 0.00
2013 8 6 0.00 74.67 47.89 59.22 0.00
2013 8 7 0.00 67.46 42.74 53.04 0.00
2013 8 8 0.00 68.49 42.74 55.10 0.00
2013 8 9 0.10 70.55 42.74 54.07 0.00
2013 8 10 0.00 64.37 41.71 52.01 0.00
2013 8 11 0.00 70.55 39.65 54.07 0.00
2013 8 12 0.00 68.49 42.74 53.04 0.00
2013 8 13 0.00 73.64 40.68 56.13 0.00
2013 8 14 0.00 76.73 44.80 59.22 0.00
2013 8 15 0.00 77.76 45.83 59.22 0.00
2013 8 16 0.00 79.82 44.80 60.25 0.00
2013 8 17 0.00 75.70 45.83 59.22 0.00
2013 8 18 0.00 77.76 44.80 59.22 0.00
2013 8 19 0.00  nan  nan  nan 0.00
2013 8 20 0.60  nan  nan  nan 0.00
2013 8 21 0.00 75.70 46.86 60.25 0.00
2013 8 22 0.20 68.49 48.92 55.10 0.00
2013 8 23 0.20 66.43 46.86 55.10 0.00
2013 8 24 0.00 66.43 43.77 55.10 0.00
2013 8 25 0.00 59.22 42.74 52.01 0.00
2013 8 26 0.80 56.13 48.92 52.01 0.00
2013 8 27 0.00 64.37 46.86 54.07 0.00
2013 8 28 0.00 70.55 45.83 56.13 0.00
2013 8 29 0.00 75.70 46.86 59.22 0.00
2013 8 30 0.00 77.76 49.95 63.34 0.00
2013 8 31 0.00 69.52 52.01 60.25 0.00
2013 9 1 0.00 70.55 50.98 59.22 0.00
2013 9 2 0.10 66.43 49.95 57.16 0.00
2013 9 3 0.00 73.64 47.89 57.16 0.00
2013 9 4 0.00 77.76 48.92 61.28 0.00
2013 9 5 0.00 75.70 50.98 62.31 0.00
2013 9 6 0.00 74.67 49.95 60.25 0.00
2013 9 7 0.00 76.73 47.89 61.28 0.00
2013 9 8 0.30 57.16 47.89 53.04 0.00
2013 9 9 0.30 64.37 47.89 53.04 0.00
2013 9 10 0.50 56.13 48.92 52.01 0.00
2013 9 11 1.00 59.22 45.83 50.98 0.00
2013 9 12 0.20 63.34 43.77 53.04 0.00
2013 9 13 0.30 60.25 44.80 49.95 0.00
2013 9 14 0.40 56.13 43.77 47.89 0.00
2013 9 15 0.00 59.22 42.74 48.92 0.00
2013 9 16 0.00 64.37 42.74 52.01 0.00
2013 9 17 0.00 63.34 42.74 55.10 0.00
2013 9 18 0.00 64.37 36.56 54.07 0.00
2013 9 19 0.00 61.28 32.44 45.83 0.00
2013 9 20 0.00 63.34 33.47 45.83 0.00
2013 9 21 0.20 65.40 36.56 52.01 0.00
2013 9 22 0.20 55.10 32.44 44.80 0.00
2013 9 23 0.00 57.16 32.44 42.74 0.00
2013 9 24 0.10 56.13 30.38 46.86 0.00
2013 9 25 0.00 57.16 35.53 46.86 0.00
2013 9 26 0.00 52.01 35.53 44.80 0.00
2013 9 27 0.00 41.71 22.14 32.44 0.00
2013 9 28 0.00 49.95 21.11 33.47 0.00
2013 9 29 0.00 54.07 25.23 39.65 0.00
2013 9 30 0.00 60.25 31.41 44.80 0.00
2013 10 1 0.00 62.31 35.53 46.86 0.00
2013 10 2 0.00 59.22 35.53 49.95 0.00
2013 10 3 0.00 49.95 20.08 37.59 0.00
2013 10 4 0.10 37.59 20.08 28.32 0.00
2013 10 5 0.00 47.89 20.08 31.41 0.00
2013 10 6 0.10 58.19 24.20 38.62 0.00
2013 10 7 0.00 58.19 28.32 40.68 0.00
2013 10 8 0.00 55.10 29.35 43.77 0.00
2013 10 9 0.10 53.04 38.62 45.83 0.00
2013 10 10 1.00 42.74 31.41 33.47 0.00
2013 10 11 0.00 44.80 25.23 32.44 0.00
2013 10 12 0.10 45.83 26.26 35.53 0.00
2013 10 13 0.00 47.89 31.41 39.65 0.00
2013 10 14 0.00 41.71 27.29 34.50 0.00
2013 10 15 0.00 33.47 26.26 29.35 0.00
2013 10 16 0.00 43.77 21.11 30.38 0.00
2013 10 17 0.00 45.83 22.14 33.47 0.00
2013 10 18 0.00 45.83 24.20 33.47 0.00
2013 10 19 0.00 49.95 22.14 33.47 0.00
2013 10 20 0.00 52.01 26.26 36.56 0.00
2013 10 21 0.00 52.01 25.23 36.56 0.00
2013 10 22 0.00 55.10 28.32 38.62 0.00
2013 10 23 0.00 57.16 29.35 39.65 0.00
2013 10 24 0.00 56.13 28.32 39.65 0.00
2013 10 25 0.00 55.10 31.41 40.68 0.00
2013 10 26 0.00 56.13 29.35 40.68 0.00
2013 10 27 0.00 48.92 27.29 39.65 0.00
2013 10 28 0.50 48.92 29.35 42.74 0.00
2013 10 29 0.60 37.59 18.02 28.32 0.50
2013 10 30 0.00 37.59 16.99 25.23 1.10
2013 10 31 0.10 38.62 20.08 30.38 1.10
2013 11 1 0.00 45.83 23.17 31.41 1.20
2013 11 2 0.00 43.77 20.08 31.41 1.20
2013 11 3 0.00 38.62 13.90 29.35 1.20
2013 11 4 0.00 27.29 14.93 22.14 1.20
2013 11 5 0.00 30.38 5.66 16.99 1.20
2013 11 6 0.20 37.59 9.78 23.17 1.20
2013 11 7 0.00 41.71 19.05 28.32 1.40
2013 11 8 0.00 45.83 19.05 30.38 1.40
2013 11 9 0.00 49.95 24.20 33.47 1.40
2013 11 10 0.00 50.98 25.23 34.50 1.40
2013 11 11 0.00 54.07 27.29 36.56 1.40
2013 11 12 0.00 54.07 28.32 37.59 1.40
2013 11 13 0.00 46.86 26.26 33.47 1.40
2013 11 14 0.00 42.74 21.11 30.38 1.40
2013 11 15 0.00 35.53 15.96 26.26 1.40
2013 11 16 0.10 30.38 13.90 26.26 1.40
2013 11 17 0.00 39.65 20.08 28.32 1.50
2013 11 18 0.10 43.77 19.05 28.32 1.50
2013 11 19 0.20 38.62 23.17 32.44 1.50
2013 11 20 0.10 38.62 24.20 31.41 1.70
2013 11 21 0.20 40.68 14.93 26.26 1.80
2013 11 22 0.00 25.23 14.93 21.11 2.00
2013 11 23 0.10 31.41 20.08 26.26 2.00
2013 11 24 0.00 33.47 18.02 27.29 2.10
2013 11 25 0.00 42.74 18.02 28.32 2.10
2013 11 26 0.00 42.74 20.08 28.32 2.10
2013 11 27 0.00 40.68 18.02 26.26 2.10
2013 11 28 0.00 39.65 18.02 27.29 2.10
2013 11 29 0.00 34.50 16.99 23.17 2.10
2013 11 30 0.00 35.53 11.84 21.11 2.10
2013 12 1 0.00 31.41 15.96 22.14 2.10
2013 12 2 0.00 30.38 12.87 20.08 2.10
2013 12 3 0.50 28.32 15.96 23.17 2.10
2013 12 4 0.00 15.96 -12.88 3.60 2.50
2013 12 5 0.00 10.81 -17.00 -3.61 2.50
2013 12 6 0.00 8.75 -15.97 -1.55 2.50
2013 12 7 0.50 11.84 6.69 9.78 2.50
2013 12 8 0.00 12.87 -11.85 0.51 3.00
2013 12 9 0.00 13.90 -17.00 -3.61 3.00
2013 12 10 0.00 21.11 -10.82 4.63 3.00
2013 12 11 0.00 29.35 2.57 12.87 3.00
2013 12 12 0.00 35.53 4.63 15.96 3.00
2013 12 13 0.10 36.56 10.81 21.11 3.00
2013 12 14 0.00 33.47 6.69 20.08 3.10
2013 12 15 0.00 43.77 13.90 25.23 3.10
2013 12 16 0.00 44.80 16.99 26.26 3.10
2013 12 17 0.10 45.83 16.99 26.26 3.10
2013 12 18 0.20 39.65 15.96 26.26 3.20
2013 12 19 0.00 32.44 19.05 26.26 3.40
2013 12 20 0.00 29.35 7.72 18.02 3.40
2013 12 21 0.00 32.44 7.72 20.08 3.40
2013 12 22 0.00 29.35 3.60 18.02 3.40
2013 12 23 0.00 34.50 15.96 26.26 3.40
2013 12 24 0.00 34.50 7.72 21.11 3.40
2013 12 25 0.00 37.59 8.75 19.05 3.40
2013 12 26 0.00 44.80 15.96 28.32 3.40
2013 12 27 0.00 46.86 19.05 27.29 3.40
2013 12 28 0.00 38.62 18.02 26.26 3.40
2013 12 29 0.00 32.44 10.81 19.05 3.40
2013 12 30 0.00 36.56 10.81 21.11 3.40
2013 12 31 0.00 39.65 15.96 26.26 3.40
2014 1 1 0.00 39.65 13.90 25.23 3.40
2014 1 2 0.00 39.65 13.90 24.20 3.40
2014 1 3 0.00 38.62 12.87 22.14 3.40
2014 1 4 0.00 27.29 3.60 18.02 3.40
2014 1 5 0.00 24.20 0.51 11.84 3.40
2014 1 6 0.00 33.47 0.51 14.93 3.40
2014 1 7 0.00 33.47 12.87 22.14 3.40
2014 1 8 0.00 34.50 12.87 25.23 3.40
2014 1 9 0.00 27.29 8.75 18.02 3.40
2014 1 10 0.10 34.50 8.75 26.26 3.40
2014 1 11 0.00 38.62 15.96 28.32 3.50
2014 1 12 0.10 28.32 18.02 22.14 3.50
2014 1 13 0.00 34.50 13.90 24.20 3.60
2014 1 14 0.00 40.68 19.05 30.38 3.60
2014 1 15 0.00 45.83 19.05 33.47 3.60
2014 1 16 0.00 45.83 22.14 32.44 3.60
2014 1 17 0.00 47.89 21.11 31.41 3.60
2014 1 18 0.00 44.80 20.08 28.32 3.50
2014 1 19 0.00 42.74 14.93 25.23 3.50
2014 1 20 0.00 45.83 16.99 28.32 3.50
2014 1 21 0.00 42.74 11.84 23.17 3.50
2014 1 22 0.00 42.74 14.93 25.23 3.50
2014 1 23 0.00 26.26 7.72 20.08 3.50
2014 1 24 0.00 41.71 5.66 20.08 3.50
2014 1 25 0.00 44.80 16.99 27.29 3.50
2014 1 26 0.00 44.80 19.05 29.35 3.50
2014 1 27 0.00 40.68 16.99 27.29 3.50
2014 1 28 0.00 34.50 14.93 24.20 3.50
2014 1 29 0.10 32.44 13.90 25.23 3.50
2014 1 30 0.10 31.41 10.81 26.26 3.60
2014 1 31 0.00 29.35 8.75 18.02 3.70
2014 2 1 0.00 25.23 0.51 12.87 3.70
2014 2 2 0.00 21.11 -3.61 10.81 3.70
2014 2 3 0.00 24.20 12.87 18.02 3.70
2014 2 4 0.00 24.20 -5.67 10.81 3.70
2014 2 5 0.00 20.08 -8.76 3.60 3.70
2014 2 6 0.30 26.26 -2.58 13.90 3.70
2014 2 7 0.00 27.29 10.81 22.14 4.00
2014 2 8 0.40 35.53 23.17 29.35 4.00
2014 2 9 0.00 40.68 20.08 31.41 4.40
2014 2 10 0.30 40.68 16.99 28.32 4.40
2014 2 11 0.00 36.56 10.81 22.14 4.70
2014 2 12 0.00 35.53 13.90 25.23 4.70
2014 2 13 0.20 44.80 20.08 33.47 4.70
2014 2 14 0.00 42.74 21.11 34.50 4.90
2014 2 15 0.00 48.92 29.35 38.62 4.90
2014 2 16 0.00 45.83 20.08 33.47 4.90
2014 2 17 0.00 38.62 12.87 27.29 4.90
2014 2 18 0.00 45.83 18.02 31.41 4.90
2014 2 19 0.00 39.65 10.81 24.20 4.90
2014 2 20 0.00 30.38 1.54 16.99 4.80
2014 2 21 0.00 36.56 8.75 24.20 4.90
2014 2 22 0.00 40.68 11.84 26.26 4.90
2014 2 23 0.00 42.74 14.93 28.32 4.80
2014 2 24 0.00 48.92 18.02 30.38 4.80
2014 2 25 0.00 49.95 21.11 33.47 4.80
2014 2 26 0.00 49.95 23.17 33.47 4.80
2014 2 27 0.40 38.62 27.29 31.41 4.70
2014 2 28 0.50 35.53 19.05 29.35 5.10
2014 3 1 0.20 37.59 19.05 30.38 5.60
2014 3 2 0.00 41.71 13.90 27.29 5.80
2014 3 3 0.00 42.74 20.08 31.41 5.80
2014 3 4 0.00 38.62 22.14 30.38 5.80
2014 3 5 0.00 43.77 18.02 29.35 5.80
2014 3 6 0.10 43.77 22.14 32.44 5.80
2014 3 7 0.00 42.74 26.26 32.44 5.90
2014 3 8 0.00 46.86 22.14 31.41 5.90
2014 3 9 0.00 49.95 18.02 32.44 5.90
2014 3 10 0.00 45.83 25.23 35.53 5.90
2014 3 11 0.00 34.50 18.02 25.23 5.90
2014 3 12 0.00 42.74 18.02 27.29 5.90
2014 3 13 0.00 42.74 15.96 28.32 5.90
2014 3 14 0.10 47.89 20.08 33.47 5.90
2014 3 15 0.00 40.68 22.14 31.41 6.00
2014 3 16 0.00 50.98 19.05 33.47 6.00
2014 3 17 0.00 46.86 19.05 30.38 5.80
2014 3 18 0.00 32.44 14.93 22.14 5.50
2014 3 19 0.00 37.59 8.75 23.17 5.50
2014 3 20 0.00 44.80 12.87 28.32 5.40
2014 3 21 0.00 48.92 25.23 36.56 5.40
2014 3 22 0.00 43.77 24.20 33.47 5.20
2014 3 23 0.00 45.83 16.99 30.38 5.00
2014 3 24 0.00 49.95 20.08 34.50 4.70
2014 3 25 0.00 50.98 23.17 38.62 4.30
2014 3 26 0.10 41.71 23.17 34.50 3.80
2014 3 27 0.00 38.62 18.02 28.32 3.90
2014 3 28 0.00 42.74 14.93 27.29 3.90
2014 3 29 0.00 46.86 21.11 37.59 3.70
2014 3 30 0.50 42.74 23.17 34.50 3.30
2014 3 31 0.00 35.53 9.78 26.26 3.80
2014 4 1 0.00 38.62 24.20 31.41 3.80
2014 4 2 0.10 38.62 21.11 26.26 3.80
2014 4 3 0.00 40.68 13.90 26.26 3.90
2014 4 4 0.10 40.68 19.05 29.35 3.90
2014 4 5 0.00 41.71 25.23 31.41 4.00
2014 4 6 0.00 43.77 23.17 32.44 4.00
2014 4 7 0.00 53.04 22.14 37.59 3.80
2014 4 8 0.00 57.16 27.29 39.65 3.10
2014 4 9 0.00 58.19 28.32 42.74 2.00
2014 4 10 0.00 58.19 29.35 42.74 1.10
2014 4 11 0.00 61.28 29.35 43.77 0.60
2014 4 12 0.00 56.13 30.38 42.74 0.20
2014 4 13 0.20 39.65 16.99 29.35 0.00
2014 4 14 0.00 40.68 14.93 26.26 0.20
2014 4 15 0.20 46.86 20.08 33.47 0.00
2014 4 16 0.00 46.86 25.23 35.53 0.20
2014 4 17 0.10 53.04 25.23 38.62 0.00
2014 4 18 0.00 59.22 30.38 45.83 0.00
2014 4 19 0.00 53.04 31.41 40.68 0.00
2014 4 20 0.00 57.16 31.41 42.74 0.00
2014 4 21 0.00 60.25 29.35 45.83 0.00
2014 4 22 0.00 55.10 34.50 47.89 0.00
2014 4 23 0.00 42.74 20.08 31.41 0.00
2014 4 24 0.00 48.92 20.08 34.50 0.00
2014 4 25 0.00 55.10 28.32 43.77 0.00
2014 4 26 0.60 44.80 26.26 35.53 0.00
2014 4 27 0.10 39.65 20.08 30.38 0.60
2014 4 28 0.00 34.50 21.11 28.32 0.10
2014 4 29 0.00 40.68 16.99 30.38 0.00
2014 4 30 0.00 39.65 26.26 32.44 0.00
2014 5 1 0.00 56.13 22.14 38.62 0.00
2014 5 2 0.00 64.37 30.38 45.83 0.00
2014 5 3 0.00 67.46 32.44 50.98 0.00
2014 5 4 0.00 66.43 36.56 55.10 0.00
2014 5 5 0.00 62.31 33.47 49.95 0.00
2014 5 6 0.00 54.07 28.32 45.83 0.00
2014 5 7 0.20 42.74 25.23 31.41 0.00
2014 5 8 0.00 45.83 26.26 34.50 0.20
2014 5 9 0.00 53.04 29.35 39.65 0.00
2014 5 10 0.40 50.98 29.35 38.62 0.00
2014 5 11 1.00 30.38 24.20 27.29 0.40
2014 5 12 0.00 35.53 24.20 28.32 0.70
2014 5 13 0.00 44.80 24.20 31.41 0.70
2014 5 14 0.00 52.01 23.17 36.56 0.40
2014 5 15 0.00 63.34 29.35 44.80 0.00
2014 5 16 0.00 64.37 34.50 48.92 0.00
2014 5 17 0.00 67.46 34.50 52.01 0.00
2014 5 18 0.00 67.46 36.56 54.07 0.00
2014 5 19 0.00 64.37 33.47 49.95 0.00
2014 5 20 0.00 61.28 40.68 50.98 0.00
2014 5 21 0.00 60.25 38.62 49.95 0.00
2014 5 22 0.00 63.34 35.53 48.92 0.00
2014 5 23 0.20 55.10 37.59 44.80 0.00
2014 5 24 0.00 57.16 32.44 43.77 0.00
2014 5 25 0.10 60.25 35.53 47.89 0.00
2014 5 26 0.00 64.37 36.56 49.95 0.00
2014 5 27 0.00 72.61 39.65 55.10 0.00
2014 5 28 0.00 72.61 42.74 58.19 0.00
2014 5 29 0.00 67.46 45.83 57.16 0.00
2014 5 30 0.00 67.46 40.68 50.98 0.00
2014 5 31 0.00 67.46 38.62 53.04 0.00
2014 6 1 0.00 67.46 36.56 50.98 0.00
2014 6 2 0.00 69.52 40.68 57.16 0.00
2014 6 3 0.00 69.52 40.68 55.10 0.00
2014 6 4 0.00 71.58 39.65 56.13 0.00
2014 6 5 0.00 70.55 40.68 56.13 0.00
2014 6 6 0.00 70.55 38.62 53.04 0.00
2014 6 7 0.00 71.58 41.71 56.13 0.00
2014 6 8 0.00 61.28 34.50 50.98 0.00
2014 6 9 0.00 65.40 32.44 48.92 0.00
2014 6 10 0.00 70.55 37.59 53.04 0.00
2014 6 11 0.10 69.52 39.65 50.98 0.00
2014 6 12 0.00 69.52 38.62 54.07 0.00
2014 6 13 0.00 72.61 39.65 56.13 0.00
2014 6 14 0.00 60.25 36.56 46.86 0.00
2014 6 15 0.00 64.37 37.59 53.04 0.00
2014 6 16 0.10 59.22 42.74 55.10 0.00
2014 6 17 0.00 62.31 36.56 52.01 0.00
2014 6 18 0.00 57.16 31.41 43.77 0.00
2014 6 19 0.00 65.40 29.35 47.89 0.00
2014 6 20 0.00 72.61 35.53 55.10 0.00
2014 6 21 0.00 73.64 42.74 58.19 0.00
2014 6 22 0.00 70.55 48.92 59.22 0.00
2014 6 23 0.00 74.67 46.86 60.25 0.00
2014 6 24 0.00 74.67 43.77 59.22 0.00
2014 6 25 0.00 76.73 43.77 60.25 0.00
2014 6 26 0.00 71.58 42.74 56.13 0.00
2014 6 27 0.00 63.34 36.56 48.92 0.00
2014 6 28 0.00 71.58 37.59 53.04 0.00
2014 6 29 0.00 77.76 41.71 59.22 0.00
2014 6 30 0.00 73.64 43.77 59.22 0.00
2014 7 1 0.00 75.70 50.98 61.28 0.00
2014 7 2 0.00 80.85 48.92 62.31 0.00
2014 7 3 0.00 78.79 46.86 61.28 0.00
2014 7 4 0.00 79.82 47.89 63.34 0.00
2014 7 5 0.00 77.76 45.83 61.28 0.00
2014 7 6 0.00 80.85 49.95 64.37 0.00
2014 7 7 0.00 82.91 50.98 65.40 0.00
2014 7 8 0.20 77.76 52.01 63.34 0.00
2014 7 9 0.00 76.73 50.98 61.28 0.00
2014 7 10 0.10 72.61 47.89 57.16 0.00
2014 7 11 0.00 73.64 49.95 59.22 0.00
2014 7 12 0.20 75.70 46.86 59.22 0.00
2014 7 13 0.00 80.85 49.95 63.34 0.00
2014 7 14 0.00 80.85 52.01 65.40 0.00
2014 7 15 0.00 78.79 46.86 61.28 0.00
2014 7 16 0.00 76.73 46.86 61.28 0.00
2014 7 17 0.00 77.76 44.80 60.25 0.00
2014 7 18 0.00 76.73 45.83 61.28 0.00
2014 7 19 0.00 79.82 46.86 63.34 0.00
2014 7 20 0.00 75.70 47.89 60.25 0.00
2014 7 21 0.00 78.79 44.80 60.25 0.00
2014 7 22 0.00 81.88 44.80 62.31 0.00
2014 7 23 0.00 81.88 47.89 64.37 0.00
2014 7 24 0.10 76.73 50.98 62.31 0.00
2014 7 25 0.00 77.76 48.92 63.34 0.00
2014 7 26 0.00 79.82 49.95 62.31 0.00
2014 7 27 0.00 77.76 49.95 64.37 0.00
2014 7 28 0.20 70.55 49.95 58.19 0.00
2014 7 29 0.10 66.43 47.89 55.10 0.00
2014 7 30 0.60 64.37 48.92 55.10 0.00
2014 7 31 0.40 69.52 46.86 56.13 0.00
2014 8 1 0.00 71.58 44.80 56.13 0.00
2014 8 2 0.00 73.64 44.80 57.16 0.00
2014 8 3 0.50 70.55 45.83 57.16 0.00
2014 8 4 0.20 66.43 47.89 55.10 0.00
2014 8 5 0.00 66.43 45.83 54.07 0.00
2014 8 6 0.10 70.55 44.80 56.13 0.00
2014 8 7 0.00 70.55 45.83 57.16 0.00
2014 8 8 0.00 69.52 42.74 54.07 0.00
2014 8 9 0.20 68.49 44.80 53.04 0.00
2014 8 10 0.20 72.61 45.83 57.16 0.00
2014 8 11 0.00 76.73 47.89 61.28 0.00
2014 8 12 0.00 71.58 47.89 59.22 0.00
2014 8 13 0.20 59.22 48.92 54.07 0.00
2014 8 14 0.00 67.46 47.89 56.13 0.00
2014 8 15 0.00 73.64 46.86 59.22 0.00
2014 8 16 0.00 77.76 45.83 59.22 0.00
2014 8 17 0.00 78.79 49.95 63.34 0.00
2014 8 18 0.00 78.79 53.04 64.37 0.00
2014 8 19 0.40 61.28 47.89 53.04 0.00
2014 8 20 0.30 63.34 43.77 50.98 0.00
2014 8 21 0.00 64.37 40.68 50.98 0.00
2014 8 22 0.60 63.34 41.71 52.01 0.00
2014 8 23 0.40 58.19 38.62 46.86 0.00
2014 8 24 0.50 62.31 36.56 47.89 0.00
2014 8 25 0.40 64.37 41.71 52.01 0.00
2014 8 26 0.00 63.34 43.77 49.95 0.00
2014 8 27 0.40 49.95 41.71 45.83 0.00
2014 8 28 0.00 65.40 38.62 49.95 0.00
2014 8 29 0.00 69.52 40.68 53.04 0.00
2014 8 30 0.00 67.46 42.74 54.07 0.00
2014 8 31 0.00 66.43 39.65 52.01 0.00
2014 9 1 0.00 69.52 38.62 52.01 0.00
2014 9 2 0.00 73.64 40.68 55.10 0.00
2014 9 3 0.00 74.67 41.71 58.19 0.00
2014 9 4 0.00 69.52 42.74 55.10 0.00
2014 9 5 0.10 66.43 40.68 48.92 0.00
2014 9 6 0.00 69.52 41.71 54.07 0.00
2014 9 7 0.00 70.55 43.77 53.04 0.00
2014 9 8 0.20 61.28 44.80 52.01 0.00
2014 9 9 0.60 57.16 40.68 48.92 0.00
2014 9 10 0.00 61.28 36.56 46.86 0.00
2014 9 11 0.00 65.40 36.56 48.92 0.00
2014 9 12 0.00 62.31 36.56 46.86 0.00
2014 9 13 0.00 67.46 35.53 49.95 0.00
2014 9 14 0.00 70.55 40.68 54.07 0.00
2014 9 15 0.00 72.61 43.77 55.10 0.00
2014 9 16 0.00 73.64 44.80 56.13 0.00
2014 9 17 0.00 74.67 44.80 57.16 0.00
2014 9 18 0.00 70.55 43.77 55.10 0.00
2014 9 19 0.00 71.58 43.77 56.13 0.00
2014 9 20 0.00 69.52 49.95 60.25 0.00
2014 9 21 0.50 61.28 41.71 49.95 0.00
2014 9 22 0.40 59.22 42.74 49.95 0.00
2014 9 23 0.00 66.43 41.71 52.01 0.00
2014 9 24 0.00 70.55 42.74 53.04 0.00
2014 9 25 0.00 69.52 41.71 54.07 0.00
2014 9 26 0.00 68.49 40.68 53.04 0.00
2014 9 27 1.10 60.25 43.77 49.95 0.00
2014 9 28 0.60 53.04 32.44 42.74 0.00
2014 9 29 0.20 46.86 33.47 38.62 0.00
2014 9 30 0.00 52.01 35.53 40.68 0.00
2014 10 1 0.20 44.80 27.29 36.56 0.00
2014 10 2 0.00 49.95 24.20 35.53 0.00
2014 10 3 0.00 57.16 28.32 40.68 0.00
2014 10 4 0.00 61.28 30.38 43.77 0.00
2014 10 5 0.00 63.34 33.47 45.83 0.00
2014 10 6 0.00 63.34 32.44 44.80 0.00
2014 10 7 0.00 63.34 34.50 47.89 0.00
2014 10 8 0.00 62.31 39.65 48.92 0.00
2014 10 9 0.00 60.25 39.65 48.92 0.00
2014 10 10 0.00 58.19 35.53 44.80 0.00
2014 10 11 0.00 58.19 33.47 43.77 0.00
2014 10 12 0.00 45.83 26.26 38.62 0.00
2014 10 13 0.00 52.01 24.20 34.50 0.00
2014 10 14 0.00 56.13 28.32 38.62 0.00
2014 10 15 0.00 55.10 28.32 44.80 0.00
2014 10 16 0.00 58.19 34.50 43.77 0.00
2014 10 17 0.00 60.25 33.47 43.77 0.00
2014 10 18 0.00 59.22 33.47 43.77 0.00
2014 10 19 0.00 61.28 34.50 44.80 0.00
2014 10 20 0.00 58.19 32.44 42.74 0.00
2014 10 21 0.30 56.13 33.47 44.80 0.00
2014 10 22 0.00 54.07 31.41 39.65 0.00
2014 10 23 0.00 56.13 30.38 40.68 0.00
2014 10 24 0.00 59.22 30.38 41.71 0.00
2014 10 25 0.00 59.22 32.44 47.89 0.00
2014 10 26 0.00 53.04 33.47 45.83 0.00
2014 10 27 0.00 42.74 21.11 31.41 0.00
2014 10 28 0.00 49.95 20.08 32.44 0.00
2014 10 29 0.00 53.04 25.23 36.56 0.00
2014 10 30 0.00 57.16 29.35 40.68 0.00
2014 10 31 0.00 52.01 28.32 40.68 0.00
2014 11 1 0.00 50.98 39.65 46.86 0.00
2014 11 2 0.50 42.74 26.26 33.47 0.00
2014 11 3 0.00 37.59 18.02 26.26 0.50
2014 11 4 0.00 41.71 16.99 27.29 0.40
2014 11 5 0.00 50.98 23.17 35.53 0.40
2014 11 6 0.00 53.04 27.29 36.56 0.20
2014 11 7 0.00 54.07 27.29 36.56 0.00
2014 11 8 0.00 50.98 27.29 36.56 0.00
2014 11 9 0.00 50.98 26.26 35.53 0.00
2014 11 10 0.00 38.62 15.96 30.38 0.00
2014 11 11 0.00 42.74 13.90 26.26 0.00
2014 11 12 0.00 30.38 18.02 25.23 0.00
2014 11 13 0.00 29.35 12.87 22.14 0.00
2014 11 14 0.00 34.50 20.08 27.29 0.00
2014 11 15 0.10 33.47 8.75 25.23 0.00
2014 11 16 0.00 29.35 1.54 13.90 0.10
2014 11 17 0.10 33.47 7.72 16.99 0.10
2014 11 18 0.00 37.59 10.81 22.14 0.20
2014 11 19 0.10 38.62 18.02 26.26 0.20
2014 11 20 0.00 39.65 15.96 26.26 0.30
2014 11 21 0.00 41.71 15.96 25.23 0.20
2014 11 22 0.40 34.50 16.99 26.26 0.20
2014 11 23 0.00 30.38 8.75 20.08 0.60
2014 11 24 0.00 30.38 4.63 18.02 0.60
2014 11 25 0.10 37.59 7.72 27.29 0.60
2014 11 26 0.00 45.83 23.17 34.50 0.70
2014 11 27 0.00 47.89 21.11 30.38 0.70
2014 11 28 0.00 44.80 21.11 29.35 0.70
2014 11 29 0.00 42.74 19.05 31.41 0.70
2014 11 30 0.00 42.74 25.23 35.53 0.70
2014 12 1 0.00 40.68 20.08 28.32 0.70
2014 12 2 0.10 37.59 18.02 28.32 0.70
2014 12 3 0.20 33.47 28.32 30.38 0.80
2014 12 4 0.00 35.53 26.26 32.44 1.00
2014 12 5 0.00 40.68 23.17 30.38 1.00
2014 12 6 0.10 35.53 29.35 33.47 1.00
2014 12 7 0.00 41.71 23.17 29.35 1.10
2014 12 8 0.00 42.74 21.11 28.32 1.10
2014 12 9 0.00 44.80 21.11 29.35 1.10
2014 12 10 0.00 42.74 21.11 29.35 1.10
2014 12 11 0.00 36.56 20.08 29.35 1.10
2014 12 12 0.10 39.65 34.50 37.59 1.10
2014 12 13 0.80 38.62 23.17 29.35 1.20
2014 12 14 0.00 33.47 6.69 18.02 2.00
2014 12 15 0.00 35.53 1.54 13.90 2.00
2014 12 16 0.00 30.38 13.90 20.08 2.00
2014 12 17 0.10 32.44 12.87 21.11 2.00
2014 12 18 0.00 33.47 8.75 21.11 2.10
2014 12 19 0.00 30.38 6.69 16.99 2.10
2014 12 20 0.00 25.23 13.90 22.14 2.10
2014 12 21 0.20 35.53 22.14 30.38 2.10
2014 12 22 0.00 37.59 19.05 30.38 2.20
2014 12 23 0.00 29.35 5.66 15.96 2.30
2014 12 24 0.00 27.29 6.69 15.96 2.30
2014 12 25 0.20 22.14 14.93 18.02 2.30
2014 12 26 0.00 21.11 -4.64 11.84 2.50
2014 12 27 0.00 18.02 -7.73 4.63 2.50
2014 12 28 0.20 23.17 -2.58 10.81 2.50
2014 12 29 0.10 25.23 1.54 9.78 2.70
2014 12 30 0.00 4.63 -2.58 -0.52 2.80
2014 12 31 0.00 18.02 -1.55 8.75 2.80
2015 1 1 0.10 25.23 11.84 18.02 2.80
2015 1 2 0.00 31.41 7.72 18.02 2.90
2015 1 3 0.00 33.47 3.60 20.08 2.90
2015 1 4 0.00 31.41 5.66 18.02 2.90
2015 1 5 0.20 39.65 10.81 27.29 2.90
2015 1 6 0.00 49.95 22.14 33.47 2.90
2015 1 7 0.00 53.04 25.23 34.50 2.90
2015 1 8 0.00 47.89 22.14 31.41 2.90
2015 1 9 0.00 41.71 20.08 28.32 2.90
2015 1 10 0.00 33.47 20.08 29.35 2.90
2015 1 11 0.00 38.62 27.29 30.38 2.90
2015 1 12 0.50 29.35 26.26 27.29 2.90
2015 1 13 0.00 30.38 24.20 27.29 3.10
2015 1 14 0.00 43.77 14.93 25.23 3.10
2015 1 15 0.00 41.71 13.90 23.17 3.10
2015 1 16 0.00 31.41 14.93 22.14 3.10
2015 1 17 0.00 39.65 8.75 22.14 3.10
2015 1 18 0.00 43.77 13.90 25.23 3.10
2015 1 19 0.00 40.68 16.99 27.29 3.10
2015 1 20 0.00 35.53 13.90 24.20 3.10
2015 1 21 0.00 27.29 12.87 19.05 3.10
2015 1 22 0.00 31.41 2.57 15.96 3.10
2015 1 23 0.00 39.65 9.78 23.17 3.10
2015 1 24 0.00 43.77 14.93 28.32 3.10
2015 1 25 0.10 53.04 22.14 36.56 3.10
2015 1 26 0.00 58.19 27.29 37.59 3.20
2015 1 27 0.00 39.65 26.26 32.44 3.20
2015 1 28 0.00 40.68 24.20 32.44 3.20
2015 1 29 0.20 41.71 27.29 33.47 3.20
2015 1 30 0.30 36.56 29.35 32.44 3.30
2015 1 31 0.00 44.80 22.14 32.44 3.60
2015 2 1 0.00 41.71 18.02 29.35 3.60
2015 2 2 0.00 40.68 19.05 30.38 3.60
2015 2 3 0.00 40.68 29.35 34.50 3.60
2015 2 4 0.00 45.83 26.26 34.50 3.60
2015 2 5 0.00 48.92 24.20 33.47 3.60
2015 2 6 0.00 45.83 22.14 32.44 3.60
2015 2 7 0.00 48.92 25.23 35.53 3.60
2015 2 8 0.00 48.92 27.29 35.53 3.60
2015 2 9 0.00 47.89 25.23 35.53 3.60
2015 2 10 0.00 44.80 26.26 33.47 3.60
2015 2 11 0.00 46.86 22.14 31.41 3.60
2015 2 12 0.00 47.89 20.08 32.44 3.60
2015 2 13 0.00 53.04 26.26 36.56 3.60
2015 2 14 0.00 53.04 24.20 35.53 3.60
2015 2 15 0.00 43.77 25.23 33.47 3.60
2015 2 16 0.00 32.44 10.81 23.17 3.60
2015 2 17 0.00 37.59 7.72 22.14 3.60
2015 2 18 0.00 48.92 16.99 29.35 3.60
2015 2 19 0.00 49.95 21.11 32.44 3.60
2015 2 20 0.00 39.65 19.05 29.35 3.60
2015 2 21 0.00 34.50 18.02 25.23 3.60
2015 2 22 0.00 22.14 9.78 13.90 3.60
2015 2 23 0.10 24.20 8.75 16.99 3.60
2015 2 24 0.00 42.74 18.02 28.32 3.70
2015 2 25 0.00 40.68 18.02 29.35 3.70
2015 2 26 0.00 27.29 14.93 21.11 3.70
2015 2 27 0.10 31.41 10.81 21.11 3.70
2015 2 28 0.30 29.35 20.08 24.20 3.60
2015 3 1 0.10 33.47 14.93 25.23 3.90
2015 3 2 1.20 33.47 24.20 27.29 4.00
2015 3 3 0.20 29.35 -0.52 19.05 5.20
2015 3 4 0.00 31.41 -0.52 15.96 5.40
2015 3 5 0.00 37.59 -0.52 18.02 5.40
2015 3 6 0.00 46.86 9.78 27.29 5.40
2015 3 7 0.00 47.89 21.11 32.44 5.40
2015 3 8 0.00 50.98 16.99 32.44 5.40
2015 3 9 0.00 48.92 23.17 34.50 5.40
2015 3 10 0.00 50.98 21.11 34.50 5.30
2015 3 11 0.00 46.86 24.20 34.50 5.10
2015 3 12 0.00 44.80 30.38 37.59 5.10
2015 3 13 0.00 48.92 31.41 38.62 5.10
2015 3 14 0.00 49.95 27.29 36.56 4.80
2015 3 15 0.00 54.07 27.29 38.62 4.70
2015 3 16 0.00 55.10 27.29 40.68 4.40
2015 3 17 0.00 57.16 30.38 42.74 4.10
2015 3 18 0.00 50.98 29.35 40.68 3.50
2015 3 19 0.00 49.95 26.26 37.59 3.30
2015 3 20 0.00 54.07 24.20 37.59 2.80
2015 3 21 0.00 54.07 26.26 38.62 2.30
2015 3 22 0.00 53.04 28.32 40.68 1.80
2015 3 23 0.00 48.92 27.29 36.56 1.20
2015 3 24 0.00 45.83 21.11 34.50 1.00
2015 3 25 0.00 44.80 24.20 33.47 0.70
2015 3 26 0.00 53.04 22.14 36.56 0.40
2015 3 27 0.00 59.22 29.35 42.74 0.10
2015 3 28 0.00 61.28 29.35 44.80 0.00
2015 3 29 0.00 59.22 28.32 42.74 0.00
2015 3 30 0.00 62.31 30.38 44.80 0.00
2015 3 31 0.00 59.22 31.41 46.86 0.00
2015 4 1 0.00 45.83 30.38 38.62 0.00
2015 4 2 0.00 38.62 14.93 29.35 0.00
2015 4 3 0.00 41.71 11.84 25.23 0.00
2015 4 4 0.00 47.89 15.96 31.41 0.00
2015 4 5 0.00 52.01 23.17 40.68 0.00
2015 4 6 0.00 49.95 26.26 40.68 0.00
2015 4 7 0.00 46.86 23.17 37.59 0.00
2015 4 8 0.00 38.62 22.14 30.38 0.00
2015 4 9 0.00 45.83 18.02 31.41 0.00
2015 4 10 0.00 53.04 24.20 36.56 0.00
2015 4 11 0.00 55.10 27.29 40.68 0.00
2015 4 12 0.00 53.04 27.29 38.62 0.00
2015 4 13 0.00 58.19 26.26 40.68 0.00
2015 4 14 0.00 55.10 22.14 39.65 0.00
2015 4 15 0.20 27.29 16.99 22.14 0.00
2015 4 16 1.10 31.41 20.08 26.26 0.20
2015 4 17 0.70 40.68 27.29 32.44 1.30
2015 4 18 0.00 53.04 29.35 39.65 1.60
2015 4 19 0.00 45.83 29.35 35.53 1.50
2015 4 20 0.00 54.07 27.29 38.62 1.30
2015 4 21 0.00 58.19 28.32 41.71 0.70
2015 4 22 0.20 56.13 30.38 39.65 0.00
2015 4 23 0.00 50.98 30.38 39.65 0.00
2015 4 24 0.20 53.04 29.35 40.68 0.00
2015 4 25 0.70 38.62 29.35 33.47 0.00
2015 4 26 0.20 45.83 30.38 36.56 0.70
2015 4 27 0.00 47.89 33.47 39.65 0.00
2015 4 28 0.00 58.19 32.44 43.77 0.00
2015 4 29 0.00 63.34 29.35 45.83 0.00
2015 4 30 0.00 66.43 36.56 49.95 0.00
2015 5 1 0.00 64.37 37.59 49.95 0.00
2015 5 2 0.00 62.31 36.56 48.92 0.00
2015 5 3 0.00 60.25 34.50 47.89 0.00
2015 5 4 0.20 58.19 36.56 45.83 0.00
2015 5 5 0.80 49.95 38.62 41.71 0.00
2015 5 6 0.60 43.77 31.41 37.59 0.00
2015 5 7 0.10 53.04 31.41 40.68 0.00
2015 5 8 0.00 50.98 32.44 40.68 0.00
2015 5 9 0.10 43.77 31.41 34.50 0.00
2015 5 10 0.00 44.80 27.29 33.47 0.00
2015 5 11 0.00 53.04 25.23 38.62 0.00
2015 5 12 0.00 58.19 31.41 47.89 0.00
2015 5 13 0.00 57.16 39.65 48.92 0.00
2015 5 14 0.70 52.01 32.44 39.65 0.00
2015 5 15 0.50 41.71 27.29 33.47 0.00
2015 5 16 0.10 44.80 26.26 35.53 0.00
2015 5 17 0.00  nan  nan  nan 0.00
2015 5 18 0.00  nan  nan  nan 0.00
2015 5 19 0.20 49.95 32.44 39.65 0.00
2015 5 20 0.00 50.98 31.41 41.71 0.00
2015 5 21 0.00 56.13 36.56 46.86 0.00
2015 5 22 0.20 49.95 33.47 39.65 0.00
2015 5 23 0.50 43.77 29.35 35.53 0.00
2015 5 24 0.20 50.98 29.35 38.62 0.00
2015 5 25 0.30 47.89 32.44 39.65 0.00
2015 5 26 0.10  nan  nan  nan 0.00
2015 5 27 0.20  nan  nan  nan 0.00
2015 5 28 0.10 57.16 33.47 42.74 0.00
2015 5 29 0.10 58.19 33.47 44.80 0.00
2015 5 30 0.00 66.43 34.50 50.98 0.00
2015 5 31 0.00 71.58 40.68 55.10 0.00
2015 6 1 0.00 71.58 40.68 57.16 0.00
2015 6 2 0.00 69.52 39.65 53.04 0.00
2015 6 3 0.00 66.43 39.65 54.07 0.00
2015 6 4 0.00 67.46 40.68 54.07 0.00
2015 6 5 0.20 57.16 40.68 46.86 0.00
2015 6 6 0.00 55.10 34.50 44.80 0.00
2015 6 7 0.00 62.31 34.50 46.86 0.00
2015 6 8 0.00 68.49 38.62 52.01 0.00
2015 6 9 0.00 70.55 41.71 56.13 0.00
2015 6 10 0.00 59.22 41.71 50.98 0.00
2015 6 11 0.20 58.19 43.77 49.95 0.00
2015 6 12 0.00 68.49 44.80 54.07 0.00
2015 6 13 0.00 69.52 42.74 55.10 0.00
2015 6 14 0.10 71.58 41.71 54.07 0.00
2015 6 15 0.00 70.55 42.74 55.10 0.00
2015 6 16 0.00 75.70 44.80 59.22 0.00
2015 6 17 0.00 76.73 44.80 59.22 0.00
2015 6 18 0.00 77.76 44.80 60.25 0.00
2015 6 19 0.00 79.82 44.80 60.25 0.00
2015 6 20 0.00 78.79 46.86 61.28 0.00
2015 6 21 0.00 81.88 46.86 65.40 0.00
2015 6 22 0.00 79.82 42.74 60.25 0.00
2015 6 23 0.00 78.79 44.80 61.28 0.00
2015 6 24 0.00 77.76 47.89 61.28 0.00
2015 6 25 0.00 79.82 44.80 61.28 0.00
2015 6 26 0.00 78.79 53.04 65.40 0.00
2015 6 27 0.00 81.88 50.98 65.40 0.00
2015 6 28 0.00 82.91 48.92 65.40 0.00
2015 6 29 0.00 82.91 54.07 66.43 0.00
2015 6 30 0.00 82.91 52.01 66.43 0.00
2015 7 1 0.00 77.76 55.10 64.37 0.00
2015 7 2 0.00 80.85 53.04 65.40 0.00
2015 7 3 0.00 80.85 55.10 66.43 0.00
2015 7 4 0.10 77.76 47.89 62.31 0.00
2015 7 5 0.30 71.58 48.92 56.13 0.00
2015 7 6 0.20 71.58 45.83 54.07 0.00
2015 7 7 0.10 62.31 45.83 52.01 0.00
2015 7 8 0.10 61.28 42.74 49.95 0.00
2015 7 9 0.30 64.37 39.65 50.98 0.00
2015 7 10 0.00 60.25 40.68 47.89 0.00
2015 7 11 0.10 63.34 40.68 50.98 0.00
2015 7 12 0.00 70.55 43.77 56.13 0.00
2015 7 13 0.60 72.61 45.83 56.13 0.00
2015 7 14 0.00 69.52 43.77 53.04 0.00
2015 7 15 0.00 66.43 41.71 53.04 0.00
2015 7 16 0.00 71.58 42.74 56.13 0.00
2015 7 17 0.00 73.64 41.71 58.19 0.00
2015 7 18 0.00 66.43 43.77 53.04 0.00
2015 7 19 0.00 68.49 41.71 54.07 0.00
2015 7 20 0.10 66.43 44.80 54.07 0.00
2015 7 21 0.00 69.52 40.68 54.07 0.00
2015 7 22 0.40 67.46 43.77 53.04 0.00
2015 7 23 0.00 72.61 42.74 56.13 0.00
2015 7 24 0.00 72.61 41.71 57.16 0.00
2015 7 25 0.00 73.64 42.74 56.13 0.00
2015 7 26 0.00 74.67 43.77 59.22 0.00
2015 7 27 0.00 72.61 41.71 57.16 0.00
2015 7 28 0.00 71.58 38.62 54.07 0.00
2015 7 29 0.00 76.73 39.65 58.19 0.00
2015 7 30 0.10 78.79 44.80 60.25 0.00
2015 7 31 0.00 79.82 45.83 60.25 0.00
2015 8 1 0.00 78.79 43.77 61.28 0.00
2015 8 2 1.20 70.55 46.86 56.13 0.00
2015 8 3 2.20 63.34 43.77 52.01 0.00
2015 8 4 0.00 73.64 42.74 56.13 0.00
2015 8 5 0.00 73.64 45.83 59.22 0.00
2015 8 6 0.00 71.58 42.74 57.16 0.00
2015 8 7 0.20 63.34 44.80 53.04 0.00
2015 8 8 0.00 63.34 43.77 52.01 0.00
2015 8 9 0.00 70.55 42.74 55.10 0.00
2015 8 10 0.00 74.67 45.83 58.19 0.00
2015 8 11 0.00 64.37 44.80 55.10 0.00
2015 8 12 0.00 67.46 48.92 57.16 0.00
2015 8 13 0.00 75.70 46.86 58.19 0.00
2015 8 14 0.00 77.76 49.95 61.28 0.00
2015 8 15 0.00 78.79 49.95 62.31 0.00
2015 8 16 0.00 79.82 49.95 62.31 0.00
2015 8 17 0.00 77.76 45.83 61.28 0.00
2015 8 18 0.00 70.55 40.68 55.10 0.00
2015 8 19 0.00 69.52 40.68 55.10 0.00
2015 8 20 0.00 72.61 40.68 55.10 0.00
2015 8 21 0.00 76.73 42.74 58.19 0.00
2015 8 22 0.00 76.73 44.80 58.19 0.00
2015 8 23 0.00 74.67 44.80 58.19 0.00
2015 8 24 0.00 78.79 45.83 61.28 0.00
2015 8 25 0.00 78.79 50.98 63.34 0.00
2015 8 26 0.50 60.25 52.01 53.04 0.00
2015 8 27 0.00 71.58 46.86 57.16 0.00
2015 8 28 0.00 73.64 45.83 56.13 0.00
2015 8 29 0.00 73.64 44.80 57.16 0.00
2015 8 30 0.00 70.55 45.83 55.10 0.00
2015 8 31 0.00 70.55 43.77 54.07 0.00
2015 9 1 0.00 69.52 42.74 54.07 0.00
2015 9 2 0.10 69.52 42.74 57.16 0.00
2015 9 3 0.00 68.49 52.01 60.25 0.00
2015 9 4 0.00 65.40 42.74 56.13 0.00
2015 9 5 0.00 63.34 43.77 52.01 0.00
2015 9 6 0.00 66.43 37.59 50.98 0.00
2015 9 7 0.00 67.46 39.65 50.98 0.00
2015 9 8 0.00 72.61 38.62 52.01 0.00
2015 9 9 0.00 73.64 34.50 53.04 0.00
2015 9 10 0.00 75.70 38.62 56.13 0.00
2015 9 11 0.00 75.70 45.83 57.16 0.00
2015 9 12 0.00 77.76 43.77 58.19 0.00
2015 9 13 0.10 73.64 43.77 56.13 0.00
2015 9 14 0.60 64.37 46.86 52.01 0.00
2015 9 15 0.50 53.04 45.83 48.92 0.00
2015 9 16 0.50 56.13 39.65 48.92 0.00
2015 9 17 0.00 61.28 37.59 47.89 0.00
2015 9 18 0.00 60.25 35.53 44.80 0.00
2015 9 19 0.00 64.37 32.44 46.86 0.00
2015 9 20 0.00 69.52 34.50 48.92 0.00
2015 9 21 0.00 70.55 38.62 52.01 0.00
2015 9 22 0.10 70.55 40.68 53.04 0.00
2015 9 23 0.00 72.61 38.62 53.04 0.00
2015 9 24 0.00 73.64 43.77 56.13 0.00
2015 9 25 0.00 72.61 42.74 54.07 0.00
2015 9 26 0.00 71.58 41.71 54.07 0.00
2015 9 27 0.00 71.58 42.74 55.10 0.00
2015 9 28 0.10 71.58 45.83 55.10 0.00
2015 9 29 0.00 70.55 42.74 55.10 0.00
2015 9 30 0.00 68.49 48.92 57.16 0.00
2015 10 1 0.00 70.55 44.80 58.19 0.00
2015 10 2 0.00 57.16 31.41 47.89 0.00
2015 10 3 0.00 58.19 30.38 42.74 0.00
2015 10 4 0.00 60.25 38.62 47.89 0.00
2015 10 5 0.60 48.92 39.65 43.77 0.00
2015 10 6 0.00 53.04 35.53 43.77 0.00
2015 10 7 0.00 61.28 34.50 45.83 0.00
2015 10 8 0.00 64.37 38.62 49.95 0.00
2015 10 9 0.00 63.34 40.68 49.95 0.00
2015 10 10 0.00 63.34 36.56 47.89 0.00
2015 10 11 0.00 67.46 36.56 47.89 0.00
2015 10 12 0.00 66.43 36.56 49.95 0.00
2015 10 13 0.00 67.46 36.56 49.95 0.00
2015 10 14 0.00 68.49 35.53 49.95 0.00
2015 10 15 0.00 64.37 39.65 50.98 0.00
2015 10 16 0.00 64.37 37.59 48.92 0.00
2015 10 17 0.20 54.07 37.59 45.83 0.00
2015 10 18 0.90 48.92 40.68 45.83 0.00
2015 10 19 0.30 49.95 39.65 42.74 0.00
2015 10 20 0.30 46.86 36.56 41.71 0.00
2015 10 21 1.00 47.89 35.53 40.68 0.00
2015 10 22 0.20 52.01 31.41 39.65 0.00
2015 10 23 0.00 50.98 29.35 37.59 0.00
2015 10 24 0.00 52.01 29.35 37.59 0.00
2015 10 25 0.20 48.92 29.35 39.65 0.00
2015 10 26 0.00 47.89 36.56 41.71 0.00
2015 10 27 0.00 49.95 26.26 37.59 0.00
2015 10 28 0.10 43.77 24.20 33.47 0.00
2015 10 29 0.20 35.53 32.44 33.47 0.00
2015 10 30 0.00 48.92 30.38 36.56 0.00
2015 10 31 0.00 52.01 28.32 37.59 0.00
2015 11 1 0.00 50.98 27.29 36.56 0.00
2015 11 2 0.00 49.95 28.32 41.71 0.00
2015 11 3 0.20 45.83 32.44 40.68 0.00
2015 11 4 0.00 33.47 22.14 30.38 0.00
2015 11 5 0.00 34.50 19.05 25.23 0.00
2015 11 6 0.00 35.53 15.96 24.20 0.00
2015 11 7 0.00 38.62 15.96 24.20 0.00
2015 11 8 0.00 39.65 15.96 26.26 0.00
2015 11 9 0.20 40.68 22.14 34.50 0.00
2015 11 10 0.80 36.56 23.17 29.35 0.00
2015 11 11 0.00 33.47 11.84 23.17 0.80
2015 11 12 0.00 36.56 8.75 21.11 0.80
2015 11 13 0.00 42.74 13.90 25.23 0.80
2015 11 14 0.00 42.74 14.93 25.23 0.80
2015 11 15 0.30 38.62 13.90 27.29 0.80
2015 11 16 0.40 32.44 22.14 27.29 1.10
2015 11 17 0.00 37.59 14.93 26.26 1.50
2015 11 18 0.00 38.62 15.96 28.32 1.50
2015 11 19 0.00 40.68 16.99 28.32 1.50
2015 11 20 0.00 40.68 13.90 30.38 1.50
2015 11 21 0.00 37.59 7.72 19.05 1.50
2015 11 22 0.00 43.77 14.93 24.20 1.50
2015 11 23 0.00 42.74 14.93 26.26 1.50
2015 11 24 0.00 37.59 13.90 29.35 1.50
2015 11 25 0.00 40.68 14.93 33.47 1.50
2015 11 26 0.00 24.20 12.87 18.02 1.50
2015 11 27 0.10 18.02 8.75 12.87 1.50
2015 11 28 0.00 20.08 2.57 13.90 1.60
2015 11 29 0.00 21.11 1.54 10.81 1.60
2015 11 30 0.00 23.17 -4.64 6.69 1.60
2015 12 1 0.10 32.44 -2.58 12.87 1.60
2015 12 2 0.00 36.56 8.75 20.08 1.70
2015 12 3 0.00 39.65 14.93 24.20 1.70
2015 12 4 0.00 35.53 15.96 24.20 1.70
2015 12 5 0.00 36.56 10.81 22.14 1.70
2015 12 6 0.00 34.50 9.78 20.08 1.70
2015 12 7 0.00 37.59 13.90 25.23 1.70
2015 12 8 0.00 44.80 21.11 30.38 1.70
2015 12 9 0.00 42.74 24.20 32.44 1.70
2015 12 10 0.10 36.56 21.11 30.38 1.70
2015 12 11 0.10 30.38 23.17 26.26 1.80
2015 12 12 0.00 31.41 11.84 22.14 1.90
2015 12 13 0.00 35.53 9.78 19.05 1.90
2015 12 14 0.60 25.23 15.96 21.11 1.90
2015 12 15 0.00 23.17 -3.61 12.87 2.50
2015 12 16 0.00 22.14 -5.67 5.66 2.50
2015 12 17 0.10 21.11 -0.52 10.81 2.50
2015 12 18 0.00 32.44 7.72 19.05 2.60
2015 12 19 0.00 32.44 10.81 21.11 2.60
2015 12 20 0.10 31.41 11.84 22.14 2.60
2015 12 21 0.70 26.26 21.11 24.20 2.70
2015 12 22 1.00 29.35 15.96 26.26 3.40
2015 12 23 0.00 24.20 -1.55 11.84 4.40
2015 12 24 0.30 16.99 -7.73 6.69 4.40
2015 12 25 0.00 21.11 -0.52 14.93 4.70
2015 12 26 0.00 10.81 -0.52 7.72 4.70
2015 12 27 0.00 28.32 -4.64 8.75 3.90
2015 12 28 0.00 22.14 -5.67 4.63 3.90
2015 12 29 0.10 24.20 0.51 11.84 3.90
2015 12 30 0.00 20.08 0.51 8.75 4.00
2015 12 31 0.00 18.02 0.51 8.75 4.00
2016 1 1 0.00 30.38 0.51 11.84 4.00
2016 1 2 0.00 31.41 8.75 18.02 4.00
2016 1 3 0.10 38.62 11.84 23.17 4.00
2016 1 4 0.10 36.56 12.87 24.20 4.10
2016 1 5 0.10 26.26 23.17 24.20 4.20
2016 1 6 0.20 31.41 24.20 27.29 4.30
2016 1 7 0.00 30.38 10.81 23.17 4.50
2016 1 8 0.00 28.32 9.78 21.11 4.50
2016 1 9 0.00 30.38 -1.55 9.78 4.50
2016 1 10 0.00 27.29 -3.61 7.72 4.50
2016 1 11 0.00 32.44 -1.55 11.84 4.50
2016 1 12 0.00 38.62 2.57 16.99 4.50
2016 1 13 0.00 32.44 5.66 15.96 4.50
2016 1 14 0.00 30.38 5.66 16.99 4.50
2016 1 15 0.10 31.41 9.78 20.08 4.50
2016 1 16 0.10 28.32 5.66 20.08 4.60
2016 1 17 0.00 36.56 13.90 25.23 4.70
2016 1 18 0.00 32.44 16.99 24.20 4.70
2016 1 19 0.20 30.38 9.78 22.14 4.70
2016 1 20 0.00 28.32 9.78 21.11 4.90
2016 1 21 0.00 35.53 2.57 15.96 4.90
2016 1 22 0.00 37.59 11.84 21.11 4.90
2016 1 23 0.00 33.47 8.75 22.14 4.90
2016 1 24 0.20 33.47 6.69 21.11 4.90
2016 1 25 0.00 33.47 1.54 15.96 5.10
2016 1 26 0.00 33.47 0.51 13.90 5.10
2016 1 27 0.00 42.74 6.69 22.14 5.10
2016 1 28 0.00 43.77 14.93 25.23 5.10
2016 1 29 0.00 38.62 21.11 30.38 5.10
2016 1 30 0.00 34.50 7.72 28.32 5.10
2016 1 31 0.00 24.20 3.60 14.93 5.10
2016 2 1 0.30 18.02 2.57 14.93 5.10
2016 2 2 0.00 24.20 -6.70 7.72 5.40
2016 2 3 0.00 22.14 -10.82 4.63 5.40
2016 2 4 0.20 23.17 -7.73 7.72 5.40
2016 2 5 0.00 33.47 -0.52 12.87 5.60
2016 2 6 0.00 39.65 5.66 20.08 5.60
2016 2 7 0.00 44.80 13.90 26.26 5.60
2016 2 8 0.00 52.01 21.11 32.44 5.60
2016 2 9 0.00 52.01 19.05 31.41 5.60
2016 2 10 0.00 49.95 20.08 32.44 5.60
2016 2 11 0.00 50.98 22.14 33.47 5.60
2016 2 12 0.00 50.98 24.20 34.50 5.60
2016 2 13 0.00 48.92 21.11 31.41 5.60
2016 2 14 0.00 40.68 21.11 32.44 5.60
2016 2 15 0.00 43.77 24.20 32.44 5.60
2016 2 16 0.00 47.89 21.11 32.44 5.60
2016 2 17 0.00 42.74 21.11 34.50 5.60
2016 2 18 0.10 41.71 18.02 32.44 5.60
2016 2 19 0.00 39.65 12.87 25.23 5.70
2016 2 20 0.00 44.80 20.08 30.38 5.60
2016 2 21 0.00 45.83 21.11 31.41 5.50
2016 2 22 0.00 39.65 20.08 28.32 5.50
2016 2 23 0.00 30.38 11.84 22.14 5.50
2016 2 24 0.00 36.56 5.66 21.11 5.50
2016 2 25 0.00 45.83 16.99 29.35 5.50
2016 2 26 0.00 46.86 21.11 31.41 5.50
2016 2 27 0.00 45.83 21.11 32.44 5.50
2016 2 28 0.00 47.89 22.14 33.47 5.50
2016 2 29 0.00 46.86 23.17 33.47 5.40
2016 3 1 0.00 45.83 22.14 32.44 5.30
2016 3 2 0.00 47.89 23.17 35.53 5.30
2016 3 3 0.00 48.92 23.17 33.47 5.20
2016 3 4 0.00 53.04 27.29 37.59 5.10
2016 3 5 0.00 48.92 28.32 38.62 4.90
2016 3 6 0.80 41.71 28.32 35.53 4.70
2016 3 7 0.10 40.68 21.11 29.35 5.50
2016 3 8 0.00 41.71 20.08 29.35 5.60
2016 3 9 0.00 42.74 20.08 30.38 5.60
2016 3 10 0.00 50.98 22.14 33.47 5.60
2016 3 11 0.10 46.86 24.20 37.59 5.40
2016 3 12 0.00 48.92 26.26 37.59 5.30
2016 3 13 0.00 44.80 25.23 35.53 5.00
2016 3 14 0.20 39.65 20.08 31.41 4.60
2016 3 15 0.00 34.50 14.93 25.23 4.80
2016 3 16 0.00 38.62 12.87 26.26 4.80
2016 3 17 0.00 46.86 16.99 32.44 4.80
2016 3 18 0.00 44.80 18.02 29.35 4.80
2016 3 19 0.00 48.92 25.23 35.53 4.60
2016 3 20 0.00 49.95 21.11 34.50 4.30
2016 3 21 0.00 53.04 26.26 41.71 3.70
2016 3 22 0.10 43.77 24.20 34.50 2.90
2016 3 23 0.00 40.68 20.08 29.35 3.00
2016 3 24 0.00 41.71 18.02 30.38 2.80
2016 3 25 0.00 36.56 23.17 29.35 2.70
2016 3 26 0.00 38.62 16.99 25.23 2.30
2016 3 27 0.00 42.74 15.96 31.41 2.10
2016 3 28 0.00 40.68 31.41 36.56 1.70
2016 3 29 0.30 35.53 14.93 27.29 1.60
2016 3 30 0.10 34.50 11.84 24.20 1.90
2016 3 31 0.10 40.68 12.87 27.29 2.00
2016 4 1 0.00 38.62 16.99 28.32 2.10
2016 4 2 0.00 47.89 22.14 33.47 1.80
2016 4 3 0.00 54.07 24.20 38.62 1.00
2016 4 4 0.00 55.10 29.35 42.74 0.50
2016 4 5 0.00 45.83 23.17 36.56 0.10
2016 4 6 0.00 58.19 21.11 38.62 0.00
2016 4 7 0.00 61.28 29.35 46.86 0.00
2016 4 8 0.00 61.28 39.65 48.92 0.00
2016 4 9 0.20 43.77 31.41 37.59 0.00
2016 4 10 0.00 50.98 30.38 39.65 0.00
2016 4 11 0.10 55.10 31.41 40.68 0.00
2016 4 12 0.00 56.13 31.41 40.68 0.00
2016 4 13 0.00 56.13 30.38 43.77 0.00
2016 4 14 0.00 50.98 30.38 39.65 0.00
2016 4 15 0.20 37.59 28.32 31.41 0.00
2016 4 16 0.40 35.53 26.26 30.38 0.00
2016 4 17 0.00 31.41 23.17 26.26 0.00
2016 4 18 0.20 39.65 24.20 30.38 0.00
2016 4 19 0.00 45.83 25.23 33.47 0.00
2016 4 20 0.00 56.13 26.26 39.65 0.00
2016 4 21 0.00 60.25 33.47 45.83 0.00
2016 4 22 0.00 60.25 33.47 49.95 0.00
2016 4 23 0.10 53.04 33.47 40.68 0.00
2016 4 24 0.00 50.98 32.44 39.65 0.00
2016 4 25 0.20 43.77 27.29 33.47 0.00
2016 4 26 0.40 40.68 27.29 32.44 0.00
2016 4 27 0.20 41.71 24.20 34.50 0.40
2016 4 28 0.90 41.71 29.35 33.47 0.00
2016 4 29 0.10 45.83 24.20 33.47 0.90
2016 4 30 0.10 38.62 26.26 31.41 0.70
2016 5 1 0.00 40.68 26.26 33.47 0.40
2016 5 2 0.00 49.95 29.35 36.56 0.00
2016 5 3 0.00 59.22 28.32 42.74 0.00
2016 5 4 0.00 60.25 33.47 46.86 0.00
2016 5 5 0.00 65.40 36.56 52.01 0.00
2016 5 6 0.10 59.22 33.47 43.77 0.00
2016 5 7 0.00 50.98 31.41 39.65 0.00
2016 5 8 0.40 39.65 29.35 34.50 0.00
2016 5 9 0.10 57.16 33.47 44.80 0.00
2016 5 10 0.00 47.89 28.32 36.56 0.00
2016 5 11 0.00 53.04 24.20 37.59 0.00
2016 5 12 0.00 59.22 27.29 42.74 0.00
2016 5 13 0.00 66.43 32.44 49.95 0.00
2016 5 14 0.00 68.49 38.62 53.04 0.00
2016 5 15 0.30 56.13 34.50 43.77 0.00
2016 5 16 0.10 46.86 35.53 38.62 0.00
2016 5 17 0.00 48.92 34.50 40.68 0.00
2016 5 18 0.00 52.01 32.44 41.71 0.00
2016 5 19 0.10 55.10 31.41 45.83 0.00
2016 5 20 0.00 57.16 47.89 53.04 0.00
2016 5 21 0.00 53.04 33.47 44.80 0.00
2016 5 22 0.00 50.98 30.38 39.65 0.00
2016 5 23 0.00 56.13 31.41 42.74 0.00
2016 5 24 0.00 54.07 30.38 42.74 0.00
2016 5 25 0.00 55.10 28.32 42.74 0.00
2016 5 26 0.00 55.10 31.41 42.74 0.00
2016 5 27 0.10 52.01 32.44 40.68 0.00
2016 5 28 0.00 60.25 31.41 44.80 0.00
2016 5 29 0.00 63.34 35.53 48.92 0.00
2016 5 30 0.00 67.46 36.56 50.98 0.00
2016 5 31 0.00 66.43 38.62 52.01 0.00
2016 6 1 0.00 68.49 39.65 53.04 0.00
2016 6 2 0.00 72.61 38.62 56.13 0.00
2016 6 3 0.00 73.64 42.74 58.19 0.00
2016 6 4 0.00 76.73 46.86 61.28 0.00
2016 6 5 0.00 79.82 43.77 61.28 0.00
2016 6 6 0.00 77.76 50.98 64.37 0.00
2016 6 7 0.00 74.67 45.83 59.22 0.00
2016 6 8 0.00 76.73 43.77 59.22 0.00
2016 6 9 0.00 76.73 44.80 60.25 0.00
2016 6 10 0.00 78.79 42.74 60.25 0.00
2016 6 11 0.00 68.49 41.71 55.10 0.00
2016 6 12 0.00 69.52 41.71 57.16 0.00
2016 6 13 0.20 62.31 36.56 46.86 0.00
2016 6 14 0.00 65.40 34.50 53.04 0.00
2016 6 15 0.00 67.46 42.74 59.22 0.00
2016 6 16 0.00 70.55 41.71 58.19 0.00
2016 6 17 0.00 71.58 39.65 57.16 0.00
2016 6 18 0.00 75.70 40.68 60.25 0.00
2016 6 19 0.00 79.82 42.74 61.28 0.00
2016 6 20 0.00 83.94 49.95 66.43 0.00
2016 6 21 0.00 84.97 49.95 65.40 0.00
2016 6 22 0.00 80.85 52.01 64.37 0.00
2016 6 23 0.00 77.76 48.92 60.25 0.00
2016 6 24 0.00 77.76 44.80 60.25 0.00
2016 6 25 0.00 74.67 42.74 57.16 0.00
2016 6 26 0.00 78.79 42.74 59.22 0.00
2016 6 27 0.00 81.88 46.86 62.31 0.00
2016 6 28 0.00 82.91 46.86 64.37 0.00
2016 6 29 0.00 77.76 49.95 59.22 0.00
2016 6 30 0.20 71.58 45.83 55.10 0.00
2016 7 1 0.30 65.40 42.74 50.98 0.00
2016 7 2 0.70 63.34 41.71 49.95 0.00
2016 7 3 0.00 70.55 42.74 54.07 0.00
2016 7 4 0.00 72.61 42.74 56.13 0.00
2016 7 5 0.00 75.70 44.80 58.19 0.00
2016 7 6 0.00 75.70 41.71 59.22 0.00
2016 7 7 0.00 75.70 41.71 57.16 0.00
2016 7 8 0.00 76.73 44.80 59.22 0.00
2016 7 9 0.00 76.73 42.74 60.25 0.00
2016 7 10 0.00 76.73 40.68 60.25 0.00
2016 7 11 0.00 67.46 34.50 49.95 0.00
2016 7 12 0.00 75.70 36.56 55.10 0.00
2016 7 13 0.00 77.76 42.74 59.22 0.00
2016 7 14 0.00 78.79 47.89 60.25 0.00
2016 7 15 0.00 79.82 46.86 61.28 0.00
2016 7 16 0.00 73.64 47.89 60.25 0.00
2016 7 17 0.00 77.76 43.77 60.25 0.00
2016 7 18 0.50 65.40 47.89 53.04 0.00
2016 7 19 0.00 70.55 46.86 57.16 0.00
2016 7 20 0.00 74.67 45.83 58.19 0.00
2016 7 21 0.00 77.76 47.89 61.28 0.00
2016 7 22 0.00 77.76 46.86 60.25 0.00
2016 7 23 0.00 79.82 45.83 62.31 0.00
2016 7 24 0.10 81.88 49.95 63.34 0.00
2016 7 25 0.00 80.85 48.92 62.31 0.00
2016 7 26 0.00 79.82 46.86 60.25 0.00
2016 7 27 0.00 84.97 46.86 64.37 0.00
2016 7 28 0.00 86.00 49.95 65.40 0.00
2016 7 29 0.00 84.97 52.01 64.37 0.00
2016 7 30 0.00 78.79 52.01 64.37 0.00
2016 7 31 0.00 76.73 45.83 59.22 0.00
2016 8 1 0.00 76.73 44.80 59.22 0.00
2016 8 2 0.00 80.85 48.92 64.37 0.00
2016 8 3 0.00 78.79 47.89 59.22 0.00
2016 8 4 0.70 69.52 46.86 54.07 0.00
2016 8 5 0.00 73.64 47.89 59.22 0.00
2016 8 6 0.20 68.49 46.86 55.10 0.00
2016 8 7 2.90 71.58 45.83 54.07 0.00
2016 8 8 0.00 74.67 45.83 58.19 0.00
2016 8 9 0.00 73.64 43.77 59.22 0.00
2016 8 10 0.10 71.58 42.74 54.07 0.00
2016 8 11 0.00 71.58 41.71 55.10 0.00
2016 8 12 0.00 73.64 40.68 56.13 0.00
2016 8 13 0.00 74.67 41.71 55.10 0.00
2016 8 14 0.00 76.73 42.74 57.16 0.00
2016 8 15 0.00 72.61 45.83 56.13 0.00
2016 8 16 0.00 73.64 43.77 58.19 0.00
2016 8 17 0.00 72.61 44.80 57.16 0.00
2016 8 18 0.00 73.64 41.71 54.07 0.00
2016 8 19 0.00 73.64 41.71 56.13 0.00
2016 8 20 0.00 74.67 45.83 57.16 0.00
2016 8 21 0.00 74.67 43.77 56.13 0.00
2016 8 22 0.00 70.55 42.74 54.07 0.00
2016 8 23 0.00 66.43 39.65 50.98 0.00
2016 8 24 0.00 69.52 38.62 52.01 0.00
2016 8 25 0.10 64.37 37.59 48.92 0.00
2016 8 26 0.30 61.28 34.50 46.86 0.00
2016 8 27 0.00 64.37 37.59 49.95 0.00
2016 8 28 0.00 69.52 39.65 52.01 0.00
2016 8 29 0.00 74.67 40.68 57.16 0.00
2016 8 30 0.00 73.64 42.74 56.13 0.00
2016 8 31 0.00 74.67 42.74 56.13 0.00
2016 9 1 0.00 72.61 42.74 55.10 0.00
2016 9 2 0.10 67.46 45.83 54.07 0.00
2016 9 3 1.80 65.40 44.80 52.01 0.00
2016 9 4 0.00 63.34 39.65 53.04 0.00
2016 9 5 0.00 64.37 37.59 48.92 0.00
2016 9 6 0.00 65.40 38.62 52.01 0.00
2016 9 7 0.00 67.46 36.56 49.95 0.00
2016 9 8 0.00 70.55 36.56 52.01 0.00
2016 9 9 0.00 68.49 38.62 52.01 0.00
2016 9 10 0.00 69.52 37.59 50.98 0.00
2016 9 11 0.00 68.49 39.65 52.01 0.00
2016 9 12 0.10 66.43 37.59 53.04 0.00
2016 9 13 0.70 61.28 37.59 46.86 0.00
2016 9 14 0.60 58.19 34.50 45.83 0.00
2016 9 15 0.00 57.16 30.38 41.71 0.00
2016 9 16 0.00 61.28 33.47 45.83 0.00
2016 9 17 0.00 63.34 34.50 45.83 0.00
2016 9 18 0.00 68.49 34.50 48.92 0.00
2016 9 19 0.00 70.55 38.62 52.01 0.00
2016 9 20 0.00 68.49 39.65 52.01 0.00
2016 9 21 0.40 50.98 40.68 46.86 0.00
2016 9 22 5.90 52.01 34.50 46.86 0.00
2016 9 23 0.10 42.74 33.47 37.59 0.00
2016 9 24 0.00 48.92 30.38 37.59 0.00
2016 9 25 0.10 56.13 28.32 42.74 0.00
2016 9 26 0.00 64.37 32.44 47.89 0.00
2016 9 27 0.00 65.40 38.62 48.92 0.00
2016 9 28 0.00 68.49 39.65 52.01 0.00
2016 9 29 0.50 53.04 43.77 46.86 0.00
2016 9 30 0.00 59.22 38.62 47.89 0.00
2016 10 1  nan 57.16 37.59 45.83  nan
2016 10 2  nan 57.16 37.59 48.92  nan
2016 10 3  nan 49.95 26.26 38.62  nan
2016 10 4  nan 45.83 22.14 33.47  nan
2016 10 5  nan 47.89 27.29 36.56  nan
2016 10 6  nan 47.89 24.20 34.50  nan
2016 10 7  nan 52.01 24.20 35.53  nan
2016 10 8  nan 58.19 29.35 41.71  nan
2016 10 9  nan 59.22 31.41 42.74  nan
2016 10 10  nan 57.16 32.44 44.80  nan
2016 10 11  nan 57.16 33.47 43.77  nan
2016 10 12  nan 58.19 33.47 44.80  nan
2016 10 13  nan 59.22 33.47 45.83  nan
2016 10 14  nan 59.22 37.59 50.98  nan
2016 10 15  nan 61.28 41.71 54.07  nan
2016 10 16  nan 59.22 47.89 53.04  nan
2016 10 17  nan 49.95 30.38 40.68  nan
2016 10 18  nan 50.98 25.23 36.56  nan
2016 10 19  nan 46.86 23.17 33.47  nan
2016 10 20  nan 52.01 24.20 34.50  nan
2016 10 21  nan 54.07 26.26 36.56  nan
2016 10 22  nan 58.19 27.29 40.68  nan
2016 10 23  nan 58.19 30.38 42.74  nan
2016 10 24  nan 55.10 34.50 44.80  nan
2016 10 25  nan 49.95 32.44 41.71  nan
2016 10 26  nan 52.01 31.41 39.65  nan
2016 10 27  nan 53.04 33.47 44.80  nan
2016 10 28  nan 54.07 38.62 46.86  nan
2016 10 29  nan 56.13 39.65 48.92  nan
2016 10 30  nan 52.01 47.89 49.95  nan
2016 10 31  nan 52.01 38.62 45.83  nan
2016 11 1  nan 47.89 32.44 39.65  nan
2016 11 2  nan 44.80 33.47 36.56  nan
2016 11 3  nan 56.13 31.41 41.71  nan
2016 11 4  nan 57.16 33.47 42.74  nan
2016 11 5  nan 55.10 31.41 42.74  nan
2016 11 6  nan 53.04 28.32 37.59  nan
2016 11 7  nan 55.10 30.38 39.65  nan
2016 11 8  nan 55.10 32.44 40.68  nan
2016 11 9  nan 55.10 30.38 39.65  nan
2016 11 10  nan 56.13 32.44 44.80  nan
2016 11 11  nan 52.01 29.35 37.59  nan
2016 11 12  nan 49.95 27.29 35.53  nan
2016 11 13  nan 53.04 27.29 36.56  nan
2016 11 14  nan 55.10 28.32 36.56  nan
2016 11 15  nan 53.04 27.29 37.59  nan
2016 11 16  nan 48.92 27.29 41.71  nan
2016 11 17  nan 30.38 15.96 25.23  nan
2016 11 18  nan 33.47 11.84 20.08  nan
2016 11 19  nan 39.65 14.93 28.32  nan
2016 11 20  nan 44.80 23.17 34.50  nan
2016 11 21  nan 37.59 30.38 33.47  nan
2016 11 22  nan 38.62 23.17 30.38  nan
2016 11 23  nan 31.41 21.11 29.35  nan
2016 11 24  nan 33.47 10.81 20.08  nan
2016 11 25  nan 34.50 9.78 19.05  nan
2016 11 26  nan 37.59 12.87 27.29  nan
2016 11 27  nan 30.38 21.11 24.20  nan
2016 11 28  nan 28.32 13.90 21.11  nan
2016 11 29  nan 28.32 3.60 16.99  nan
2016 11 30  nan 26.26 -0.52 11.84  nan
2016 12 1  nan 29.35 10.81 16.99  nan
2016 12 2  nan 23.17 5.66 16.99  nan
2016 12 3  nan 34.50 3.60 14.93  nan
2016 12 4  nan 31.41 6.69 18.02  nan
2016 12 5  nan 28.32 7.72 20.08  nan
2016 12 6  nan 25.23 0.51 13.90  nan
2016 12 7  nan 20.08 -2.58 5.66  nan
2016 12 8  nan 19.05 -2.58 10.81  nan
2016 12 9  nan 35.53 9.78 22.14  nan
2016 12 10  nan 33.47 13.90 25.23  nan
2016 12 11  nan 34.50 22.14 29.35  nan
2016 12 12  nan 38.62 15.96 26.26  nan
2016 12 13  nan 35.53 10.81 22.14  nan
2016 12 14  nan 36.56 15.96 31.41  nan
2016 12 15  nan 40.68 28.32 35.53  nan
2016 12 16  nan 37.59 18.02 29.35  nan
2016 12 17  nan 20.08 -1.55 10.81  nan
2016 12 18  nan 21.11 -8.76 4.63  nan
2016 12 19  nan 28.32 -3.61 10.81  nan
2016 12 20  nan 34.50 8.75 18.02  nan
2016 12 21  nan 36.56 10.81 25.23  nan
2016 12 22  nan 31.41 21.11 26.26  nan
2016 12 23  nan 32.44 8.75 21.11  nan
2016 12 24  nan 31.41 28.32 29.35  nan
2016 12 25  nan 28.32 -1.55 14.93  nan
2016 12 26  nan 20.08 -7.73 2.57  nan
2016 12 27  nan 24.20 -7.73 6.69  nan
2016 12 28  nan 34.50 3.60 16.99  nan
2016 12 29  nan 38.62 8.75 19.05  nan
2016 12 30  nan 33.47 8.75 16.99  nan
2016 12 31  nan 36.56 6.69 18.02  nan
2017 1 1  nan 25.23 5.66 20.08  nan
2017 1 2  nan 27.29 22.14 24.20  nan
2017 1 3  nan 28.32 21.11 24.20  nan
2017 1 4  nan 28.32 24.20 26.26  nan
2017 1 5  nan 28.32 -0.52 12.87  nan
2017 1 6  nan 21.11 -11.85 0.51  nan
2017 1 7  nan 20.08 -10.82 7.72  nan
2017 1 8  nan 27.29 14.93 21.11  nan
2017 1 9  nan 29.35 20.08 27.29  nan
2017 1 10  nan 30.38 23.17 26.26  nan
2017 1 11  nan 29.35 24.20 26.26  nan
2017 1 12  nan 28.32 24.20 26.26  nan
2017 1 13  nan 31.41 15.96 27.29  nan
2017 1 14  nan 33.47 15.96 26.26  nan
2017 1 15  nan 33.47 24.20 28.32  nan
2017 1 16  nan 28.32 10.81 24.20  nan
2017 1 17  nan 37.59 6.69 18.02  nan
2017 1 18  nan 38.62 6.69 18.02  nan
2017 1 19  nan 25.23 22.14 24.20  nan
2017 1 20  nan 28.32 8.75 20.08  nan
2017 1 21  nan 31.41 1.54 20.08  nan
2017 1 22  nan 23.17 1.54 15.96  nan
2017 1 23  nan 27.29 14.93 23.17  nan
2017 1 24  nan 28.32 -6.70 10.81  nan
2017 1 25  nan 23.17 -7.73 3.60  nan
2017 1 26  nan 21.11 -10.82 5.66  nan
2017 1 27  nan 29.35 -11.85 5.66  nan
2017 1 28  nan 41.71 3.60 20.08  nan
2017 1 29  nan  nan  nan  nan  nan
2017 1 30  nan  nan  nan  nan  nan
2017 1 31  nan 40.68 12.87 24.20  nan
2017 2 1  nan 42.74 14.93 24.20  nan
2017 2 2  nan 37.59 14.93 24.20  nan
2017 2 3  nan 35.53 14.93 27.29  nan
2017 2 4  nan 39.65 24.20 31.41  nan
2017 2 5  nan 41.71 19.05 31.41  nan
2017 2 6  nan 37.59 27.29 32.44  nan
2017 2 7  nan 35.53 31.41 32.44  nan
2017 2 8  nan 42.74 24.20 36.56  nan
2017 2 9  nan 45.83 29.35 38.62  nan
2017 2 10  nan 44.80 34.50 40.68  nan
2017 2 11  nan 38.62 26.26 32.44  nan
2017 2 12  nan 44.80 23.17 29.35  nan
2017 2 13  nan 37.59 25.23 31.41  nan
2017 2 14  nan 38.62 27.29 31.41  nan
2017 2 15  nan 45.83 20.08 30.38  nan
2017 2 16  nan 41.71 15.96 29.35  nan
2017 2 17  nan 40.68 22.14 30.38  nan
2017 2 18  nan 32.44 30.38 31.41  nan
2017 2 19  nan 34.50 22.14 30.38  nan
2017 2 20  nan 35.53 18.02 30.38  nan
2017 2 21  nan 40.68 33.47 36.56  nan
2017 2 22  nan 39.65 18.02 33.47  nan
2017 2 23  nan 26.26 4.63 15.96  nan
2017 2 24  nan 24.20 -7.73 8.75  nan
2017 2 25  nan 21.11 -8.76 5.66  nan
2017 2 26  nan 25.23 -8.76 12.87  nan
2017 2 27  nan 29.35 12.87 23.17  nan
2017 2 28  nan 27.29 3.60 15.96  nan
2017 3 1  nan 32.44 -4.64 15.96  nan
2017 3 2  nan 40.68 4.63 21.11  nan
2017 3 3  nan 40.68 8.75 24.20  nan
2017 3 4  nan 41.71 18.02 33.47  nan
2017 3 5  nan 41.71 19.05 34.50  nan
2017 3 6  nan 25.23 10.81 15.96  nan
2017 3 7  nan 32.44 10.81 23.17  nan
2017 3 8  nan 44.80 14.93 29.35  nan
2017 3 9  nan 52.01 21.11 34.50  nan
2017 3 10  nan  nan  nan  nan  nan
2017 3 11  nan  nan  nan  nan  nan
2017 3 12  nan 48.92 26.26 37.59  nan
2017 3 13  nan 56.13 25.23 37.59  nan
2017 3 14  nan 57.16 27.29 39.65  nan
2017 3 15  nan 56.13 29.35 40.68  nan
2017 3 16  nan 57.16 29.35 40.68  nan
2017 3 17  nan 59.22 32.44 42.74  nan
2017 3 18  nan 59.22 31.41 44.80  nan
2017 3 19  nan 57.16 32.44 46.86  nan
2017 3 20  nan 54.07 33.47 42.74  nan
2017 3 21  nan 54.07 32.44 44.80  nan
2017 3 22  nan 52.01 32.44 40.68  nan
2017 3 23  nan 38.62 26.26 32.44  nan
2017 3 24  nan 48.92 25.23 34.50  nan
2017 3 25  nan 42.74 24.20 32.44  nan
2017 3 26  nan 45.83 24.20 33.47  nan
2017 3 27  nan 38.62 27.29 32.44  nan
2017 3 28  nan 45.83 27.29 33.47  nan
2017 3 29  nan 52.01 19.05 34.50  nan
2017 3 30  nan 45.83 28.32 36.56  nan
2017 3 31  nan 43.77 29.35 33.47  nan
2017 4 1  nan 46.86 28.32 33.47  nan
2017 4 2  nan 45.83 24.20 33.47  nan
2017 4 3  nan 44.80 19.05 30.38  nan
2017 4 4  nan 36.56 19.05 27.29  nan
2017 4 5  nan 44.80 13.90 29.35  nan
2017 4 6  nan 49.95 24.20 38.62  nan
2017 4 7  nan 49.95 37.59 45.83  nan
2017 4 8  nan 48.92 27.29 42.74  nan
2017 4 9  nan 36.56 15.96 26.26  nan
2017 4 10  nan 42.74 15.96 29.35  nan
2017 4 11  nan 47.89 22.14 35.53  nan
2017 4 12  nan 56.13 27.29 40.68  nan
2017 4 13  nan 57.16 31.41 47.89  nan
2017 4 14  nan 53.04 32.44 42.74  nan
2017 4 15  nan 50.98 26.26 37.59  nan
2017 4 16  nan 56.13 29.35 41.71  nan
2017 4 17  nan 58.19 30.38 43.77  nan
2017 4 18  nan 58.19 33.47 44.80  nan
2017 4 19  nan 49.95 28.32 38.62  nan
2017 4 20  nan 49.95 26.26 36.56  nan
2017 4 21  nan 45.83 26.26 33.47  nan
2017 4 22  nan 49.95 26.26 36.56  nan
2017 4 23  nan 55.10 27.29 41.71  nan
2017 4 24  nan 47.89 27.29 36.56  nan
2017 4 25  nan 43.77 24.20 32.44  nan
2017 4 26  nan 44.80 25.23 33.47  nan
2017 4 27  nan 38.62 24.20 31.41  nan
2017 4 28  nan 34.50 16.99 26.26  nan
2017 4 29  nan 38.62 22.14 29.35  nan
2017 4 30  nan 50.98 19.05 35.53  nan
2017 5 1  nan 54.07 29.35 39.65  nan
2017 5 2  nan 54.07 28.32 40.68  nan
2017 5 3  nan 60.25 26.26 42.74  nan
2017 5 4  nan 66.43 33.47 48.92  nan
2017 5 5  nan 68.49 37.59 52.01  nan
2017 5 6  nan 64.37 40.68 49.95  nan
2017 5 7  nan 62.31 36.56 49.95  nan
2017 5 8  nan 60.25 38.62 47.89  nan
2017 5 9  nan 59.22 36.56 45.83  nan
2017 5 10  nan 52.01 33.47 41.71  nan
2017 5 11  nan 64.37 32.44 47.89  nan
2017 5 12  nan 63.34 34.50 52.01  nan
2017 5 13  nan 58.19 31.41 47.89  nan
2017 5 14  nan 59.22 31.41 47.89  nan
2017 5 15  nan 57.16 35.53 47.89  nan
2017 5 16  nan 49.95 29.35 40.68  nan
2017 5 17  nan 40.68 25.23 32.44  nan
2017 5 18  nan 37.59 22.14 30.38  nan
2017 5 19  nan 42.74 26.26 33.47  nan
2017 5 20  nan 53.04 27.29 38.62  nan
2017 5 21  nan 47.89 30.38 38.62  nan
2017 5 22  nan 61.28 32.44 45.83  nan
2017 5 23  nan 62.31 35.53 47.89  nan
2017 5 24  nan 69.52 33.47 53.04  nan
2017 5 25  nan 61.28 35.53 50.98  nan
2017 5 26  nan 63.34 37.59 49.95  nan
2017 5 27  nan 59.22 31.41 45.83  nan
2017 5 28  nan 63.34 33.47 47.89  nan
2017 5 29  nan 68.49 38.62 52.01  nan
2017 5 30  nan 69.52 41.71 55.10  nan
2017 5 31  nan 70.55 40.68 54.07  nan
2017 6 1  nan 66.43 37.59 48.92  nan
2017 6 2  nan 68.49 38.62 52.01  nan
2017 6 3  nan 71.58 39.65 55.10  nan
2017 6 4  nan 74.67 42.74 58.19  nan
2017 6 5  nan 75.70 42.74 59.22  nan
2017 6 6  nan 74.67 45.83 60.25  nan
2017 6 7  nan 75.70 48.92 61.28  nan
2017 6 8  nan 72.61 42.74 59.22  nan
2017 6 9  nan 72.61 38.62 61.28  nan
2017 6 10  nan 72.61 50.98 62.31  nan
2017 6 11  nan 67.46 46.86 59.22  nan
2017 6 12  nan 58.19 28.32 47.89  nan
2017 6 13  nan 58.19 31.41 43.77  nan
2017 6 14  nan 68.49 34.50 49.95  nan
2017 6 15  nan 73.64 38.62 55.10  nan
2017 6 16  nan 75.70 42.74 58.19  nan
2017 6 17  nan 70.55 44.80 59.22  nan
2017 6 18  nan 76.73 44.80 60.25  nan
2017 6 19  nan 79.82 45.83 63.34  nan
2017 6 20  nan 82.91 48.92 65.40  nan
2017 6 21  nan 82.91 47.89 63.34  nan
2017 6 22  nan 77.76 48.92 62.31  nan
2017 6 23  nan 76.73 41.71 59.22  nan
2017 6 24  nan 76.73 37.59 57.16  nan
2017 6 25  nan 78.79 45.83 61.28  nan
2017 6 26  nan 78.79 46.86 62.31  nan
2017 6 27  nan 76.73 43.77 59.22  nan
2017 6 28  nan 75.70 44.80 59.22  nan
2017 6 29  nan 70.55 42.74 56.13  nan
2017 6 30  nan 72.61 39.65 56.13  nan
2017 7 1  nan 77.76 39.65 58.19  nan
2017 7 2  nan 75.70 46.86 60.25  nan
2017 7 3  nan 77.76 42.74 59.22  nan
2017 7 4  nan 80.85 46.86 62.31  nan
2017 7 5  nan 82.91 52.01 65.40  nan
2017 7 6  nan 84.97 52.01 65.40  nan
2017 7 7  nan 83.94 48.92 63.34  nan
2017 7 8  nan 77.76 49.95 59.22  nan
2017 7 9  nan 81.88 47.89 62.31  nan
2017 7 10  nan 77.76 52.01 62.31  nan
2017 7 11  nan 77.76 50.98 61.28  nan
2017 7 12  nan 70.55 45.83 57.16  nan
2017 7 13  nan 76.73 45.83 59.22  nan
2017 7 14  nan 77.76 47.89 61.28  nan
2017 7 15  nan 79.82 49.95 62.31  nan
2017 7 16  nan 79.82 47.89 58.19  nan
2017 7 17  nan 77.76 49.95 63.34  nan
2017 7 18  nan 81.88 50.98 64.37  nan
2017 7 19  nan 76.73 52.01 63.34  nan
2017 7 20  nan 75.70 47.89 58.19  nan
2017 7 21  nan 79.82 47.89 58.19  nan
2017 7 22  nan 79.82 46.86 61.28  nan
2017 7 23  nan 79.82 49.95 63.34  nan
2017 7 24  nan 78.79 47.89 60.25  nan
2017 7 25  nan 62.31 48.92 54.07  nan
2017 7 26  nan 68.49 46.86 57.16  nan
2017 7 27  nan 75.70 50.98 61.28  nan
2017 7 28  nan 71.58 47.89 59.22  nan
2017 7 29  nan 74.67 44.80 59.22  nan
2017 7 30  nan 75.70 48.92 60.25  nan
2017 7 31  nan 76.73 48.92 61.28  nan
2017 8 1  nan 77.76 48.92 62.31  nan
2017 8 2  nan 79.82 47.89 59.22  nan
2017 8 3  nan 77.76 45.83 57.16  nan
2017 8 4  nan 72.61 44.80 54.07  nan
2017 8 5  nan 72.61 43.77 55.10  nan
2017 8 6  nan 72.61 43.77 57.16  nan
2017 8 7  nan 67.46 42.74 54.07  nan
2017 8 8  nan 69.52 43.77 52.01  nan
2017 8 9  nan 71.58 42.74 57.16  nan
2017 8 10  nan 73.64 47.89 60.25  nan
2017 8 11  nan 74.67 49.95 58.19  nan
2017 8 12  nan 71.58 43.77 55.10  nan
2017 8 13  nan 71.58 42.74 55.10  nan
2017 8 14  nan 69.52 43.77 53.04  nan
2017 8 15  nan 64.37 42.74 52.01  nan
2017 8 16  nan 70.55 39.65 53.04  nan
2017 8 17  nan 72.61 44.80 57.16  nan
2017 8 18  nan 73.64 43.77 57.16  nan
2017 8 19  nan 72.61 44.80 57.16  nan
2017 8 20  nan 75.70 44.80 58.19  nan
2017 8 21  nan 73.64 47.89 56.13  nan
2017 8 22  nan 73.64 45.83 57.16  nan
2017 8 23  nan 71.58 43.77 57.16  nan
2017 8 24  nan 71.58 44.80 55.10  nan
2017 8 25  nan 76.73 42.74 57.16  nan
2017 8 26  nan 77.76 45.83 59.22  nan
2017 8 27  nan 79.82 49.95 62.31  nan
2017 8 28  nan 79.82 48.92 62.31  nan
2017 8 29  nan 78.79 47.89 58.19  nan
2017 8 30  nan 77.76 47.89 61.28  nan
2017 8 31  nan 63.34 44.80 54.07  nan
2017 9 1  nan 73.64 42.74 56.13  nan
2017 9 2  nan 77.76 46.86 59.22  nan
2017 9 3  nan 79.82 46.86 62.31  nan
2017 9 4  nan 80.85 48.92 61.28  nan
2017 9 5  nan 79.82 52.01 64.37  nan
2017 9 6  nan 77.76 47.89 61.28  nan
2017 9 7  nan 74.67 43.77 57.16  nan
2017 9 8  nan 71.58 43.77 55.10  nan
2017 9 9  nan 69.52 43.77 54.07  nan
2017 9 10  nan 73.64 41.71 55.10  nan
2017 9 11  nan 74.67 46.86 58.19  nan
2017 9 12  nan 75.70 44.80 55.10  nan
2017 9 13  nan 70.55 42.74 52.01  nan
2017 9 14  nan 61.28 40.68 46.86  nan
2017 9 15  nan 46.86 32.44 40.68  nan
2017 9 16  nan 55.10 30.38 40.68  nan
2017 9 17  nan 58.19 35.53 44.80  nan
2017 9 18  nan 61.28 35.53 49.95  nan
2017 9 19  nan 60.25 36.56 50.98  nan
2017 9 20  nan 60.25 34.50 50.98  nan
2017 9 21  nan 61.28 48.92 55.10  nan
2017 9 22  nan 54.07 35.53 45.83  nan
2017 9 23  nan 53.04 32.44 41.71  nan
2017 9 24  nan 36.56 24.20 31.41  nan
2017 9 25  nan 45.83 26.26 34.50  nan
2017 9 26  nan 49.95 33.47 40.68  nan
2017 9 27  nan 55.10 37.59 44.80  nan
2017 9 28  nan 47.89 33.47 39.65  nan
2017 9 29  nan 54.07 31.41 40.68  nan
2017 9 30  nan 52.01 33.47 42.74  nan
2017 10 1 0.10 45.83 27.29 37.59 0.00
2017 10 2 0.00 36.56 23.17 29.35 0.00
2017 10 3 0.00 49.95 22.14 35.53 0.00
2017 10 4 0.00 57.16 33.47 46.86 0.00
2017 10 5 0.00 59.22 30.38 43.77 0.00
2017 10 6 0.00 49.95 27.29 36.56 0.00
2017 10 7 0.00 55.10 27.29 38.62 0.00
2017 10 8 0.20 58.19 27.29 38.62 0.00
2017 10 9 0.40 37.59 24.20 29.35 0.00
2017 10 10 0.00 44.80 20.08 30.38 0.00
2017 10 11 0.00 49.95 24.20 38.62 0.00
2017 10 12 0.00 55.10 26.26 40.68 0.00
2017 10 13 0.00 52.01 23.17 38.62 0.00
2017 10 14 0.00 44.80 22.14 32.44 0.00
2017 10 15 0.00 55.10 22.14 34.50 0.00
2017 10 16 0.00 57.16 25.23 37.59 0.00
2017 10 17 0.00 59.22 29.35 40.68 0.00
2017 10 18 0.00 62.31 30.38 42.74 0.00
2017 10 19 0.00 58.19 35.53 47.89 0.00
2017 10 20 0.00 54.07 21.11 42.74 0.00
2017 10 21 0.00 42.74 15.96 28.32 0.00
2017 10 22 0.00 53.04 24.20 36.56 0.00
2017 10 23 0.00 60.25 29.35 43.77 0.00
2017 10 24 0.00 62.31 27.29 42.74 0.00
2017 10 25 0.00 56.13 28.32 39.65 0.00
2017 10 26 0.00 56.13 29.35 41.71 0.00
2017 10 27 0.00 53.04 26.26 37.59 0.00
2017 10 28 0.00 54.07 28.32 37.59 0.00
2017 10 29 0.00 56.13 25.23 37.59 0.00
2017 10 30 0.00 44.80 29.35 35.53 0.00
2017 10 31 0.10 50.98 28.32 37.59 0.00
2017 11 1 0.00 52.01 27.29 39.65 0.00
2017 11 2 0.00 52.01 28.32 41.71 0.00
2017 11 3 0.00 47.89 35.53 41.71 0.00
2017 11 4 0.10 45.83 33.47 38.62 0.00
2017 11 5 0.10 44.80 32.44 37.59 0.00
2017 11 6 0.00 43.77 27.29 34.50 0.00
2017 11 7 0.00 37.59 15.96 28.32 0.00
2017 11 8 0.00 42.74 13.90 25.23 0.00
2017 11 9 0.00 42.74 18.02 28.32 0.00
2017 11 10 0.00 43.77 22.14 31.41 0.00
2017 11 11 0.00 45.83 22.14 31.41 0.00
2017 11 12 0.00 44.80 21.11 31.41 0.00
2017 11 13 0.00 49.95 24.20 33.47 0.00
2017 11 14 0.00 49.95 24.20 34.50 0.00
2017 11 15 0.00 46.86 23.17 32.44 0.00
2017 11 16 0.00 44.80 23.17 36.56 0.00
2017 11 17 0.00 47.89 14.93 34.50 0.00
2017 11 18 0.00 35.53 6.69 19.05 0.00
2017 11 19 0.00 39.65 11.84 23.17 0.00
2017 11 20 0.10 41.71 20.08 29.35 0.00
2017 11 21 0.00 52.01 26.26 36.56 0.00
2017 11 22 0.00 57.16 28.32 39.65 0.00
2017 11 23 0.00 54.07 27.29 36.56 0.00
2017 11 24 0.00 53.04 26.26 38.62 0.00
2017 11 25 0.00 52.01 24.20 36.56 0.00
2017 11 26 0.00 50.98 27.29 37.59 0.00
2017 11 27 0.00 46.86 26.26 38.62 0.00
2017 11 28 0.00 43.77 21.11 30.38 0.00
2017 11 29 0.00 46.86 21.11 30.38 0.00
2017 11 30 0.00 42.74 19.05 28.32 0.00
2017 12 1 0.00 45.83 20.08 30.38 0.00
2017 12 2 0.00 44.80 21.11 32.44 0.00
2017 12 3 0.00 44.80 15.96 33.47 0.00
2017 12 4 0.00 29.35 6.69 16.99 0.00
2017 12 5 0.00 33.47 5.66 19.05 0.00
2017 12 6 0.00 29.35 7.72 20.08 0.00
2017 12 7 0.00 37.59 7.72 20.08 0.00
2017 12 8 0.00 47.89 18.02 29.35 0.00
2017 12 9 0.00 48.92 18.02 28.32 0.00
2017 12 10 0.00 46.86 15.96 27.29 0.00
2017 12 11 0.00 55.10 22.14 33.47 0.00
2017 12 12 0.00 54.07 24.20 34.50 0.00
2017 12 13 0.00 53.04 20.08 34.50 0.00
2017 12 14 0.00 40.68 14.93 25.23 0.00
2017 12 15 0.00 41.71 12.87 23.17 0.00
2017 12 16 0.00 36.56 21.11 26.26 0.00
2017 12 17 0.00 35.53 13.90 22.14 0.00
2017 12 18 0.00 40.68 13.90 24.20 0.00
2017 12 19 0.00 44.80 16.99 26.26 0.00
2017 12 20 0.20 33.47 23.17 28.32 0.00
2017 12 21 0.10 24.20 1.54 14.93 0.00
2017 12 22 0.00 33.47 3.60 16.99 0.10
2017 12 23 0.00 30.38 5.66 22.14 0.10
2017 12 24 0.00 29.35 1.54 20.08 0.10
2017 12 25 0.00 38.62 18.02 29.35 0.00
2017 12 26 0.00 38.62 12.87 24.20 0.00
2017 12 27 0.00 40.68 11.84 24.20 0.00
2017 12 28 0.00 43.77 14.93 25.23 0.00
2017 12 29 0.00 45.83 15.96 27.29 0.00
2017 12 30 0.00 45.83 15.96 30.38 0.00
2017 12 31 0.00 41.71 15.96 27.29 0.00
2018 1 1 0.00 41.71 14.93 28.32 0.00
2018 1 2 0.00 41.71 12.87 23.17 0.00
2018 1 3 0.00 42.74 11.84 23.17 0.00
2018 1 4 0.00 43.77 15.96 26.26 0.00
2018 1 5 0.00 43.77 20.08 28.32 0.00
2018 1 6 0.00 34.50 20.08 28.32 0.00
2018 1 7 0.00 41.71 12.87 24.20 0.00
2018 1 8 0.20 37.59 15.96 26.26 0.00
2018 1 9 0.60 33.47 28.32 30.38 0.00
2018 1 10 0.20 34.50 19.05 29.35 0.60
2018 1 11 0.00 32.44 10.81 22.14 0.80
2018 1 12 0.00 40.68 13.90 26.26 0.80
2018 1 13 0.00 38.62 11.84 24.20 0.80
2018 1 14 0.00 45.83 13.90 25.23 0.80
2018 1 15 0.00 39.65 19.05 27.29 0.80
2018 1 16 0.00 37.59 8.75 22.14 0.80
2018 1 17 0.00 45.83 15.96 26.26 0.80
2018 1 18 0.00 41.71 18.02 28.32 0.80
2018 1 19 0.00 35.53 21.11 28.32 0.80
2018 1 20 0.90 34.50 8.75 26.26 0.80
2018 1 21 0.00 26.26 -1.55 13.90 1.70
2018 1 22 0.00 27.29 -4.64 9.78 1.70
2018 1 23 0.00 31.41 2.57 13.90 1.70
2018 1 24 0.00 32.44 4.63 15.96 1.70
2018 1 25 0.10 29.35 12.87 24.20 1.70
2018 1 26 0.00 30.38 1.54 15.96 1.80
2018 1 27 0.00 30.38 -0.52 14.93 1.80
2018 1 28 0.00 41.71 11.84 25.23 1.80
2018 1 29 0.00 44.80 16.99 28.32 1.80
2018 1 30 0.00 42.74 19.05 28.32 1.80
2018 1 31 0.00 45.83 18.02 30.38 1.80
2018 2 1 0.00 43.77 25.23 34.50 1.80
2018 2 2 0.00 45.83 23.17 32.44 1.80
2018 2 3 0.00 45.83 25.23 34.50 1.80
2018 2 4 0.00 44.80 28.32 35.53 1.80
2018 2 5 0.00 43.77 24.20 33.47 1.80
2018 2 6 0.00 34.50 13.90 24.20 1.80
2018 2 7 0.00 42.74 13.90 26.26 1.80
2018 2 8 0.00 43.77 19.05 29.35 1.80
2018 2 9 0.00 43.77 21.11 31.41 1.80
2018 2 10 0.00 34.50 10.81 26.26 1.80
2018 2 11 0.00 27.29 4.63 18.02 1.80
2018 2 12 0.20 33.47 23.17 26.26 1.80
2018 2 13 0.00 31.41 18.02 27.29 1.90
2018 2 14 0.50 31.41 27.29 29.35 1.90
2018 2 15 0.00 29.35 0.51 19.05 2.40
2018 2 16 0.00 28.32 -2.58 12.87 2.40
2018 2 17 0.10 37.59 5.66 23.17 2.40
2018 2 18 0.00 42.74 28.32 34.50 2.50
2018 2 19 0.10 32.44 0.51 20.08 2.50
2018 2 20 0.00 20.08 -9.79 3.60 2.60
2018 2 21 0.00 22.14 -7.73 8.75 2.60
2018 2 22 0.30 20.08 3.60 12.87 2.60
2018 2 23 0.50 24.20 -8.76 10.81 2.90
2018 2 24 0.00 20.08 -11.85 5.66 3.40
2018 2 25 0.10 24.20 -7.73 9.78 3.40
2018 2 26 0.00 30.38 1.54 19.05 3.50
2018 2 27 0.00 37.59 6.69 21.11 3.50
2018 2 28 0.00 36.56 5.66 20.08 3.50
2018 3 1 0.20 29.35 8.75 22.14 3.50
2018 3 2 0.00 41.71 23.17 34.50 3.70
2018 3 3 0.00 41.71 32.44 36.56 3.70
2018 3 4 0.10 33.47 1.54 20.08 3.70
2018 3 5 0.00 31.41 -2.58 11.84 3.80
2018 3 6 0.00 37.59 -0.52 18.02 3.80
2018 3 7 0.00 43.77 6.69 24.20 3.80
2018 3 8 0.00 44.80 14.93 29.35 3.80
2018 3 9 0.00 46.86 21.11 33.47 3.80
2018 3 10 0.00 47.89 21.11 33.47 3.80
2018 3 11 0.10 47.89 23.17 34.50 3.70
2018 3 12 0.00 46.86 23.17 33.47 3.80
2018 3 13 0.00 47.89 27.29 36.56 3.60
2018 3 14 0.20 46.86 31.41 38.62 3.40
2018 3 15 0.30 38.62 23.17 29.35 3.30
2018 3 16 0.00 36.56 10.81 27.29 3.60
2018 3 17 0.30 38.62 25.23 31.41 3.60
2018 3 18 0.30 31.41 7.72 22.14 3.90
2018 3 19 0.00 36.56 5.66 22.14 4.20
2018 3 20 0.00 38.62 9.78 25.23 4.20
2018 3 21 0.10 42.74 21.11 33.47 4.20
2018 3 22 0.20 43.77 28.32 39.65 4.10
2018 3 23 0.10 44.80 26.26 35.53 3.60
2018 3 24 0.00 41.71 24.20 36.56 3.70
2018 3 25 0.00 42.74 23.17 33.47 3.70
2018 3 26 0.00 36.56 14.93 25.23 3.70
2018 3 27 0.00 45.83 13.90 28.32 3.70
2018 3 28 0.00 43.77 23.17 34.50 3.20
2018 3 29 0.00 45.83 22.14 33.47 2.80
2018 3 30 0.00 49.95 23.17 35.53 2.60
2018 3 31 0.00 55.10 25.23 39.65 2.00
2018 4 1 0.00 56.13 28.32 42.74 0.90
2018 4 2 0.00 53.04 24.20 40.68 0.10
2018 4 3 0.00 39.65 14.93 27.29 0.00
2018 4 4 0.00 47.89 19.05 33.47 0.00
2018 4 5 0.00 49.95 25.23 37.59 0.00
2018 4 6 0.00 48.92 31.41 40.68 0.00
2018 4 7 1.10 45.83 34.50 39.65 0.00
2018 4 8 0.00 43.77 27.29 34.50 0.00
2018 4 9 0.00 48.92 26.26 35.53 0.00
2018 4 10 0.00 52.01 24.20 38.62 0.00
2018 4 11 0.00 60.25 31.41 48.92 0.00
2018 4 12 0.00 52.01 18.02 36.56 0.00
2018 4 13 0.00 36.56 18.02 27.29 0.00
2018 4 14 0.00 48.92 15.96 31.41 0.00
2018 4 15 0.00 52.01 27.29 42.74 0.00
2018 4 16 0.00 56.13 41.71 48.92 0.00
2018 4 17 0.00 42.74 15.96 29.35 0.00
2018 4 18 0.00 43.77 14.93 29.35 0.00
2018 4 19 0.00 50.98 26.26 40.68 0.00
2018 4 20 0.30 41.71 27.29 34.50 0.00
2018 4 21 0.00 58.19 26.26 39.65 0.30
2018 4 22 0.00 59.22 29.35 43.77 0.00
2018 4 23 0.00 59.22 31.41 44.80 0.00
2018 4 24 0.00 48.92 33.47 40.68 0.00
2018 4 25 0.00 57.16 31.41 44.80 0.00
2018 4 26 0.00 60.25 34.50 47.89 0.00
2018 4 27 0.00 64.37 33.47 48.92 0.00
2018 4 28 0.00 64.37 37.59 50.98 0.00
2018 4 29 0.00 55.10 32.44 44.80 0.00
2018 4 30 0.10 44.80 29.35 35.53 0.00
2018 5 1 0.10 47.89 27.29 35.53 0.00
2018 5 2 0.30 39.65 31.41 34.50 0.00
2018 5 3 0.00 50.98 30.38 38.62 0.00
2018 5 4 0.00 57.16 28.32 42.74 0.00
2018 5 5 0.00 62.31 33.47 47.89 0.00
2018 5 6 0.00 65.40 37.59 50.98 0.00
2018 5 7 0.00 68.49 38.62 53.04 0.00
2018 5 8 0.00 71.58 39.65 54.07 0.00
2018 5 9 0.00 71.58 40.68 57.16 0.00
2018 5 10 0.00 71.58 42.74 55.10 0.00
2018 5 11 0.00 56.13 41.71 47.89 0.00
2018 5 12 0.00 54.07 31.41 44.80 0.00
2018 5 13 0.00 55.10 31.41 42.74 0.00
2018 5 14 0.00 59.22 34.50 46.86 0.00
2018 5 15 0.00 62.31 38.62 49.95 0.00
2018 5 16 0.00 65.40 35.53 50.98 0.00
2018 5 17 0.00 64.37 34.50 49.95 0.00
2018 5 18 0.00 61.28 36.56 46.86 0.00
2018 5 19 0.10 60.25 36.56 47.89 0.00
2018 5 20 0.00 66.43 35.53 47.89 0.00
2018 5 21 0.00 62.31 38.62 50.98 0.00
2018 5 22 0.00 58.19 36.56 47.89 0.00
2018 5 23 0.00 59.22 34.50 46.86 0.00
2018 5 24 0.00 69.52 36.56 52.01 0.00
2018 5 25 0.00 69.52 39.65 55.10 0.00
2018 5 26 0.00 67.46 36.56 54.07 0.00
2018 5 27 0.00 62.31 34.50 47.89 0.00
2018 5 28 0.00 61.28 35.53 45.83 0.00
2018 5 29 0.00 63.34 34.50 48.92 0.00
2018 5 30 0.00 70.55 38.62 52.01 0.00
2018 5 31 0.00 68.49 38.62 56.13 0.00
2018 6 1 0.00 63.34 32.44 50.98 0.00
2018 6 2 0.00 70.55 38.62 54.07 0.00
2018 6 3 0.00 73.64 42.74 58.19 0.00
2018 6 4 0.00 77.76 37.59 57.16 0.00
2018 6 5 0.00 77.76 41.71 59.22 0.00
2018 6 6 0.00 73.64 43.77 59.22 0.00
2018 6 7 0.00 73.64 40.68 58.19 0.00
2018 6 8 0.00 73.64 40.68 57.16 0.00
2018 6 9 0.00 73.64 41.71 61.28 0.00
2018 6 10 0.00 68.49 35.53 56.13 0.00
2018 6 11 0.00 69.52 32.44 50.98 0.00
2018 6 12 0.00 77.76 40.68 58.19 0.00
2018 6 13 0.00 79.82 45.83 63.34 0.00
2018 6 14 0.00 78.79 43.77 60.25 0.00
2018 6 15 0.00 76.73 40.68 61.28 0.00
2018 6 16 0.30 68.49 45.83 56.13 0.00
2018 6 17 0.00 66.43 48.92 57.16 0.00
2018 6 18 0.00 66.43 42.74 55.10 0.00
2018 6 19 0.00 68.49 40.68 53.04 0.00
2018 6 20 0.00 74.67 35.53 55.10 0.00
2018 6 21 0.00 78.79 41.71 60.25 0.00
2018 6 22 0.00 73.64 45.83 60.25 0.00
2018 6 23 0.00 75.70 42.74 59.22 0.00
2018 6 24 0.00 70.55 37.59 54.07 0.00
2018 6 25 0.00 77.76 40.68 58.19 0.00
2018 6 26 0.00 82.91 44.80 63.34 0.00
2018 6 27 0.00 83.94 47.89 64.37 0.00
2018 6 28 0.00 79.82 40.68 62.31 0.00
2018 6 29 0.00 74.67 40.68 57.16 0.00
2018 6 30 0.00 69.52 38.62 54.07 0.00
2018 7 1 0.00 74.67 42.74 59.22 0.00
2018 7 2 0.00 78.79 41.71 60.25 0.00
2018 7 3 0.00 78.79 44.80 61.28 0.00
2018 7 4 0.00 77.76 42.74 61.28 0.00
2018 7 5 0.00 80.85 47.89 63.34 0.00
2018 7 6 0.00 82.91 53.04 66.43 0.00
2018 7 7 0.00 81.88 47.89 64.37 0.00
2018 7 8 0.00 84.97 48.92 65.40 0.00
2018 7 9 0.00 81.88 52.01 64.37 0.00
2018 7 10 0.20 83.94 48.92 65.40 0.00
2018 7 11 0.10 80.85 52.01 63.34 0.00
2018 7 12 0.10 73.64 48.92 59.22 0.00
2018 7 13 0.10 78.79 50.98 61.28 0.00
2018 7 14 0.00 75.70 53.04 61.28 0.00
2018 7 15 0.70 76.73 50.98 61.28 0.00
2018 7 16 0.00 77.76 49.95 60.25 0.00
2018 7 17 0.00 76.73 46.86 60.25 0.00
2018 7 18 0.00 82.91 49.95 64.37 0.00
2018 7 19 0.30 83.94 50.98 65.40 0.00
2018 7 20 0.00 78.79 49.95 63.34 0.00
2018 7 21 0.00 77.76 50.98 64.37 0.00
2018 7 22 0.00 79.82 50.98 65.40 0.00
2018 7 23 0.10 78.79 53.04 64.37 0.00
2018 7 24 0.00 81.88 54.07 66.43 0.00
2018 7 25 0.00 77.76 53.04 62.31 0.00
2018 7 26 0.00 78.79 50.98 63.34 0.00
2018 7 27 0.00 79.82 48.92 63.34 0.00
2018 7 28 0.00 77.76 46.86 58.19 0.00
2018 7 29 0.00 80.85 44.80 61.28 0.00
2018 7 30 0.10 79.82 52.01 64.37 0.00
2018 7 31 0.00 83.94 47.89 64.37 0.00
2018 8 1 0.10 76.73 50.98 62.31 0.00
2018 8 2 0.00 74.67 49.95 62.31 0.00
2018 8 3 0.00 76.73 48.92 62.31 0.00
2018 8 4 0.30 73.64 44.80 55.10 0.00
2018 8 5 0.00 77.76 45.83 59.22 0.00
2018 8 6 0.00 79.82 48.92 63.34 0.00
2018 8 7 0.00 79.82 45.83 62.31 0.00
2018 8 8 0.00 82.91 45.83 63.34 0.00
2018 8 9 0.00 81.88 52.01 65.40 0.00
2018 8 10 0.00 82.91 53.04 66.43 0.00
2018 8 11 0.00 81.88 45.83 62.31 0.00
2018 8 12 0.00 82.91 48.92 64.37 0.00
2018 8 13 0.00 78.79 47.89 62.31 0.00
2018 8 14 0.00 75.70 49.95 61.28 0.00
2018 8 15 0.00 78.79 49.95 63.34 0.00
2018 8 16 0.00 74.67 49.95 62.31 0.00
2018 8 17 0.10 77.76 46.86 61.28 0.00
2018 8 18 0.00 73.64 44.80 58.19 0.00
2018 8 19 0.00 72.61 41.71 58.19 0.00
2018 8 20 0.10 74.67 45.83 59.22 0.00
2018 8 21 0.70 60.25 47.89 52.01 0.00
2018 8 22 0.40 58.19 42.74 52.01 0.00
2018 8 23 0.20 66.43 38.62 52.01 0.00
2018 8 24 0.00 70.55 44.80 56.13 0.00
2018 8 25 0.00 73.64 44.80 57.16 0.00
2018 8 26 0.00 72.61 42.74 57.16 0.00
2018 8 27 0.00 71.58 45.83 59.22 0.00
2018 8 28 0.00 68.49 41.71 54.07 0.00
2018 8 29 0.00 71.58 42.74 55.10 0.00
2018 8 30 0.00 72.61 43.77 58.19 0.00
2018 8 31 0.00 73.64 41.71 55.10 0.00
2018 9 1 0.00 70.55 40.68 53.04 0.00
2018 9 2 0.10 69.52 40.68 52.01 0.00
2018 9 3 0.00 72.61 41.71 54.07 0.00
2018 9 4 0.00 71.58 41.71 55.10 0.00
2018 9 5 0.00 68.49 39.65 52.01 0.00
2018 9 6 0.10 68.49 43.77 52.01 0.00
2018 9 7 0.00 72.61 42.74 55.10 0.00
2018 9 8 0.00  nan  nan  nan 0.00
2018 9 9 0.00  nan  nan  nan 0.00
2018 9 10 0.00 75.70 43.77 59.22 0.00
2018 9 11 0.00 74.67 43.77 58.19 0.00
2018 9 12 0.00 71.58 40.68 59.22 0.00
2018 9 13 0.00 70.55 44.80 60.25 0.00
2018 9 14 0.00 70.55 37.59 53.04 0.00
2018 9 15 0.00 73.64 38.62 59.22 0.00
2018 9 16 0.00 73.64 42.74 56.13 0.00
2018 9 17 0.00 71.58 42.74 55.10 0.00
2018 9 18 0.00 73.64 40.68 56.13 0.00
2018 9 19 0.00 70.55 38.62 55.10 0.00
2018 9 20 0.00 65.40 34.50 47.89 0.00
2018 9 21 0.00 67.46 35.53 48.92 0.00
2018 9 22 0.00 68.49 37.59 50.98 0.00
2018 9 23 0.00 67.46 36.56 53.04 0.00
2018 9 24 0.00 65.40 37.59 50.98 0.00
2018 9 25 0.00 62.31 30.38 45.83 0.00
2018 9 26 0.00 64.37 30.38 45.83 0.00
2018 9 27 0.00 68.49 33.47 50.98 0.00
2018 9 28 0.00 70.55 33.47 49.95 0.00
2018 9 29 0.10 68.49 36.56 56.13 0.00
2018 9 30 0.00 64.37 48.92 57.16 0.00
