2016 10 5  nan 43.77 28.32 34.50  nan
2016 10 6 0.00 40.68 25.23 31.41 0.00
2016 10 7 0.10 50.98 29.35 40.68 0.00
2016 10 8 0.00 58.19 40.68 46.86 0.00
2016 10 9 0.00 56.13 41.71 47.89 0.00
2016 10 10 0.00 55.10 42.74 48.92 0.00
2016 10 11 0.00 55.10 40.68 46.86 0.00
2016 10 12 0.00 56.13 37.59 45.83 0.00
2016 10 13 0.00 55.10 40.68 47.89 0.00
2016 10 14 0.00 56.13 46.86 50.98 0.00
2016 10 15 0.00 61.28 45.83 52.01 0.00
2016 10 16 0.00 58.19 43.77 48.92 0.00
2016 10 17 0.00 47.89 32.44 37.59 0.00
2016 10 18 0.00 45.83 28.32 36.56 0.00
2016 10 19 0.00 38.62 24.20 30.38 0.00
2016 10 20 0.00 55.10 29.35 43.77 0.00
2016 10 21 0.00 61.28 42.74 49.95 0.00
2016 10 22 0.00 58.19 43.77 49.95 0.00
2016 10 23 0.00 60.25 43.77 48.92 0.00
2016 10 24 0.30 47.89 38.62 41.71 0.00
2016 10 25 0.00 47.89 35.53 40.68 0.00
2016 10 26 0.00 55.10 35.53 45.83 0.00
2016 10 27 0.00 57.16 43.77 48.92 0.00
2016 10 28 0.10 55.10 40.68 46.86 0.00
2016 10 29 0.00 53.04 40.68 45.83 0.00
2016 10 30 0.00 49.95 43.77 45.83 0.00
2016 10 31 0.00 44.80 34.50 38.62 0.00
2016 11 1 0.30 39.65 26.26 32.44 0.00
2016 11 2 0.00 39.65 25.23 32.44 0.00
2016 11 3 0.20 47.89 35.53 41.71 0.00
2016 11 4 0.10 46.86 36.56 40.68 0.00
2016 11 5 0.00 47.89 36.56 40.68 0.00
2016 11 6 0.00 48.92 35.53 40.68 0.00
2016 11 7 0.00 49.95 33.47 41.71 0.00
2016 11 8 0.00 53.04 37.59 44.80 0.00
2016 11 9 0.00 49.95 38.62 43.77 0.00
2016 11 10 0.00 52.01 38.62 43.77 0.00
2016 11 11 0.00 47.89 37.59 42.74 0.00
2016 11 12 0.00 47.89 35.53 40.68 0.00
2016 11 13 0.00 45.83 32.44 39.65 0.00
2016 11 14 0.00 56.13 38.62 45.83 0.00
2016 11 15 0.00 60.25 42.74 50.98 0.00
2016 11 16 0.10 52.01 18.02 37.59 0.00
2016 11 17 0.40 19.05 7.72 13.90 0.00
2016 11 18 0.20 31.41 7.72 22.14 0.40
2016 11 19 0.10 46.86 29.35 38.62 0.70
2016 11 20 0.00 44.80 34.50 39.65 0.80
2016 11 21 1.00 34.50 25.23 30.38 0.80
2016 11 22 0.70 33.47 20.08 24.20 1.80
2016 11 23 0.30 36.56 15.96 25.23 1.70
2016 11 24 0.10 31.41 11.84 22.14 2.00
2016 11 25 0.00 37.59 27.29 31.41 2.10
2016 11 26 0.00 37.59 24.20 30.38 2.10
2016 11 27 0.50 25.23 18.02 20.08 2.10
2016 11 28 1.00 21.11 11.84 15.96 2.50
2016 11 29 0.10 20.08 4.63 12.87 3.50
2016 11 30 0.00 26.26 4.63 14.93 3.60
2016 12 1 0.00 25.23 11.84 16.99 3.60
2016 12 2 0.00 18.02 5.66 10.81 3.60
2016 12 3 0.00 23.17 5.66 14.93 3.60
2016 12 4 0.00 40.68 18.02 31.41 3.60
2016 12 5 0.00 33.47 13.90 21.11 3.60
2016 12 6 0.00 27.29 5.66 16.99 3.60
2016 12 7 0.00 14.93 0.51 6.69 3.60
2016 12 8 0.30 32.44 9.78 25.23 3.60
2016 12 9 0.00 39.65 29.35 34.50 3.90
2016 12 10 0.40 40.68 28.32 37.59 3.90
2016 12 11 0.50 31.41 26.26 28.32 3.90
2016 12 12 0.00 33.47 21.11 28.32 4.20
2016 12 13 0.00 34.50 23.17 29.35 4.20
2016 12 14 0.00 41.71 29.35 35.53 4.20
2016 12 15 0.10 41.71 31.41 37.59 4.20
2016 12 16 1.70 37.59 12.87 27.29 4.40
2016 12 17 0.00 12.87 -3.61 1.54 5.60
2016 12 18 0.00 19.05 -2.58 6.69 5.60
2016 12 19 0.30 41.71 11.84 27.29 5.60
2016 12 20 0.00 43.77 28.32 34.50 6.00
2016 12 21 0.00 35.53 22.14 28.32 6.00
2016 12 22 0.50 33.47 23.17 27.29 6.00
2016 12 23 0.10 36.56 19.05 25.23 6.50
2016 12 24 0.50 28.32 14.93 24.20 6.60
2016 12 25 0.50 18.02 5.66 10.81 7.10
2016 12 26 0.00 22.14 -0.52 9.78 7.40
2016 12 27 0.00 36.56 16.99 28.32 7.40
2016 12 28 0.00 32.44 24.20 28.32 7.40
2016 12 29 0.00 43.77 25.23 32.44 7.40
2016 12 30 0.00 40.68 25.23 31.41 7.40
2016 12 31 0.00 35.53 19.05 25.23 7.40
2017 1 1 0.00 32.44 15.96 23.17 7.40
2017 1 2 0.00 23.17 19.05 21.11 7.40
2017 1 3 0.10 27.29 18.02 21.11 7.40
2017 1 4 0.20 29.35 24.20 27.29 7.50
2017 1 5 0.50 27.29 -6.70 11.84 7.70
2017 1 6 0.00 19.05 -7.73 8.75 8.20
2017 1 7 0.10 30.38 13.90 25.23 8.20
2017 1 8 1.00 39.65 29.35 34.50 8.20
2017 1 9 0.20 39.65 24.20 31.41 9.10
2017 1 10 0.00 33.47 24.20 28.32 9.30
2017 1 11 0.30 31.41 21.11 26.26 9.30
2017 1 12 0.50 28.32 22.14 24.20 9.60
2017 1 13 0.00 31.41 21.11 24.20 10.10
2017 1 14 0.00 29.35 19.05 23.17 10.10
2017 1 15 0.00 31.41 8.75 23.17 10.10
2017 1 16 0.00 29.35 5.66 18.02 10.10
2017 1 17 0.00 37.59 18.02 26.26 10.10
2017 1 18 0.00 47.89 21.11 30.38 10.10
2017 1 19 0.80 28.32 19.05 24.20 10.10
2017 1 20 0.40 22.14 14.93 20.08 10.80
2017 1 21 0.90 21.11 8.75 16.99 11.20
2017 1 22 0.20 26.26 8.75 19.05 12.10
2017 1 23 0.60 25.23 13.90 19.05 12.30
2017 1 24 0.00 21.11 6.69 11.84 12.90
2017 1 25 0.00 19.05 -0.52 8.75 12.90
2017 1 26 0.00 15.96 -0.52 7.72 12.90
2017 1 27 0.00 21.11 -0.52 9.78 12.90
2017 1 28 0.40 31.41 14.93 22.14 12.90
2017 1 29 0.00 39.65 24.20 31.41 13.10
2017 1 30 0.00 45.83 28.32 34.50 13.10
2017 1 31 0.00 42.74 30.38 35.53 13.10
2017 2 1 0.00 46.86 29.35 35.53 13.10
2017 2 2 0.00 33.47 25.23 29.35 13.10
2017 2 3 0.00 34.50 25.23 30.38 13.10
2017 2 4 0.00 39.65 27.29 31.41 13.10
2017 2 5 0.00 41.71 25.23 33.47 13.10
2017 2 6 0.00 34.50 28.32 30.38 13.10
2017 2 7 0.00 34.50 28.32 32.44 13.10
2017 2 8 0.00 43.77 30.38 36.56 13.10
2017 2 9 0.00 50.98 37.59 42.74 12.90
2017 2 10 0.10 44.80 32.44 38.62 12.60
2017 2 11 0.30 35.53 21.11 26.26 12.70
2017 2 12 0.00 31.41 22.14 26.26 13.20
2017 2 13 0.00 38.62 24.20 29.35 13.20
2017 2 14 0.00 42.74 20.08 29.35 13.20
2017 2 15 0.00 48.92 22.14 33.47 13.20
2017 2 16 0.00 49.95 27.29 35.53 13.20
2017 2 17 0.30 35.53 26.26 29.35 13.20
2017 2 18 0.00 34.50 26.26 29.35 13.40
2017 2 19 0.00 34.50 24.20 29.35 13.40
2017 2 20 0.00 41.71 22.14 31.41 13.40
2017 2 21 0.00 47.89 30.38 36.56 13.40
2017 2 22 0.40 35.53 10.81 24.20 13.40
2017 2 23 0.40 20.08 6.69 11.84 13.80
2017 2 24 0.10 21.11 0.51 7.72 14.20
2017 2 25 0.20 18.02 0.51 9.78 14.30
2017 2 26 0.00 29.35 3.60 15.96 14.50
2017 2 27 0.30 22.14 10.81 18.02 14.50
2017 2 28 0.00 21.11 8.75 11.84 14.80
2017 3 1 0.00 30.38 7.72 16.99 14.80
2017 3 2 0.00 38.62 16.99 27.29 14.80
2017 3 3 0.00 45.83 23.17 34.50 14.80
2017 3 4 0.00 42.74 27.29 34.50 14.80
2017 3 5 0.60 38.62 8.75 28.32 14.80
2017 3 6 0.40 26.26 5.66 11.84 15.40
2017 3 7 0.10 34.50 11.84 25.23 15.60
2017 3 8 0.00 47.89 27.29 36.56 15.70
2017 3 9 0.00 52.01 31.41 39.65 15.70
2017 3 10 0.00 52.01 34.50 40.68 15.70
2017 3 11 0.00 49.95 30.38 37.59 15.60
2017 3 12 0.00 45.83 32.44 37.59 15.50
2017 3 13 0.00 52.01 32.44 40.68 15.50
2017 3 14 0.00 56.13 37.59 45.83 15.30
2017 3 15 0.00 54.07 37.59 44.80 15.10
2017 3 16 0.00 53.04 37.59 44.80 14.70
2017 3 17 0.00 59.22 36.56 45.83 14.40
2017 3 18 0.00 60.25 38.62 46.86 14.10
2017 3 19 0.00 56.13 39.65 45.83 13.60
2017 3 20 0.00 50.98 41.71 44.80 13.10
2017 3 21 0.00 52.01 38.62 42.74 12.90
2017 3 22 0.30 52.01 28.32 38.62 12.50
2017 3 23 1.00 31.41 23.17 25.23 12.70
2017 3 24 0.00 45.83 16.99 32.44 13.70
2017 3 25 0.30 36.56 22.14 31.41 13.70
2017 3 26 0.10 42.74 21.11 29.35 14.00
2017 3 27 0.90 38.62 24.20 29.35 14.10
2017 3 28 0.00 33.47 21.11 24.20 15.00
2017 3 29 0.00 44.80 21.11 32.44 15.00
2017 3 30 0.30 44.80 21.11 34.50 15.00
2017 3 31 0.60 34.50 25.23 29.35 15.30
2017 4 1 0.00 41.71 27.29 31.41 15.90
2017 4 2 0.10 44.80 27.29 31.41 15.90
2017 4 3 0.00 40.68 20.08 27.29 15.90
2017 4 4 0.00 30.38 15.96 21.11 15.90
2017 4 5 0.00 46.86 24.20 34.50 15.90
2017 4 6 0.00 54.07 33.47 42.74 15.80
2017 4 7 0.10 52.01 38.62 43.77 15.30
2017 4 8 0.40 44.80 18.02 34.50 14.60
2017 4 9 0.20 32.44 12.87 21.11 14.90
2017 4 10 0.00 44.80 20.08 32.44 15.00
2017 4 11 0.00 48.92 29.35 37.59 15.00
2017 4 12 0.10 55.10 30.38 42.74 15.00
2017 4 13 0.00 55.10 33.47 43.77 14.80
2017 4 14 0.00 44.80 27.29 34.50 14.50
2017 4 15 0.00 44.80 22.14 33.47 14.20
2017 4 16 0.00 54.07 33.47 42.74 13.80
2017 4 17 0.00 53.04 37.59 44.80 12.80
2017 4 18 1.00 54.07 27.29 40.68 11.90
2017 4 19 0.10 44.80 26.26 34.50 11.70
2017 4 20 0.60 45.83 24.20 34.50 11.60
2017 4 21 0.00 36.56 20.08 27.29 11.90
2017 4 22 0.00 52.01 20.08 36.56 11.70
2017 4 23 0.10 55.10 32.44 41.71 11.40
2017 4 24 0.20 41.71 26.26 34.50 10.90
2017 4 25 0.30 33.47 24.20 27.29 11.20
2017 4 26 0.40 43.77 24.20 33.47 11.40
2017 4 27 0.60 33.47 20.08 25.23 11.50
2017 4 28 0.40 27.29 15.96 20.08 12.20
2017 4 29 0.10 34.50 19.05 26.26 12.60
2017 4 30 0.00 45.83 25.23 35.53 12.70
2017 5 1 0.00 47.89 32.44 38.62 12.50
2017 5 2 0.00 48.92 34.50 40.68 12.10
2017 5 3 0.00 54.07 34.50 42.74 11.50
2017 5 4 0.00 60.25 37.59 48.92 10.80
2017 5 5 0.00 66.43 45.83 54.07 9.50
2017 5 6 0.00 58.19 40.68 49.95 8.20
2017 5 7 0.00 54.07 37.59 44.80 7.40
2017 5 8 0.10 53.04 32.44 40.68 6.40
2017 5 9 0.00 53.04 35.53 42.74 6.00
2017 5 10 0.00 50.98 35.53 42.74 5.10
2017 5 11 0.00 59.22 38.62 48.92 4.10
2017 5 12 0.00 61.28 43.77 50.98 2.70
2017 5 13 0.00 46.86 30.38 41.71 1.60
2017 5 14 0.00 54.07 31.41 42.74 0.50
2017 5 15 0.00 49.95 30.38 38.62 0.00
2017 5 16 0.00 46.86 28.32 37.59 0.00
2017 5 17 0.60 34.50 18.02 24.20 0.00
2017 5 18 0.40 32.44 18.02 24.20 0.50
2017 5 19 0.00 38.62 24.20 31.41 0.80
2017 5 20 0.10 47.89 30.38 38.62 0.70
2017 5 21 0.00 49.95 36.56 42.74 0.00
2017 5 22 0.00 54.07 35.53 44.80 0.00
2017 5 23 0.00 59.22 41.71 50.98 0.00
2017 5 24 0.00 66.43 45.83 55.10 0.00
2017 5 25 0.00 54.07 41.71 46.86 0.00
2017 5 26 0.00 56.13 32.44 45.83 0.00
2017 5 27 0.00 50.98 32.44 40.68 0.00
2017 5 28 0.00 57.16 36.56 47.89 0.00
2017 5 29 0.00 60.25 42.74 52.01 0.00
2017 5 30 0.00 67.46 47.89 55.10 0.00
2017 5 31 0.00 64.37 47.89 54.07 0.00
2017 6 1 0.00 57.16 45.83 49.95 0.00
2017 6 2 0.00 63.34 42.74 53.04 0.00
2017 6 3 0.00 66.43 48.92 58.19 0.00
2017 6 4 0.00 71.58 54.07 61.28 0.00
2017 6 5 0.00 67.46 52.01 59.22 0.00
2017 6 6 0.00 69.52 52.01 59.22 0.00
2017 6 7 0.00 71.58 52.01 60.25 0.00
2017 6 8 0.00 68.49 47.89 58.19 0.00
2017 6 9 0.00 69.52 50.98 58.19 0.00
2017 6 10 0.00 66.43 47.89 56.13 0.00
2017 6 11 0.00 63.34 43.77 53.04 0.00
2017 6 12 0.00 46.86 33.47 40.68 0.00
2017 6 13 0.00 55.10 32.44 44.80 0.00
2017 6 14 0.00 61.28 40.68 52.01 0.00
2017 6 15 0.00 68.49 46.86 57.16 0.00
2017 6 16 0.00 70.55 49.95 60.25 0.00
2017 6 17 0.00 66.43 54.07 59.22 0.00
2017 6 18 0.00 67.46 48.92 57.16 0.00
2017 6 19 0.00 74.67 50.98 63.34 0.00
2017 6 20 0.00 77.76 57.16 66.43 0.00
2017 6 21 0.00 78.79 57.16 67.46 0.00
2017 6 22 0.00 69.52 53.04 61.28 0.00
2017 6 23 0.00 68.49 50.98 58.19 0.00
2017 6 24 0.00 70.55 49.95 59.22 0.00
2017 6 25 0.00 73.64 50.98 61.28 0.00
2017 6 26 0.00 75.70 56.13 64.37 0.00
2017 6 27 0.00 70.55 53.04 61.28 0.00
2017 6 28 0.00 71.58 50.98 60.25 0.00
2017 6 29 0.00 65.40 49.95 57.16 0.00
2017 6 30 0.00 66.43 47.89 56.13 0.00
2017 7 1 0.00 73.64 50.98 62.31 0.00
2017 7 2 0.00 74.67 55.10 62.31 0.00
2017 7 3 0.00 74.67 53.04 63.34 0.00
2017 7 4 0.00 76.73 56.13 65.40 0.00
2017 7 5 0.00 76.73 60.25 66.43 0.00
2017 7 6 0.00 79.82 59.22 67.46 0.00
2017 7 7 0.00 77.76 59.22 65.40 0.00
2017 7 8 0.00 77.76 59.22 64.37 0.00
2017 7 9 0.00 77.76 58.19 63.34 0.00
2017 7 10 0.00 72.61 55.10 61.28 0.00
2017 7 11 0.00 67.46 53.04 58.19 0.00
2017 7 12 0.00 67.46 52.01 57.16 0.00
2017 7 13 0.00 69.52 53.04 59.22 0.00
2017 7 14 0.00 73.64 55.10 60.25 0.00
2017 7 15 0.00 76.73 57.16 65.40 0.00
2017 7 16 0.00 79.82 58.19 65.40 0.00
2017 7 17 0.00 76.73 55.10 63.34 0.00
2017 7 18 0.00 77.76 56.13 64.37 0.00
2017 7 19 0.30 70.55 52.01 60.25 0.00
2017 7 20 0.20 71.58 50.98 59.22 0.00
2017 7 21 0.10 73.64 52.01 61.28 0.00
2017 7 22 0.00 72.61 55.10 62.31 0.00
2017 7 23 0.40 73.64 48.92 61.28 0.00
2017 7 24 0.00 70.55 50.98 59.22 0.00
2017 7 25 0.30 58.19 48.92 52.01 0.00
2017 7 26 0.00 67.46 48.92 57.16 0.00
2017 7 27 0.00 69.52 50.98 59.22 0.00
2017 7 28 0.10 66.43 54.07 59.22 0.00
2017 7 29 0.00 71.58 54.07 60.25 0.00
2017 7 30 0.00 67.46 53.04 60.25 0.00
2017 7 31 0.00 71.58 54.07 61.28 0.00
2017 8 1 0.00 75.70 57.16 63.34 0.00
2017 8 2 0.00 76.73 57.16 65.40 0.00
2017 8 3 0.00 75.70 56.13 63.34 0.00
2017 8 4 0.00 72.61 52.01 59.22 0.00
2017 8 5 0.00 71.58 52.01 59.22 0.00
2017 8 6 0.10 65.40 46.86 55.10 0.00
2017 8 7 0.10 63.34 47.89 54.07 0.00
2017 8 8 0.00 66.43 47.89 55.10 0.00
2017 8 9 0.00 69.52 49.95 59.22 0.00
2017 8 10 0.00 71.58 47.89 59.22 0.00
2017 8 11 0.00 69.52 52.01 58.19 0.00
2017 8 12 0.20 70.55 50.98 56.13 0.00
2017 8 13 0.00 70.55 50.98 59.22 0.00
2017 8 14 0.00 67.46 48.92 57.16 0.00
2017 8 15 0.10 62.31 47.89 53.04 0.00
2017 8 16 0.10 67.46 44.80 54.07 0.00
2017 8 17 0.00 67.46 50.98 58.19 0.00
2017 8 18 0.10 72.61 54.07 61.28 0.00
2017 8 19 0.00 72.61 53.04 59.22 0.00
2017 8 20 0.10  nan  nan  nan 0.00
2017 8 21 0.00  nan  nan  nan 0.00
2017 8 22 0.00 64.37 50.98 56.13 0.00
2017 8 23 0.00 68.49 48.92 58.19 0.00
2017 8 24 0.00 68.49 50.98 58.19 0.00
2017 8 25 0.00 68.49 54.07 59.22 0.00
2017 8 26 0.00 73.64 54.07 62.31 0.00
2017 8 27 0.00 70.55 57.16 62.31 0.00
2017 8 28 0.00 75.70 58.19 65.40 0.00
2017 8 29 0.00 75.70 57.16 63.34 0.00
2017 8 30 0.10 70.55 53.04 59.22 0.00
2017 8 31 0.00 65.40 49.95 55.10 0.00
2017 9 1 0.00 68.49 50.98 58.19 0.00
2017 9 2 0.00 73.64 53.04 62.31 0.00
2017 9 3 0.00 74.67 57.16 64.37 0.00
2017 9 4 0.00 75.70 58.19 65.40 0.00
2017 9 5 0.00 76.73 57.16 64.37 0.00
2017 9 6 0.00 73.64 55.10 62.31 0.00
2017 9 7 0.30 66.43 47.89 56.13 0.00
2017 9 8 0.10 62.31 48.92 54.07 0.00
2017 9 9 0.10 54.07 45.83 48.92 0.00
2017 9 10 0.00 62.31 44.80 53.04 0.00
2017 9 11 0.00 67.46 52.01 58.19 0.00
2017 9 12 0.10 64.37 49.95 56.13 0.00
2017 9 13 0.00 64.37 48.92 55.10 0.00
2017 9 14 0.70 53.04 38.62 43.77 0.00
2017 9 15 1.00 43.77 35.53 38.62 0.00
2017 9 16 0.10 48.92 32.44 40.68 0.00
2017 9 17 0.00 54.07 41.71 46.86 0.00
2017 9 18 0.00 59.22 41.71 49.95 0.00
2017 9 19 0.00 54.07 37.59 46.86 0.00
2017 9 20 0.10 59.22 38.62 47.89 0.00
2017 9 21 0.40 58.19 28.32 43.77 0.00
2017 9 22 0.00 42.74 26.26 31.41 0.20
2017 9 23 0.30 31.41 26.26 28.32 0.00
2017 9 24 1.10 34.50 24.20 27.29 0.00
2017 9 25 0.00 40.68 25.23 30.38 1.00
2017 9 26 0.00 46.86 28.32 35.53 0.80
2017 9 27 0.20 49.95 35.53 40.68 0.50
2017 9 28 0.20 43.77 33.47 37.59 0.30
2017 9 29 0.00 52.01 34.50 43.77 0.00
2017 9 30 0.00 53.04 39.65 46.86 0.00
2017 10 1 0.30 44.80 26.26 35.53 0.00
2017 10 2 0.30 36.56 23.17 27.29 0.00
2017 10 3 0.00 42.74 24.20 34.50 0.30
2017 10 4 0.00 49.95 37.59 42.74 0.00
2017 10 5 0.00 50.98 31.41 40.68 0.00
2017 10 6 0.00 40.68 29.35 35.53 0.00
2017 10 7 0.00 57.16 37.59 47.89 0.00
2017 10 8 0.00 48.92 21.11 36.56 0.00
2017 10 9 0.00 34.50 20.08 27.29 0.00
2017 10 10 0.00 49.95 27.29 38.62 0.00
2017 10 11 0.00 56.13 38.62 44.80 0.00
2017 10 12 0.00 46.86 31.41 38.62 0.00
2017 10 13 0.00 49.95 30.38 40.68 0.00
2017 10 14 0.00 39.65 21.11 28.32 0.00
2017 10 15 0.00 58.19 36.56 46.86 0.00
2017 10 16 0.00 57.16 38.62 46.86 0.00
2017 10 17 0.00 58.19 44.80 49.95 0.00
2017 10 18 0.00 57.16 40.68 48.92 0.00
2017 10 19 0.00 55.10 42.74 46.86 0.00
2017 10 20 0.00 49.95 22.14 36.56 0.00
2017 10 21 0.00 35.53 20.08 29.35 0.00
2017 10 22 0.00 52.01 32.44 42.74 0.00
2017 10 23 0.00 48.92 36.56 41.71 0.00
2017 10 24 0.00 49.95 36.56 42.74 0.00
2017 10 25 0.00 57.16 41.71 47.89 0.00
2017 10 26 0.00 46.86 31.41 39.65 0.00
2017 10 27 0.00 45.83 31.41 37.59 0.00
2017 10 28 0.00 48.92 35.53 40.68 0.00
2017 10 29 0.00 54.07 40.68 45.83 0.00
2017 10 30 0.00 50.98 38.62 42.74 0.00
2017 10 31 0.00 43.77 32.44 37.59 0.00
2017 11 1 0.00 49.95 36.56 42.74 0.00
2017 11 2 0.00 49.95 33.47 39.65 0.00
2017 11 3 0.10 45.83 32.44 36.56 0.00
2017 11 4 0.00 40.68 34.50 37.59 0.00
2017 11 5 0.00 41.71 31.41 34.50 0.00
2017 11 6 0.00 42.74 25.23 32.44 0.00
2017 11 7 0.00 31.41 15.96 24.20 0.00
2017 11 8 0.00 50.98 24.20 38.62 0.00
2017 11 9 0.00 47.89 33.47 39.65 0.00
2017 11 10 0.00 46.86 32.44 38.62 0.00
2017 11 11 0.00 41.71 29.35 33.47 0.00
2017 11 12 0.00 45.83 31.41 39.65 0.00
2017 11 13 0.00 52.01 36.56 42.74 0.00
2017 11 14 0.00 42.74 33.47 38.62 0.00
2017 11 15 0.00 50.98 32.44 40.68 0.00
2017 11 16 0.00 45.83 37.59 41.71 0.00
2017 11 17 0.90 39.65 11.84 28.32 0.00
2017 11 18 0.00 40.68 8.75 25.23 0.60
2017 11 19 0.00 45.83 29.35 35.53 0.60
2017 11 20 0.20 44.80 33.47 38.62 0.60
2017 11 21 0.00 45.83 35.53 39.65 0.80
2017 11 22 0.00 52.01 36.56 42.74 0.80
2017 11 23 0.00 54.07 39.65 46.86 0.80
2017 11 24 0.00 49.95 38.62 43.77 0.80
2017 11 25 0.00 53.04 39.65 44.80 0.60
2017 11 26 0.00 55.10 43.77 48.92 0.40
2017 11 27 0.00 48.92 22.14 36.56 0.30
2017 11 28 0.00 35.53 15.96 28.32 0.10
2017 11 29 0.00 42.74 29.35 34.50 0.00
2017 11 30 0.00 45.83 27.29 37.59 0.00
2017 12 1 0.00 41.71 31.41 35.53 0.00
2017 12 2 0.00 46.86 33.47 38.62 0.00
2017 12 3 0.30 44.80 10.81 29.35 0.00
2017 12 4 0.00 20.08 4.63 10.81 0.30
2017 12 5 0.00 29.35 4.63 20.08 0.30
2017 12 6 0.00 30.38 10.81 20.08 0.30
2017 12 7 0.00 28.32 12.87 22.14 0.30
2017 12 8 0.00 38.62 26.26 30.38 0.30
2017 12 9 0.00 44.80 29.35 36.56 0.30
2017 12 10 0.00 47.89 32.44 37.59 0.30
2017 12 11 0.00 48.92 32.44 40.68 0.20
2017 12 12 0.00 47.89 36.56 41.71 0.00
2017 12 13 0.00 43.77 22.14 35.53 0.00
2017 12 14 0.00 33.47 18.02 26.26 0.00
2017 12 15 0.00 47.89 31.41 38.62 0.00
2017 12 16 0.00 37.59 15.96 25.23 0.00
2017 12 17 0.00 24.20 12.87 16.99 0.00
2017 12 18 0.00 38.62 20.08 30.38 0.00
2017 12 19 0.00 42.74 27.29 34.50 0.00
2017 12 20 0.20 42.74 7.72 28.32 0.00
2017 12 21 0.30 13.90 4.63 7.72 0.20
2017 12 22 0.00 29.35 5.66 21.11 0.50
2017 12 23 0.00 30.38 18.02 25.23 0.50
2017 12 24 0.20 35.53 16.99 27.29 0.50
2017 12 25 0.00 34.50 26.26 29.35 0.70
2017 12 26 0.00 34.50 27.29 30.38 0.70
2017 12 27 0.00 41.71 29.35 34.50 0.70
2017 12 28 0.00 44.80 30.38 36.56 0.70
2017 12 29 0.00 47.89 36.56 40.68 0.70
2017 12 30 0.00 45.83 31.41 40.68 0.70
2017 12 31 0.00 37.59 27.29 31.41 0.70
2018 1 1 0.00 38.62 27.29 31.41 0.70
2018 1 2 0.00 39.65 23.17 30.38 0.70
2018 1 3 0.00 47.89 29.35 36.56 0.70
2018 1 4 0.00 45.83 30.38 35.53 0.70
2018 1 5 0.00 40.68 29.35 34.50 0.70
2018 1 6 0.60 37.59 25.23 31.41 0.70
2018 1 7 0.00 39.65 21.11 29.35 1.30
2018 1 8 0.20 38.62 29.35 32.44 1.30
2018 1 9 0.30 32.44 30.38 31.41 1.50
2018 1 10 1.60 31.41 21.11 26.26 1.80
2018 1 11 0.00 30.38 18.02 24.20 3.40
2018 1 12 0.00 32.44 21.11 28.32 3.40
2018 1 13 0.00 35.53 24.20 29.35 3.40
2018 1 14 0.00 46.86 26.26 34.50 3.40
2018 1 15 0.00 41.71 23.17 32.44 3.40
2018 1 16 0.00 43.77 26.26 33.47 3.40
2018 1 17 0.00 40.68 27.29 31.41 3.40
2018 1 18 0.00 49.95 29.35 39.65 3.40
2018 1 19 0.00 41.71 28.32 35.53 3.40
2018 1 20 0.80 29.35 9.78 16.99 3.40
2018 1 21 0.00 13.90 3.60 8.75 4.20
2018 1 22 0.00 29.35 5.66 16.99 4.20
2018 1 23 0.00 34.50 12.87 22.14 4.20
2018 1 24 0.00 38.62 20.08 30.38 4.20
2018 1 25 0.50 33.47 13.90 25.23 4.20
2018 1 26 0.00 25.23 9.78 14.93 4.70
2018 1 27 0.00 33.47 12.87 23.17 4.70
2018 1 28 0.00 37.59 23.17 29.35 4.70
2018 1 29 0.00 48.92 29.35 37.59 4.70
2018 1 30 0.00 47.89 34.50 39.65 4.70
2018 1 31 0.00 39.65 32.44 35.53 4.70
2018 2 1 0.00 40.68 30.38 33.47 4.70
2018 2 2 0.00 41.71 29.35 33.47 4.70
2018 2 3 0.00 36.56 28.32 31.41 4.70
2018 2 4 0.00 39.65 29.35 33.47 4.70
2018 2 5 0.10 39.65 25.23 32.44 4.70
2018 2 6 0.00 26.26 19.05 22.14 4.80
2018 2 7 0.00 41.71 20.08 29.35 4.80
2018 2 8 0.00 48.92 27.29 35.53 4.80
2018 2 9 0.00 40.68 31.41 36.56 4.80
2018 2 10 0.30 32.44 7.72 20.08 4.80
2018 2 11 0.00 33.47 8.75 22.14 5.10
2018 2 12 0.20 31.41 18.02 22.14 5.10
2018 2 13 0.00 32.44 14.93 24.20 5.30
2018 2 14 0.10 36.56 24.20 28.32 5.30
2018 2 15 0.50 24.20 7.72 14.93 5.40
2018 2 16 0.00 34.50 6.69 22.14 5.90
2018 2 17 0.10 42.74 20.08 31.41 5.90
2018 2 18 0.00 39.65 23.17 32.44 6.00
2018 2 19 0.80 23.17 1.54 10.81 6.00
2018 2 20 0.00 22.14 -4.64 3.60 6.80
2018 2 21 0.00 24.20 -2.58 8.75 6.80
2018 2 22 0.20 18.02 2.57 10.81 6.80
2018 2 23 0.40 18.02 -0.52 8.75 7.00
2018 2 24 0.20 26.26 -1.55 8.75 7.40
2018 2 25 0.30 29.35 2.57 12.87 7.60
2018 2 26 0.00 38.62 16.99 24.20 7.90
2018 2 27 0.00 36.56 13.90 21.11 7.90
2018 2 28 0.00 29.35 11.84 19.05 7.90
2018 3 1 0.30 28.32 15.96 22.14 7.90
2018 3 2 0.00 40.68 22.14 29.35 8.20
2018 3 3 0.20 37.59 20.08 29.35 8.20
2018 3 4 0.60 20.08 7.72 12.87 8.20
2018 3 5 0.00 32.44 7.72 14.93 8.80
2018 3 6 0.00 37.59 10.81 23.17 8.80
2018 3 7 0.00 42.74 20.08 31.41 8.80
2018 3 8 0.00 45.83 26.26 34.50 8.80
2018 3 9 0.00 45.83 28.32 35.53 8.80
2018 3 10 0.00 42.74 28.32 33.47 8.80
2018 3 11 0.20 40.68 25.23 31.41 8.80
2018 3 12 0.00 45.83 26.26 34.50 9.00
2018 3 13 0.00 49.95 33.47 38.62 9.00
2018 3 14 0.20 40.68 25.23 34.50 8.90
2018 3 15 0.50 34.50 14.93 23.17 9.00
2018 3 16 0.00 34.50 10.81 24.20 9.50
2018 3 17 0.10 31.41 14.93 23.17 9.50
2018 3 18 0.30 22.14 12.87 14.93 9.60
2018 3 19 0.00 36.56 11.84 21.11 9.90
2018 3 20 0.00 42.74 18.02 29.35 9.90
2018 3 21 0.00 46.86 27.29 36.56 9.90
2018 3 22 0.00 44.80 34.50 37.59 9.90
2018 3 23 0.50 40.68 25.23 32.44 9.90
2018 3 24 0.00 42.74 27.29 32.44 10.40
2018 3 25 0.30 36.56 11.84 24.20 10.40
2018 3 26 0.00 26.26 9.78 15.96 10.70
2018 3 27 0.00 31.41 11.84 21.11 10.70
2018 3 28 0.00 35.53 24.20 29.35 10.70
2018 3 29 0.00 40.68 26.26 31.41 10.70
2018 3 30 0.00 45.83 28.32 36.56 10.70
2018 3 31 0.00 52.01 34.50 42.74 10.40
2018 4 1 0.00 49.95 35.53 42.74 10.30
2018 4 2 0.00 42.74 16.99 35.53 10.20
2018 4 3 0.00 39.65 13.90 27.29 10.10
2018 4 4 0.00 43.77 31.41 37.59 10.10
2018 4 5 0.00 47.89 32.44 38.62 10.00
2018 4 6 0.10 45.83 35.53 39.65 9.60
2018 4 7 0.40 47.89 33.47 40.68 9.20
2018 4 8 0.00 39.65 27.29 32.44 8.80
2018 4 9 0.00 44.80 25.23 33.47 8.70
2018 4 10 0.00 56.13 33.47 45.83 8.50
2018 4 11 0.00 58.19 42.74 47.89 7.90
2018 4 12 0.50 46.86 12.87 26.26 7.30
2018 4 13 0.40 25.23 13.90 19.05 7.80
2018 4 14 0.00 43.77 19.05 31.41 8.20
2018 4 15 0.00 49.95 31.41 39.65 8.20
2018 4 16 0.20 50.98 19.05 40.68 7.90
2018 4 17 0.80 28.32 13.90 20.08 7.20
2018 4 18 0.00 41.71 12.87 29.35 8.00
2018 4 19 0.60 42.74 25.23 32.44 8.00
2018 4 20 0.10 36.56 22.14 30.38 8.20
2018 4 21 0.00 47.89 30.38 38.62 8.20
2018 4 22 0.00 55.10 35.53 44.80 8.00
2018 4 23 0.00 53.04 35.53 43.77 7.30
2018 4 24 0.00 46.86 31.41 38.62 6.90
2018 4 25 0.00 55.10 31.41 44.80 6.60
2018 4 26 0.00 57.16 37.59 46.86 4.90
2018 4 27 0.00 62.31 43.77 50.98 3.90
2018 4 28 0.00 62.31 41.71 49.95 3.10
2018 4 29 0.00 52.01 27.29 40.68 2.10
2018 4 30 0.20 38.62 24.20 29.35 1.10
2018 5 1 0.40 38.62 25.23 30.38 1.30
2018 5 2 1.20 38.62 26.26 29.35 1.60
2018 5 3 0.00 47.89 29.35 35.53 2.80
2018 5 4 0.00 56.13 32.44 43.77 2.60
2018 5 5 0.00 60.25 39.65 48.92 2.10
2018 5 6 0.00 61.28 45.83 53.04 1.20
2018 5 7 0.00 63.34 46.86 54.07 0.50
2018 5 8 0.00 62.31 46.86 55.10 0.00
2018 5 9 0.00 66.43 50.98 58.19 0.00
2018 5 10 0.00 62.31 47.89 54.07 0.00
2018 5 11 0.00 49.95 28.32 38.62 0.00
2018 5 12 0.10 38.62 29.35 33.47 0.00
2018 5 13 0.00 46.86 31.41 37.59 0.00
2018 5 14 0.10 50.98 33.47 39.65 0.00
2018 5 15 0.00 56.13 36.56 45.83 0.00
2018 5 16 0.00 61.28 38.62 48.92 0.00
2018 5 17 0.00 59.22 37.59 47.89 0.00
2018 5 18 0.00 52.01 36.56 42.74 0.00
2018 5 19 0.00 56.13 37.59 45.83 0.00
2018 5 20 0.10 56.13 39.65 45.83 0.00
2018 5 21 0.00 57.16 43.77 48.92 0.00
2018 5 22 0.10 49.95 35.53 42.74 0.00
2018 5 23 0.00 57.16 36.56 45.83 0.00
2018 5 24 0.00 63.34 42.74 53.04 0.00
2018 5 25 0.00 66.43 46.86 55.10 0.00
2018 5 26 0.00 61.28 37.59 48.92 0.00
2018 5 27 0.00 48.92 32.44 39.65 0.00
2018 5 28 0.10 48.92 35.53 40.68 0.00
2018 5 29 0.10 58.19 38.62 47.89 0.00
2018 5 30 0.00 62.31 44.80 52.01 0.00
2018 5 31 0.00 65.40 44.80 53.04 0.00
2018 6 1 0.00 54.07 37.59 45.83 0.00
2018 6 2 0.00 62.31 39.65 50.98 0.00
2018 6 3 0.00 66.43 46.86 58.19 0.00
2018 6 4 0.00 72.61 52.01 61.28 0.00
2018 6 5 0.00 69.52 49.95 59.22 0.00
2018 6 6 0.00 69.52 48.92 57.16 0.00
2018 6 7 0.00 67.46 45.83 57.16 0.00
2018 6 8 0.00 68.49 46.86 57.16 0.00
2018 6 9 0.00 70.55 48.92 59.22 0.00
2018 6 10 0.00 56.13 42.74 49.95 0.00
2018 6 11 0.00 64.37 40.68 54.07 0.00
2018 6 12 0.00 67.46 47.89 58.19 0.00
2018 6 13 0.00 74.67 53.04 63.34 0.00
2018 6 14 0.00 71.58 53.04 61.28 0.00
2018 6 15 0.00 68.49 52.01 59.22 0.00
2018 6 16 0.00 66.43 48.92 55.10 0.00
2018 6 17 0.00 65.40 44.80 53.04 0.00
2018 6 18 0.00 61.28 40.68 50.98 0.00
2018 6 19 0.00 59.22 40.68 49.95 0.00
2018 6 20 0.00 66.43 43.77 55.10 0.00
2018 6 21 0.00 74.67 54.07 63.34 0.00
2018 6 22 0.00 65.40 47.89 55.10 0.00
2018 6 23 0.00 69.52 48.92 59.22 0.00
2018 6 24 0.00 64.37 42.74 53.04 0.00
2018 6 25 0.00 71.58 48.92 61.28 0.00
2018 6 26 0.00 77.76 57.16 66.43 0.00
2018 6 27 0.00 77.76 55.10 65.40 0.00
2018 6 28 0.00 73.64 53.04 61.28 0.00
2018 6 29 0.00 65.40 46.86 55.10 0.00
2018 6 30 0.00 61.28 46.86 52.01 0.00
2018 7 1 0.00 67.46 44.80 56.13 0.00
2018 7 2 0.00 74.67 52.01 62.31 0.00
2018 7 3 0.00 72.61 53.04 61.28 0.00
2018 7 4 0.00 73.64 47.89 60.25 0.00
2018 7 5 0.00 74.67 54.07 62.31 0.00
2018 7 6 0.00 78.79 57.16 64.37 0.00
2018 7 7 0.00 75.70 60.25 64.37 0.00
2018 7 8 0.00 74.67 57.16 62.31 0.00
2018 7 9 0.00 74.67 56.13 62.31 0.00
2018 7 10 0.00 77.76 56.13 63.34 0.00
2018 7 11 0.90 70.55 49.95 58.19 0.00
2018 7 12 0.40 68.49 50.98 57.16 0.00
2018 7 13 0.10 69.52 54.07 59.22 0.00
2018 7 14 0.00 68.49 52.01 58.19 0.00
2018 7 15 0.00 71.58 53.04 61.28 0.00
2018 7 16 0.00 75.70 56.13 64.37 0.00
2018 7 17 0.00 74.67 56.13 64.37 0.00
2018 7 18 0.00 74.67 56.13 65.40 0.00
2018 7 19 0.00 77.76 56.13 63.34 0.00
2018 7 20 0.10 71.58 54.07 62.31 0.00
2018 7 21 0.30 75.70 52.01 61.28 0.00
2018 7 22 0.00 67.46 52.01 59.22 0.00
2018 7 23 0.00 72.61 53.04 62.31 0.00
2018 7 24 0.00 76.73 57.16 64.37 0.00
2018 7 25 0.00 74.67 55.10 64.37 0.00
2018 7 26 0.00 76.73 54.07 65.40 0.00
2018 7 27 0.00 77.76 59.22 66.43 0.00
2018 7 28 0.10 75.70 56.13 63.34 0.00
2018 7 29 0.00 74.67 58.19 64.37 0.00
2018 7 30 0.00 76.73 55.10 64.37 0.00
2018 7 31 0.00 77.76 55.10 66.43 0.00
2018 8 1 0.00 74.67 59.22 63.34 0.00
2018 8 2 0.10 69.52 50.98 58.19 0.00
2018 8 3 0.00 72.61 50.98 60.25 0.00
2018 8 4 0.00 73.64 55.10 63.34 0.00
2018 8 5 0.00 73.64 57.16 63.34 0.00
2018 8 6 0.00 73.64 52.01 61.28 0.00
2018 8 7 0.00 73.64 56.13 63.34 0.00
2018 8 8 0.00 76.73 56.13 64.37 0.00
2018 8 9 0.00 77.76 57.16 65.40 0.00
2018 8 10 0.00 77.76 57.16 67.46 0.00
2018 8 11 0.30 71.58 50.98 62.31 0.00
2018 8 12 0.00 75.70 55.10 64.37 0.00
2018 8 13 0.00 73.64 55.10 63.34 0.00
2018 8 14 0.00 73.64 54.07 61.28 0.00
2018 8 15 0.30 67.46 48.92 57.16 0.00
2018 8 16 0.00 69.52 49.95 59.22 0.00
2018 8 17 0.10 71.58 48.92 59.22 0.00
2018 8 18 0.00 68.49 49.95 58.19 0.00
2018 8 19 0.00 69.52 49.95 58.19 0.00
2018 8 20 0.00 73.64 56.13 64.37 0.00
2018 8 21 2.40 60.25 43.77 52.01 0.00
2018 8 22 0.40 61.28 46.86 53.04 0.00
2018 8 23 0.00 66.43 49.95 57.16 0.00
2018 8 24 0.00 68.49 50.98 58.19 0.00
2018 8 25 0.00 68.49 49.95 59.22 0.00
2018 8 26 0.00 68.49 53.04 58.19 0.00
2018 8 27 0.10 66.43 46.86 57.16 0.00
2018 8 28 0.00 63.34 41.71 50.98 0.00
2018 8 29 0.00 66.43 46.86 55.10 0.00
2018 8 30 0.00 65.40 49.95 57.16 0.00
2018 8 31 0.00 66.43 49.95 57.16 0.00
2018 9 1 0.00 64.37 48.92 55.10 0.00
2018 9 2 0.00 66.43 48.92 55.10 0.00
2018 9 3 0.00 66.43 49.95 57.16 0.00
2018 9 4 0.00 62.31 49.95 54.07 0.00
2018 9 5 0.10  nan  nan  nan 0.00
2018 9 6 0.00  nan  nan  nan 0.00
2018 9 7 0.00 68.49 49.95 57.16 0.00
2018 9 8 0.00 71.58 53.04 61.28 0.00
2018 9 9 0.00 69.52 50.98 59.22 0.00
2018 9 10 0.00 71.58 53.04 61.28 0.00
2018 9 11 0.00 70.55 52.01 59.22 0.00
2018 9 12 0.00 68.49 48.92 57.16 0.00
2018 9 13 0.00 65.40 47.89 55.10 0.00
2018 9 14 0.00 68.49 49.95 57.16 0.00
2018 9 15 0.00 69.52 50.98 59.22 0.00
2018 9 16 0.00 66.43 52.01 57.16 0.00
2018 9 17 0.00 67.46 49.95 57.16 0.00
2018 9 18 0.00 68.49 49.95 57.16 0.00
2018 9 19 0.00 65.40 46.86 55.10 0.00
2018 9 20 0.00 57.16 41.71 47.89 0.00
2018 9 21 0.00 63.34 43.77 52.01 0.00
2018 9 22 0.00 64.37 46.86 55.10 0.00
2018 9 23 0.00 63.34 48.92 54.07 0.00
2018 9 24 0.00 59.22 40.68 49.95 0.00
2018 9 25 0.00 58.19 37.59 45.83 0.00
2018 9 26 0.00 58.19 38.62 47.89 0.00
2018 9 27 0.00 61.28 44.80 52.01 0.00
2018 9 28 0.00 67.46 46.86 56.13 0.00
2018 9 29 0.00 67.46 46.86 55.10 0.00
2018 9 30 0.00 64.37 44.80 53.04 0.00
