2014 7 13  nan 66.43 45.83 54.07  nan
2014 7 14 0.00 64.37 41.71 53.04 12.20
2014 7 15 0.00 65.40 49.95 56.13 12.20
2014 7 16 0.00 64.37 48.92 56.13 12.20
2014 7 17 0.00 72.61 47.89 59.22 12.20
2014 7 18 0.00 68.49 47.89 54.07 12.30
2014 7 19 0.10 54.07 41.71 46.86 12.30
2014 7 20 0.10 61.28 40.68 48.92 12.30
2014 7 21 0.30 68.49 38.62 53.04 12.20
2014 7 22 0.50 66.43 45.83 54.07 12.30
2014 7 23 0.30 56.13 47.89 52.01 12.30
2014 7 24 0.40 54.07 48.92 50.98 12.30
2014 7 25 0.00 61.28 40.68 50.98 12.30
2014 7 26 0.00 65.40 35.53 49.95 12.30
2014 7 27 0.00 66.43 36.56 52.01 12.30
2014 7 28 0.50 52.01 45.83 48.92 12.30
2014 7 29 0.00 67.46 45.83 53.04 12.30
2014 7 30 0.00 76.73 43.77 59.22 12.30
2014 7 31 0.00 72.61 46.86 59.22 12.30
2014 8 1 0.10 63.34 52.01 57.16 12.30
2014 8 2 0.00 70.55 49.95 59.22 12.30
2014 8 3 0.00 63.34 47.89 55.10 12.30
2014 8 4 0.00 60.25 47.89 53.04 12.30
2014 8 5 0.00 70.55 44.80 56.13 12.30
2014 8 6 0.40 55.10 48.92 52.01 12.30
2014 8 7 0.00 63.34 46.86 54.07 12.40
2014 8 8 0.00 61.28 49.95 55.10 12.30
2014 8 9 0.00 68.49 50.98 57.16 12.30
2014 8 10 0.00 70.55 48.92 59.22 12.30
2014 8 11 0.00 71.58 47.89 60.25 12.30
2014 8 12 0.00 64.37 49.95 57.16 12.20
2014 8 13 0.00 68.49 48.92 57.16 12.30
2014 8 14 0.00 63.34 45.83 54.07 12.10
2014 8 15 0.00 64.37 44.80 53.04 12.20
2014 8 16 0.00 62.31 46.86 53.04 12.20
2014 8 17 0.10 59.22 45.83 52.01 12.20
2014 8 18 0.60 58.19 47.89 52.01 12.20
2014 8 19 0.00 63.34 43.77 52.01 12.20
2014 8 20 0.00 64.37 45.83 53.04 12.20
2014 8 21 0.00 64.37 40.68 52.01 12.20
2014 8 22 0.00 68.49 44.80 54.07 12.20
2014 8 23 0.00 63.34 42.74 53.04 12.20
2014 8 24 0.40 55.10 45.83 49.95 12.30
2014 8 25 0.80 52.01 44.80 47.89 12.40
2014 8 26 0.50 58.19 42.74 49.95 12.40
2014 8 27 0.00 64.37 41.71 50.98 12.20
2014 8 28 0.10 52.01 43.77 47.89 12.40
2014 8 29 0.00 56.13 33.47 45.83 12.40
2014 8 30 0.00 59.22 29.35 41.71 12.30
2014 8 31 0.00 56.13 28.32 40.68 12.30
2014 9 1 0.10 49.95 32.44 41.71 12.20
2014 9 2 0.60 49.95 43.77 47.89 12.30
2014 9 3 0.00 58.19 40.68 46.86 12.30
2014 9 4 0.60 53.04 40.68 46.86 12.40
2014 9 5 0.00 53.04 44.80 47.89 12.40
2014 9 6 0.00 56.13 37.59 46.86 12.40
2014 9 7 0.00 57.16 32.44 43.77 12.30
2014 9 8 0.00 60.25 43.77 50.98 12.40
2014 9 9 0.00 58.19 43.77 52.01 12.40
2014 9 10 0.00 65.40 43.77 50.98 12.40
2014 9 11 0.00 65.40 42.74 54.07 12.40
2014 9 12 0.10 66.43 49.95 58.19 12.40
2014 9 13 0.00 65.40 46.86 55.10 12.40
2014 9 14 0.00 57.16 47.89 52.01 12.40
2014 9 15 0.00 57.16 43.77 49.95 12.40
2014 9 16 0.10 57.16 42.74 47.89 12.20
2014 9 17 0.00 55.10 39.65 48.92 12.40
2014 9 18 0.00 55.10 38.62 44.80 12.30
2014 9 19 0.00 50.98 42.74 45.83 12.30
2014 9 20 0.00 52.01 40.68 45.83 12.30
2014 9 21 0.00 45.83 27.29 39.65 12.20
2014 9 22 0.00 46.86 23.17 32.44 12.20
2014 9 23 0.00 50.98 27.29 36.56 12.20
2014 9 24 0.00 45.83 28.32 37.59 12.30
2014 9 25 0.00 54.07 31.41 41.71 12.30
2014 9 26 0.00 53.04 28.32 38.62 12.40
2014 9 27 0.00 44.80 28.32 34.50 12.40
2014 9 28 0.00 45.83 24.20 33.47 12.40
2014 9 29 0.00 45.83 27.29 36.56 12.20
2014 9 30  nan 43.77 25.23 31.41 12.20
2014 10 1 0.10 49.95 23.17 33.47 0.00
2014 10 2 0.00 50.98 26.26 35.53 0.00
2014 10 3 0.00 38.62 26.26 31.41 0.00
2014 10 4 0.00 40.68 27.29 32.44 0.00
2014 10 5 0.00 34.50 20.08 26.26 0.00
2014 10 6 0.00 32.44 14.93 24.20 0.00
2014 10 7 0.00 32.44 9.78 19.05 0.00
2014 10 8 0.00 31.41 9.78 18.02 0.00
2014 10 9 0.00 36.56 14.93 26.26 0.00
2014 10 10 0.00 29.35 18.02 25.23 0.00
2014 10 11 0.10 31.41 25.23 27.29 0.00
2014 10 12 0.00 33.47 22.14 28.32 0.00
2014 10 13 0.00 31.41 27.29 29.35 0.00
2014 10 14 0.00 33.47 25.23 29.35 0.00
2014 10 15 0.10 30.38 24.20 27.29 0.00
2014 10 16 0.00 35.53 21.11 26.26 0.00
2014 10 17 0.00 36.56 24.20 28.32 0.00
2014 10 18 0.00 27.29 22.14 25.23 0.00
2014 10 19 0.00 27.29 23.17 25.23 0.00
2014 10 20 0.10 28.32 18.02 23.17 0.00
2014 10 21 0.20 32.44 18.02 24.20 0.10
2014 10 22 0.00 24.20 20.08 22.14 0.30
2014 10 23 0.00 26.26 20.08 23.17 0.30
2014 10 24 0.20 29.35 20.08 25.23 0.30
2014 10 25 0.00 30.38 16.99 22.14 0.50
2014 10 26 0.00 34.50 14.93 22.14 0.50
2014 10 27 0.10 39.65 18.02 28.32 0.50
2014 10 28 0.00 38.62 13.90 29.35 0.60
2014 10 29 0.00 15.96 8.75 12.87 0.60
2014 10 30 0.00 12.87 9.78 10.81 0.60
2014 10 31 0.00 31.41 1.54 13.90 0.60
2014 11 1 0.00 38.62 12.87 27.29 0.60
2014 11 2 0.00 25.23 9.78 14.93 0.60
2014 11 3 0.00 31.41 7.72 15.96 0.60
2014 11 4 0.00 11.84 5.66 8.75 0.60
2014 11 5 0.00 20.08 6.69 11.84 0.60
2014 11 6 0.00 23.17 5.66 12.87 0.60
2014 11 7 0.00 44.80 18.02 30.38 0.60
2014 11 8 0.00 44.80 23.17 37.59 0.60
2014 11 9 0.00 46.86 36.56 42.74 0.40
2014 11 10 0.00 46.86 33.47 41.71 0.30
2014 11 11 0.00 48.92 38.62 43.77 0.20
2014 11 12 0.00 52.01 44.80 47.89 0.00
2014 11 13 0.00 53.04 30.38 44.80 0.00
2014 11 14 0.00 49.95 25.23 35.53 0.00
2014 11 15 0.00 53.04 31.41 41.71 0.00
2014 11 16 0.00  nan  nan  nan 0.00
2014 11 17 0.00  nan  nan  nan 0.00
2014 11 18 0.00 48.92 37.59 44.80 0.00
2014 11 19 0.00 44.80 34.50 38.62 0.00
2014 11 20 0.00 42.74 33.47 39.65 0.00
2014 11 21 0.00 45.83 20.08 35.53 0.00
2014 11 22 0.00 25.23 11.84 16.99 0.00
2014 11 23 0.00 20.08 10.81 15.96 0.00
2014 11 24 0.00 31.41 15.96 24.20 0.00
2014 11 25 0.00 31.41 20.08 28.32 0.00
2014 11 26 0.00 22.14 14.93 19.05 0.00
2014 11 27 0.00 20.08 12.87 15.96 0.00
2014 11 28 0.30 27.29 16.99 24.20 0.00
2014 11 29 0.50 27.29 20.08 25.23 0.30
2014 11 30 0.00 27.29 16.99 22.14 0.80
2014 12 1 0.10 34.50 26.26 30.38 0.80
2014 12 2 0.50 36.56 15.96 29.35 0.90
2014 12 3 0.10 28.32 9.78 18.02 1.40
2014 12 4 0.00 35.53 23.17 29.35 1.50
2014 12 5 0.00 36.56 27.29 33.47 1.50
2014 12 6 0.00 33.47 18.02 24.20 1.50
2014 12 7 0.00 42.74 16.99 27.29 1.50
2014 12 8 0.00 39.65 7.72 16.99 1.50
2014 12 9 0.00 18.02 7.72 10.81 1.50
2014 12 10 0.00 10.81 6.69 8.75 1.50
2014 12 11 0.00 13.90 7.72 10.81 1.50
2014 12 12 0.00 18.02 8.75 12.87 1.50
2014 12 13 0.00 22.14 11.84 15.96 1.50
2014 12 14 0.10 40.68 14.93 28.32 1.50
2014 12 15 0.00 40.68 31.41 35.53 1.50
2014 12 16 0.50 38.62 26.26 30.38 1.50
2014 12 17 0.00 26.26 3.60 13.90 2.00
2014 12 18 0.00 20.08 2.57 13.90 2.00
2014 12 19 0.00 20.08 -0.52 6.69 2.00
2014 12 20 0.00 7.72 -5.67 -0.52 2.00
2014 12 21 0.00 2.57 -7.73 -4.64 2.00
2014 12 22 0.00 3.60 -7.73 -1.55 2.00
2014 12 23 0.00 11.84 -0.52 5.66 2.00
2014 12 24 0.00 30.38 8.75 24.20 2.00
2014 12 25 0.10 32.44 20.08 28.32 2.00
2014 12 26 0.00 31.41 23.17 27.29 2.10
2014 12 27 0.00 42.74 13.90 26.26 2.10
2014 12 28 0.10 42.74 37.59 40.68 2.10
2014 12 29 0.00 43.77 39.65 41.71 2.20
2014 12 30 0.00 43.77 36.56 41.71 2.20
2014 12 31 0.00 39.65 25.23 32.44 2.20
2015 1 1 0.00 27.29 22.14 24.20 2.20
2015 1 2 0.00 22.14 5.66 14.93 2.20
2015 1 3 0.00 12.87 -0.52 5.66 2.20
2015 1 4 0.00 10.81 -4.64 2.57 2.20
2015 1 5 0.00 1.54 -17.00 -7.73 2.20
2015 1 6 0.00 -1.55 -17.00 -9.79 2.20
2015 1 7 0.10 11.84 -5.67 1.54 2.20
2015 1 8 0.00 49.95 11.84 39.65 2.30
2015 1 9 0.00 44.80 32.44 39.65 2.30
2015 1 10 0.00 38.62 25.23 31.41 2.30
2015 1 11 0.00 36.56 23.17 28.32 2.30
2015 1 12 0.00 47.89 29.35 38.62 2.30
2015 1 13 0.00 46.86 37.59 41.71 2.30
2015 1 14 0.00 42.74 26.26 38.62 2.30
2015 1 15 0.00 42.74 18.02 32.44 2.30
2015 1 16 0.00 42.74 34.50 38.62 2.30
2015 1 17 0.00 39.65 33.47 36.56 2.30
2015 1 18 0.00 33.47 8.75 16.99 2.30
2015 1 19 0.00 31.41 7.72 15.96 2.30
2015 1 20 0.00 26.26 18.02 22.14 2.30
2015 1 21 0.00 18.02 3.60 10.81 2.30
2015 1 22 0.00 3.60 -10.82 -3.61 2.30
2015 1 23 0.00 -8.76 -29.36 -18.03 2.30
2015 1 24 0.00 -17.00 -34.51 -29.36 2.30
2015 1 25 0.00 -21.12 -37.60 -32.45 2.30
2015 1 26 0.00 -6.70 -32.45 -20.09 2.30
2015 1 27 0.00 11.84 -12.88 -0.52 2.30
2015 1 28 0.00 2.57 -13.91 -6.70 2.30
2015 1 29 0.00 -7.73 -22.15 -17.00 2.30
2015 1 30 0.00 -5.67 -23.18 -17.00 2.30
2015 1 31 0.00 4.63 -17.00 -8.76 2.30
2015 2 1 0.00 11.84 -9.79 -2.58 2.30
2015 2 2 0.00 22.14 -6.70 3.60 2.30
2015 2 3 0.00 6.69 -12.88 -5.67 2.30
2015 2 4 0.00 8.75 -12.88 -4.64 2.30
2015 2 5 0.00 2.57 -17.00 -9.79 2.30
2015 2 6 0.00 2.57 -22.15 -12.88 2.30
2015 2 7 0.00 -7.73 -27.30 -19.06 2.30
2015 2 8 0.00 -4.64 -29.36 -19.06 2.30
2015 2 9 0.00 2.57 -21.12 -8.76 2.30
2015 2 10 0.00 12.87 1.54 6.69 2.30
2015 2 11 0.00 16.99 1.54 8.75 2.30
2015 2 12 0.00 42.74 11.84 28.32 2.30
2015 2 13 0.00 28.32 4.63 16.99 2.30
2015 2 14 0.10 19.05 -4.64 8.75 2.30
2015 2 15 0.00 42.74 18.02 31.41 2.40
2015 2 16 0.00 44.80 37.59 41.71 2.40
2015 2 17 0.00 45.83 31.41 38.62 2.30
2015 2 18 0.00 37.59 27.29 32.44 2.30
2015 2 19 0.00 42.74 15.96 28.32 2.30
2015 2 20 0.00 46.86 32.44 39.65 2.30
2015 2 21 0.00 49.95 37.59 44.80 2.20
2015 2 22 0.00 50.98 36.56 42.74 1.80
2015 2 23 0.10 37.59 20.08 31.41 1.70
2015 2 24 0.00 35.53 8.75 20.08 1.70
2015 2 25 0.00 32.44 0.51 14.93 1.50
2015 2 26 0.00 35.53 0.51 16.99 1.50
2015 2 27 0.10 29.35 -1.55 16.99 1.50
2015 2 28 0.20 36.56 26.26 29.35 1.50
2015 3 1 0.00 37.59 10.81 24.20 1.70
2015 3 2 0.00 45.83 8.75 32.44 1.70
2015 3 3 0.00 40.68 32.44 37.59 1.70
2015 3 4 0.00 38.62 31.41 34.50 1.70
2015 3 5 0.20 33.47 27.29 30.38 1.70
2015 3 6 0.20 31.41 22.14 26.26 1.90
2015 3 7 0.00 34.50 19.05 29.35 2.10
2015 3 8 0.10 20.08 5.66 14.93 2.10
2015 3 9 0.00 12.87 -15.97 -0.52 2.20
2015 3 10 0.00 1.54 -23.18 -11.85 2.20
2015 3 11 0.00 -2.58 -26.27 -13.91 2.20
2015 3 12 0.00 -4.64 -25.24 -15.97 2.20
2015 3 13 0.00 -1.55 -27.30 -14.94 2.20
2015 3 14 0.10 6.69 -33.48 -13.91 2.20
2015 3 15 0.00 29.35 -19.06 14.93 2.30
2015 3 16 0.10 44.80 24.20 33.47 2.30
2015 3 17 0.00 46.86 24.20 34.50 2.40
2015 3 18 0.00 50.98 28.32 39.65 2.40
2015 3 19 0.00 50.98 33.47 40.68 2.10
2015 3 20 0.00 46.86 26.26 36.56 1.60
2015 3 21 0.00 45.83 21.11 31.41 1.40
2015 3 22 0.00 46.86 23.17 33.47 1.20
2015 3 23 0.00 47.89 20.08 32.44 0.90
2015 3 24 0.00 47.89 24.20 35.53 0.60
2015 3 25 0.00 46.86 29.35 39.65 0.00
2015 3 26 0.00 52.01 33.47 41.71 0.00
2015 3 27 0.00 47.89 30.38 40.68 0.00
2015 3 28 0.00 47.89 27.29 37.59 0.00
2015 3 29 0.00 50.98 22.14 35.53 0.00
2015 3 30 0.00 48.92 28.32 39.65 0.00
2015 3 31 0.00 45.83 26.26 33.47 0.00
2015 4 1 0.00 47.89 22.14 33.47 0.00
2015 4 2 0.00 39.65 25.23 31.41 0.00
2015 4 3 0.00 37.59 19.05 27.29 0.00
2015 4 4 0.00 40.68 13.90 26.26 0.00
2015 4 5 0.00 43.77 25.23 32.44 0.00
2015 4 6 0.00 46.86 34.50 40.68 0.00
2015 4 7 0.10 40.68 28.32 34.50 0.00
2015 4 8 0.00 41.71 21.11 32.44 0.00
2015 4 9 0.00 46.86 29.35 37.59 0.00
2015 4 10 0.00 41.71 27.29 33.47 0.00
2015 4 11 0.80 31.41 23.17 27.29 0.00
2015 4 12 0.00 35.53 24.20 28.32 0.80
2015 4 13 0.00 38.62 18.02 29.35 0.70
2015 4 14 0.00 41.71 12.87 30.38 0.70
2015 4 15 0.00 41.71 23.17 31.41 0.60
2015 4 16 0.00 37.59 25.23 31.41 0.00
2015 4 17 0.10 44.80 27.29 34.50 0.00
2015 4 18 0.10 50.98 36.56 42.74 0.00
2015 4 19 0.40 45.83 27.29 37.59 0.00
2015 4 20 0.20 36.56 22.14 27.29 0.20
2015 4 21 0.00 40.68 19.05 30.38 0.20
2015 4 22 0.00 45.83 28.32 36.56 0.00
2015 4 23 0.00 45.83 30.38 38.62 0.00
2015 4 24 0.00 48.92 33.47 40.68 0.00
2015 4 25 0.00 50.98 30.38 40.68 0.00
2015 4 26 0.00 55.10 26.26 39.65 0.00
2015 4 27 0.00 54.07 28.32 40.68 0.00
2015 4 28 0.00 57.16 31.41 41.71 0.00
2015 4 29 0.00 55.10 30.38 39.65 0.00
2015 4 30 0.10 53.04 31.41 38.62 0.00
2015 5 1 0.00 52.01 29.35 38.62 0.00
2015 5 2 0.00 55.10 26.26 39.65 0.00
2015 5 3 0.00 48.92 35.53 39.65 0.00
2015 5 4 0.00 59.22 36.56 44.80 0.00
2015 5 5 0.00 56.13 30.38 43.77 0.00
2015 5 6 0.00 54.07 31.41 44.80 0.00
2015 5 7 0.00 55.10 41.71 46.86 0.00
2015 5 8 0.00 55.10 35.53 42.74 0.00
2015 5 9 0.00 55.10 34.50 43.77 0.00
2015 5 10 0.00 58.19 36.56 46.86 0.00
2015 5 11 0.00 58.19 34.50 46.86 0.00
2015 5 12 0.00 60.25 37.59 46.86 0.00
2015 5 13 0.10 59.22 32.44 45.83 0.00
2015 5 14 0.10 52.01 40.68 46.86 0.00
2015 5 15 0.00 59.22 44.80 49.95 0.00
2015 5 16 0.00 60.25 42.74 52.01 0.00
2015 5 17 0.00 61.28 45.83 53.04 0.00
2015 5 18 0.00 55.10 42.74 49.95 0.00
2015 5 19 0.00 62.31 39.65 49.95 0.00
2015 5 20 0.00 56.13 46.86 52.01 0.00
2015 5 21 0.00 66.43 42.74 52.01 0.00
2015 5 22 0.00 68.49 41.71 55.10 0.00
2015 5 23 0.00 59.22 49.95 55.10 0.00
2015 5 24 0.00 62.31 45.83 52.01 0.00
2015 5 25 0.20 62.31 37.59 47.89 0.00
2015 5 26 0.00 60.25 35.53 46.86 0.00
2015 5 27 0.00 66.43 33.47 49.95 0.00
2015 5 28 0.00 65.40 39.65 52.01 0.00
2015 5 29 0.00 72.61 38.62 56.13 0.00
2015 5 30 0.00 76.73 43.77 60.25 0.00
2015 5 31 0.00 78.79 46.86 60.25 0.00
2015 6 1 0.00 74.67 46.86 59.22 0.00
2015 6 2 0.50 53.04 44.80 48.92 0.00
2015 6 3 0.00 55.10 36.56 46.86 0.00
2015 6 4 0.00 54.07 36.56 45.83 0.00
2015 6 5 0.20 56.13 39.65 45.83 0.00
2015 6 6 0.00 60.25 36.56 47.89 0.00
2015 6 7 0.30 55.10 38.62 44.80 0.00
2015 6 8 0.00 59.22 37.59 47.89 0.00
2015 6 9 0.00 55.10 42.74 49.95 0.00
2015 6 10 0.50 54.07 37.59 44.80 0.00
2015 6 11 0.00 55.10 40.68 46.86 0.00
2015 6 12 0.00 59.22 43.77 49.95 0.00
2015 6 13 0.00 74.67 39.65 56.13 0.00
2015 6 14 0.00 79.82 44.80 61.28 0.00
2015 6 15 0.00 84.97 47.89 65.40 0.00
2015 6 16 0.00 81.88 48.92 64.37 0.00
2015 6 17 0.00 83.94 47.89 66.43 0.00
2015 6 18 0.00 81.88 49.95 65.40 0.00
2015 6 19 0.00 78.79 48.92 61.28 0.00
2015 6 20 0.00 77.76 45.83 59.22 0.00
2015 6 21 0.00 78.79 47.89 60.25 0.00
2015 6 22 0.00 67.46 45.83 55.10 0.00
2015 6 23 0.00 79.82 46.86 62.31 0.00
2015 6 24 0.00 73.64 46.86 60.25 0.00
2015 6 25 0.40 74.67 48.92 59.22 0.00
2015 6 26 1.30 57.16 46.86 53.04 0.00
2015 6 27 0.00 65.40 41.71 54.07 0.00
2015 6 28 0.00 68.49 44.80 57.16 0.00
2015 6 29 0.00 70.55 47.89 57.16 0.00
2015 6 30 0.00 70.55 48.92 56.13 0.00
2015 7 1 0.20 55.10 46.86 49.95 0.00
2015 7 2 0.00 64.37 43.77 53.04 0.00
2015 7 3 0.00 74.67 40.68 57.16 0.00
2015 7 4 0.00 61.28 53.04 58.19 0.00
2015 7 5 0.00 74.67 50.98 63.34 0.00
2015 7 6 0.00 68.49 60.25 64.37 0.00
2015 7 7 0.10 61.28 48.92 54.07 0.00
2015 7 8 0.00 64.37 47.89 53.04 0.00
2015 7 9 0.10 60.25 46.86 50.98 0.00
2015 7 10 0.00 66.43 48.92 56.13 0.00
2015 7 11 0.00 70.55 47.89 58.19 0.00
2015 7 12 0.00 73.64 45.83 57.16 0.00
2015 7 13 0.00 70.55 45.83 55.10 0.00
2015 7 14 0.10 69.52 42.74 53.04 0.00
2015 7 15 0.00 68.49 40.68 54.07 0.00
2015 7 16 0.00 59.22 47.89 53.04 0.00
2015 7 17 0.30 52.01 45.83 48.92 0.00
2015 7 18 0.50 57.16 45.83 50.98 0.00
2015 7 19 0.00 62.31 46.86 53.04 0.00
2015 7 20 0.00 67.46 44.80 54.07 0.00
2015 7 21 0.10 65.40 45.83 54.07 0.00
2015 7 22 0.10 59.22 48.92 53.04 0.00
2015 7 23 0.10 56.13 47.89 50.98 0.00
2015 7 24 0.00 64.37 48.92 54.07 0.00
2015 7 25 0.60 57.16 47.89 52.01 0.00
2015 7 26 0.20 57.16 46.86 50.98 0.00
2015 7 27 0.30 64.37 48.92 54.07 0.00
2015 7 28 0.10 66.43 48.92 55.10 0.00
2015 7 29 0.00 65.40 49.95 55.10 0.00
2015 7 30 0.00 68.49 48.92 56.13 0.00
2015 7 31 0.00 73.64 44.80 57.16 0.00
2015 8 1 0.00 71.58 45.83 57.16 0.00
2015 8 2 0.00 68.49 42.74 55.10 0.00
2015 8 3 0.00 80.85 45.83 61.28 0.00
2015 8 4 0.00  nan  nan  nan 0.00
2015 8 5 0.00  nan  nan  nan 0.00
2015 8 6 0.00  nan  nan  nan 0.00
2015 8 7 0.00  nan  nan  nan 0.00
2015 8 8 0.10 65.40 48.92 55.10 0.00
2015 8 9 1.30 59.22 46.86 52.01 0.00
2015 8 10 0.00 57.16 39.65 46.86 0.00
2015 8 11 0.00 60.25 34.50 46.86 0.00
2015 8 12 0.00 61.28 41.71 49.95 0.00
2015 8 13 0.00 62.31 43.77 53.04 0.00
2015 8 14 0.00 64.37 47.89 55.10 0.00
2015 8 15 0.10 58.19 47.89 52.01 0.00
2015 8 16 0.10 56.13 45.83 50.98 0.00
2015 8 17 0.00 57.16 46.86 52.01 0.00
2015 8 18 0.00 60.25 47.89 52.01 0.00
2015 8 19 0.00  nan  nan  nan 0.00
2015 8 20 0.00 61.28 37.59 48.92 0.00
2015 8 21 0.00 62.31 41.71 49.95 0.00
2015 8 22 0.00 60.25 43.77 49.95 0.00
2015 8 23 0.00 58.19 37.59 47.89 0.00
2015 8 24 0.00 61.28 33.47 47.89 0.00
2015 8 25 0.00 63.34 46.86 53.04 0.00
2015 8 26 0.60 59.22 46.86 50.98 0.00
2015 8 27 0.00 53.04 35.53 44.80 0.00
2015 8 28 0.10 48.92 33.47 39.65 0.00
2015 8 29 0.10 43.77 31.41 38.62 0.00
2015 8 30 0.10 44.80 31.41 36.56 0.00
2015 8 31 0.00 49.95 31.41 38.62 0.00
2015 9 1 0.00 55.10 28.32 39.65 0.00
2015 9 2 0.00  nan  nan  nan 0.00
2015 9 3 0.10 54.07 45.83 49.95 0.00
2015 9 4 0.20 52.01 45.83 48.92 0.00
2015 9 5 0.00 57.16 46.86 49.95 0.00
2015 9 6 0.00 61.28 46.86 50.98 0.00
2015 9 7 0.00 57.16 46.86 50.98 0.00
2015 9 8 0.20 52.01 42.74 46.86 0.00
2015 9 9 0.00 59.22 40.68 48.92 0.00
2015 9 10 0.00 57.16 39.65 48.92 0.00
2015 9 11 0.30 50.98 35.53 43.77 0.00
2015 9 12 0.00 45.83 34.50 37.59 0.00
2015 9 13 0.40 45.83 37.59 40.68 0.00
2015 9 14 0.80 46.86 38.62 42.74 0.00
2015 9 15 0.70 44.80 37.59 41.71 0.00
2015 9 16 0.00 47.89 32.44 38.62 0.00
2015 9 17 0.60 35.53 31.41 33.47 0.00
2015 9 18 0.20 39.65 31.41 34.50 0.00
2015 9 19 0.10 34.50 30.38 32.44 0.00
2015 9 20 0.00 39.65 29.35 33.47 0.00
2015 9 21 0.10 37.59 31.41 33.47 0.00
2015 9 22 0.00 41.71 29.35 33.47 0.00
2015 9 23 0.00 37.59 24.20 29.35 0.00
2015 9 24 0.00 43.77 21.11 31.41 0.00
2015 9 25 1.40 41.71 33.47 37.59 0.00
2015 9 26 0.30 45.83 36.56 41.71 0.00
2015 9 27 1.10 49.95 41.71 45.83 0.00
2015 9 28 1.30 49.95 31.41 39.65 0.00
2015 9 29 0.70 31.41 26.26 28.32 0.20
2015 9 30 0.00 38.62 26.26 30.38 0.80
2015 10 1 0.00 40.68 26.26 33.47 0.80
2015 10 2 0.60 47.89 34.50 38.62 0.80
2015 10 3 0.20 41.71 36.56 38.62 0.30
2015 10 4 0.10 45.83 34.50 38.62 0.00
2015 10 5 0.00 52.01 33.47 41.71 0.00
2015 10 6 0.00 48.92 37.59 42.74 0.00
2015 10 7 0.10 46.86 38.62 40.68 0.00
2015 10 8 0.00 60.25 38.62 47.89 0.00
2015 10 9 0.00 49.95 33.47 41.71 0.00
2015 10 10 0.00 44.80 31.41 35.53 0.00
2015 10 11 0.00 52.01 34.50 43.77 0.00
2015 10 12 0.00 36.56 31.41 33.47 0.00
2015 10 13 0.00 39.65 31.41 34.50 0.00
2015 10 14 0.10 47.89 30.38 37.59 0.00
2015 10 15 0.00 45.83 31.41 37.59 0.00
2015 10 16 0.10 37.59 30.38 33.47 0.00
2015 10 17 0.10 44.80 31.41 38.62 0.00
2015 10 18 0.30 39.65 34.50 37.59 0.00
2015 10 19 0.00 47.89 29.35 37.59 0.00
2015 10 20 0.00 52.01 28.32 41.71 0.00
2015 10 21 0.00 33.47 25.23 27.29 0.00
2015 10 22 0.00 31.41 23.17 27.29 0.00
2015 10 23 0.00 44.80 28.32 36.56 0.00
2015 10 24 0.00 45.83 33.47 40.68 0.00
2015 10 25 0.00 48.92 31.41 38.62 0.00
2015 10 26 0.00 49.95 36.56 43.77 0.00
2015 10 27 0.00 50.98 43.77 48.92 0.00
2015 10 28 0.00 46.86 30.38 38.62 0.00
2015 10 29 0.20 30.38 25.23 28.32 0.00
2015 10 30 0.10 25.23 15.96 20.08 0.20
2015 10 31 0.00 18.02 9.78 13.90 0.20
2015 11 1 0.40 32.44 9.78 24.20 0.30
2015 11 2 0.00 36.56 31.41 32.44 0.60
2015 11 3 0.10 33.47 23.17 30.38 0.60
2015 11 4 0.00 36.56 22.14 29.35 0.70
2015 11 5 0.10 40.68 30.38 36.56 0.70
2015 11 6 0.00 35.53 27.29 30.38 0.80
2015 11 7 0.10 30.38 20.08 25.23 0.80
2015 11 8 0.20 34.50 19.05 28.32 0.90
2015 11 9 0.00 36.56 23.17 29.35 1.10
2015 11 10 0.10 31.41 21.11 26.26 1.10
2015 11 11 0.20 30.38 15.96 24.20 1.20
2015 11 12 0.00 24.20 7.72 10.81 1.40
2015 11 13 0.00 9.78 6.69 7.72 1.40
2015 11 14 0.00 12.87 5.66 8.75 1.40
2015 11 15 0.00 8.75 -6.70 1.54 1.40
2015 11 16 0.00 -3.61 -17.00 -9.79 1.40
2015 11 17 0.00 -7.73 -20.09 -12.88 1.40
2015 11 18 0.40 19.05 -11.85 4.63 1.40
2015 11 19 0.00 34.50 19.05 26.26 1.80
2015 11 20 0.10 36.56 28.32 32.44 1.80
2015 11 21 0.60 29.35 7.72 19.05 1.90
2015 11 22 0.00 28.32 7.72 20.08 2.30
2015 11 23 0.00 39.65 14.93 27.29 2.30
2015 11 24 0.40 36.56 31.41 32.44 2.30
2015 11 25 0.80 33.47 29.35 31.41 2.60
2015 11 26 0.30 34.50 23.17 27.29 3.40
2015 11 27 0.10 39.65 33.47 36.56 3.70
2015 11 28 0.00 42.74 29.35 37.59 3.80
2015 11 29 0.00 37.59 24.20 28.32 3.80
2015 11 30 0.00 36.56 28.32 32.44 3.80
2015 12 1 0.00 29.35 -0.52 11.84 3.80
2015 12 2 0.00 5.66 -3.61 1.54 3.80
2015 12 3 0.00 5.66 -4.64 1.54 3.80
2015 12 4 0.00 5.66 -4.64 -0.52 3.80
2015 12 5 0.00 20.08 0.51 6.69 3.80
2015 12 6 0.00 5.66 -15.97 -7.73 3.80
2015 12 7 0.00 20.08 -17.00 -3.61 3.80
2015 12 8 0.00 1.54 -13.91 -6.70 3.80
2015 12 9 0.00 -2.58 -17.00 -13.91 3.80
2015 12 10 0.00 3.60 -14.94 -5.67 3.80
2015 12 11 0.00 16.99 -4.64 2.57 3.80
2015 12 12 0.10 2.57 -19.06 -6.70 3.80
2015 12 13 0.00 29.35 -20.09 15.96 3.90
2015 12 14 0.00 33.47 24.20 28.32 3.90
2015 12 15 0.00 32.44 21.11 28.32 3.90
2015 12 16 0.00 24.20 10.81 18.02 3.90
2015 12 17 0.00 21.11 1.54 8.75 3.90
2015 12 18 0.00 36.56 -3.61 19.05 3.90
2015 12 19 0.00 35.53 22.14 29.35 3.90
2015 12 20 0.00 27.29 20.08 23.17 3.90
2015 12 21 0.00 22.14 8.75 16.99 3.90
2015 12 22 0.10 12.87 5.66 9.78 3.90
2015 12 23 0.00 19.05 9.78 14.93 4.00
2015 12 24 0.00 24.20 2.57 14.93 4.00
2015 12 25 0.00 37.59 22.14 31.41 4.00
2015 12 26 0.00 37.59 25.23 30.38 4.00
2015 12 27 0.10 40.68 28.32 34.50 4.00
2015 12 28 0.00 40.68 31.41 35.53 4.10
2015 12 29 0.00 45.83 35.53 41.71 4.10
2015 12 30 0.40 42.74 33.47 36.56 4.10
2015 12 31 0.00 40.68 24.20 32.44 4.10
2016 1 1 0.10 41.71 29.35 36.56 4.10
2016 1 2 0.00 38.62 29.35 35.53 4.20
2016 1 3 0.00 41.71 31.41 36.56 4.20
2016 1 4 0.00 41.71 35.53 38.62 4.20
2016 1 5 0.00 39.65 28.32 35.53 4.20
2016 1 6 0.00 30.38 12.87 23.17 4.20
2016 1 7 0.10 38.62 13.90 30.38 4.20
2016 1 8 0.00 38.62 19.05 33.47 4.30
2016 1 9 0.00 42.74 18.02 34.50 4.30
2016 1 10 0.00 40.68 33.47 37.59 4.30
2016 1 11 0.00 43.77 31.41 37.59 4.30
2016 1 12 0.00 31.41 14.93 23.17 4.30
2016 1 13 0.00 20.08 13.90 16.99 4.30
2016 1 14 0.00 13.90 -2.58 5.66 4.30
2016 1 15 0.00 4.63 -10.82 -3.61 4.30
2016 1 16 0.00 15.96 -14.94 -7.73 4.30
2016 1 17 0.00 36.56 0.51 22.14 4.30
2016 1 18 0.00 10.81 0.51 5.66 4.30
2016 1 19 0.00 13.90 0.51 4.63 4.30
2016 1 20 0.00 8.75 -1.55 2.57 4.30
2016 1 21 0.00 1.54 -8.76 -3.61 4.30
2016 1 22 0.00 3.60 -10.82 -4.64 4.30
2016 1 23 0.00 36.56 -2.58 15.96 4.30
2016 1 24 0.00 43.77 31.41 36.56 4.30
2016 1 25 0.00 41.71 31.41 36.56 4.30
2016 1 26 0.00 42.74 29.35 35.53 4.30
2016 1 27 0.00 42.74 30.38 36.56 4.30
2016 1 28 0.10 33.47 27.29 29.35 4.30
2016 1 29 0.00 33.47 7.72 20.08 4.40
2016 1 30 0.10 35.53 12.87 23.17 4.40
2016 1 31 0.00 42.74 25.23 35.53 4.50
2016 2 1 0.00 41.71 25.23 33.47 4.50
2016 2 2 0.00 34.50 12.87 23.17 4.50
2016 2 3 0.00 41.71 12.87 30.38 4.50
2016 2 4 0.00 42.74 20.08 34.50 4.50
2016 2 5 0.00 39.65 25.23 34.50 4.50
2016 2 6 0.00 36.56 21.11 30.38 4.50
2016 2 7 0.00 38.62 15.96 25.23 4.50
2016 2 8 0.00 39.65 27.29 33.47 4.50
2016 2 9 0.00 43.77 23.17 34.50 4.50
2016 2 10 0.00 25.23 9.78 15.96 4.50
2016 2 11 0.00 25.23 8.75 15.96 4.50
2016 2 12 0.00 28.32 14.93 21.11 4.50
2016 2 13 0.00 39.65 12.87 27.29 4.50
2016 2 14 0.00 43.77 25.23 33.47 4.50
2016 2 15 0.00 37.59 20.08 28.32 4.50
2016 2 16 0.00 33.47 12.87 21.11 4.50
2016 2 17 0.00 35.53 22.14 32.44 4.50
2016 2 18 0.00 30.38 10.81 21.11 4.50
2016 2 19 0.00 26.26 3.60 11.84 4.50
2016 2 20 0.00 42.74 12.87 31.41 4.50
2016 2 21 0.40 31.41 26.26 28.32 4.50
2016 2 22 0.00 44.80 20.08 31.41 4.90
2016 2 23 0.10 38.62 16.99 31.41 4.90
2016 2 24 0.00 42.74 31.41 36.56 5.00
2016 2 25 0.00 46.86 28.32 36.56 5.00
2016 2 26 0.00 44.80 29.35 37.59 5.00
2016 2 27 0.00 42.74 32.44 37.59 5.00
2016 2 28 0.00 45.83 28.32 37.59 5.00
2016 2 29 0.00 39.65 30.38 35.53 5.00
2016 3 1 0.00 45.83 26.26 35.53 5.00
2016 3 2 0.00 39.65 15.96 26.26 5.00
2016 3 3 0.00 29.35 7.72 18.02 5.00
2016 3 4 0.00 22.14 8.75 14.93 5.00
2016 3 5 0.00 29.35 7.72 16.99 5.00
2016 3 6 0.00 37.59 10.81 21.11 5.00
2016 3 7 0.00 28.32 13.90 20.08 5.00
2016 3 8 0.00 39.65 12.87 24.20 5.00
2016 3 9 0.00 37.59 12.87 24.20 5.00
2016 3 10 0.00 45.83 21.11 31.41 5.00
2016 3 11 0.00 45.83 20.08 31.41 5.00
2016 3 12 0.00 45.83 23.17 32.44 5.00
2016 3 13 0.00 40.68 10.81 25.23 5.00
2016 3 14 0.00 34.50 8.75 21.11 5.00
2016 3 15 0.00 22.14 14.93 18.02 5.00
2016 3 16 0.00 20.08 1.54 10.81 5.00
2016 3 17 0.00 25.23 -15.97 5.66 5.00
2016 3 18 0.00 21.11 -14.94 4.63 5.00
2016 3 19 0.00 13.90 -11.85 0.51 5.00
2016 3 20 0.10 19.05 -1.55 8.75 5.00
2016 3 21 0.00 46.86 8.75 24.20 5.10
2016 3 22 0.00 52.01 21.11 38.62 5.10
2016 3 23 0.00 50.98 26.26 36.56 5.10
2016 3 24 0.00 48.92 30.38 37.59 5.10
2016 3 25 0.50 44.80 31.41 36.56 5.10
2016 3 26 0.50 39.65 29.35 32.44 5.10
2016 3 27 0.10 37.59 21.11 31.41 5.50
2016 3 28 0.10 42.74 27.29 33.47 5.50
2016 3 29 0.00 44.80 30.38 36.56 5.50
2016 3 30 0.20 47.89 33.47 39.65 5.40
2016 3 31 0.00 56.13 41.71 49.95 5.10
2016 4 1 0.00 47.89 36.56 43.77 4.20
2016 4 2 0.00 41.71 27.29 36.56 3.30
2016 4 3 0.00 44.80 27.29 35.53 3.10
2016 4 4 0.00 50.98 27.29 37.59 2.60
2016 4 5 0.00 52.01 30.38 40.68 2.10
2016 4 6 0.00 49.95 30.38 39.65 1.40
2016 4 7 0.00 47.89 29.35 36.56 0.80
2016 4 8 0.00 47.89 25.23 36.56 0.30
2016 4 9 0.00 49.95 36.56 42.74 0.00
2016 4 10 0.00 47.89 34.50 40.68 0.00
2016 4 11 0.00 44.80 31.41 39.65 0.00
2016 4 12 0.00 52.01 27.29 38.62 0.00
2016 4 13 0.00 50.98 25.23 37.59 0.00
2016 4 14 0.00 53.04 32.44 40.68 0.00
2016 4 15 0.00 54.07 29.35 40.68 0.00
2016 4 16 0.00 54.07 28.32 38.62 0.00
2016 4 17 0.00 52.01 25.23 37.59 0.00
2016 4 18 0.00 50.98 25.23 38.62 0.00
2016 4 19 0.00 47.89 37.59 41.71 0.00
2016 4 20 0.00 53.04 33.47 42.74 0.00
2016 4 21 0.00 58.19 30.38 42.74 0.00
2016 4 22 0.00 55.10 36.56 45.83 0.00
2016 4 23 0.00 59.22 34.50 45.83 0.00
2016 4 24 0.00 60.25 34.50 44.80 0.00
2016 4 25 0.00 52.01 36.56 44.80 0.00
2016 4 26 0.00 56.13 36.56 45.83 0.00
2016 4 27 0.00 52.01 26.26 40.68 0.00
2016 4 28 0.00 57.16 31.41 42.74 0.00
2016 4 29 0.00 48.92 32.44 40.68 0.00
2016 4 30 0.00 49.95 33.47 42.74 0.00
2016 5 1 0.00 56.13 31.41 42.74 0.00
2016 5 2 0.00 55.10 28.32 39.65 0.00
2016 5 3 0.00 57.16 28.32 41.71 0.00
2016 5 4 0.00 54.07 33.47 43.77 0.00
2016 5 5 0.00 55.10 31.41 42.74 0.00
2016 5 6 0.10 57.16 36.56 44.80 0.00
2016 5 7 0.00 55.10 34.50 43.77 0.00
2016 5 8 0.00 52.01 34.50 43.77 0.00
2016 5 9 0.00 54.07 37.59 44.80 0.00
2016 5 10 0.10 56.13 42.74 48.92 0.00
2016 5 11 0.00 58.19 44.80 52.01 0.00
2016 5 12 0.00 63.34 43.77 52.01 0.00
2016 5 13 0.00 71.58 38.62 54.07 0.00
2016 5 14 0.00 75.70 42.74 58.19 0.00
2016 5 15 0.00 74.67 39.65 55.10 0.00
2016 5 16 0.00 70.55 38.62 54.07 0.00
2016 5 17 0.20 52.01 42.74 44.80 0.00
2016 5 18 0.20 54.07 40.68 46.86 0.00
2016 5 19 0.00 61.28 38.62 46.86 0.00
2016 5 20 0.00 55.10 43.77 47.89 0.00
2016 5 21 0.30 49.95 38.62 43.77 0.00
2016 5 22 0.10 46.86 32.44 40.68 0.00
2016 5 23 0.00 49.95 33.47 41.71 0.00
2016 5 24 0.00 58.19 36.56 46.86 0.00
2016 5 25 0.00 59.22 41.71 48.92 0.00
2016 5 26 0.00 68.49 37.59 53.04 0.00
2016 5 27 0.00 74.67 39.65 57.16 0.00
2016 5 28 0.00 76.73 44.80 59.22 0.00
2016 5 29 0.00 73.64 45.83 59.22 0.00
2016 5 30 0.00 59.22 39.65 52.01 0.00
2016 5 31 0.00 68.49 35.53 53.04 0.00
2016 6 1 0.00 68.49 39.65 54.07 0.00
2016 6 2 0.00 59.22 44.80 50.98 0.00
2016 6 3 0.30 57.16 45.83 48.92 0.00
2016 6 4 0.00 64.37 42.74 52.01 0.00
2016 6 5 0.30  nan  nan  nan 0.00
2016 6 6 0.60  nan  nan  nan 0.00
2016 6 7 0.00 62.31 36.56 48.92 0.00
2016 6 8 0.00 70.55 44.80 56.13 0.00
2016 6 9 0.00 73.64 45.83 59.22 0.00
2016 6 10 0.00 62.31 43.77 52.01 0.00
2016 6 11 0.00 57.16 42.74 48.92 0.00
2016 6 12 0.00 58.19 41.71 48.92 0.00
2016 6 13 0.00 61.28 40.68 49.95 0.00
2016 6 14 0.00 64.37 39.65 49.95 0.00
2016 6 15 0.00 73.64 37.59 54.07 0.00
2016 6 16 0.00 80.85 44.80 63.34 0.00
2016 6 17 0.20 66.43 49.95 56.13 0.00
2016 6 18 0.00 66.43 47.89 56.13 0.00
2016 6 19 0.50 55.10 44.80 49.95 0.00
2016 6 20 0.20 54.07 43.77 47.89 0.00
2016 6 21 0.00 66.43 43.77 54.07 0.00
2016 6 22 0.00 73.64 43.77 59.22 0.00
2016 6 23 0.00 65.40 49.95 56.13 0.00
2016 6 24 0.00 65.40 48.92 54.07 0.00
2016 6 25 0.00 73.64 45.83 58.19 0.00
2016 6 26 0.00 60.25 48.92 55.10 0.00
2016 6 27 0.00 68.49 48.92 57.16 0.00
2016 6 28 0.30 67.46 48.92 56.13 0.00
2016 6 29 0.00 71.58 43.77 58.19 0.00
2016 6 30 0.00 70.55 48.92 58.19 0.00
2016 7 1 0.20 63.34 50.98 55.10 0.00
2016 7 2 0.60 56.13 53.04 55.10 0.00
2016 7 3 0.00 63.34 52.01 56.13 0.00
2016 7 4 0.70 58.19 49.95 54.07 0.00
2016 7 5 0.60 56.13 47.89 52.01 0.00
2016 7 6 0.50 56.13 46.86 49.95 0.00
2016 7 7 0.00 64.37 46.86 54.07 0.00
2016 7 8 0.00 73.64 44.80 58.19 0.00
2016 7 9 0.00 64.37 52.01 58.19 0.00
2016 7 10 0.10 57.16 46.86 54.07 0.00
2016 7 11 0.00 62.31 43.77 53.04 0.00
2016 7 12 0.00 78.79 42.74 59.22 0.00
2016 7 13 0.00 80.85 49.95 63.34 0.00
2016 7 14 0.00 79.82 52.01 64.37 0.00
2016 7 15 0.00 72.61 47.89 60.25 0.00
2016 7 16 0.00 74.67 50.98 61.28 0.00
2016 7 17 0.00 77.76 48.92 62.31 0.00
2016 7 18 0.00 74.67 49.95 62.31 0.00
2016 7 19 0.00 55.10 49.95 52.01 0.00
2016 7 20 0.00 66.43 48.92 56.13 0.00
2016 7 21 0.20 64.37 50.98 56.13 0.00
2016 7 22 0.20 55.10 47.89 50.98 0.00
2016 7 23 0.00 61.28 46.86 50.98 0.00
2016 7 24 0.10 66.43 46.86 54.07 0.00
2016 7 25 0.10 63.34 45.83 54.07 0.00
2016 7 26 0.00 64.37 47.89 56.13 0.00
2016 7 27 0.00 71.58 47.89 58.19 0.00
2016 7 28 0.10 69.52 48.92 56.13 0.00
2016 7 29 0.10 63.34 50.98 56.13 0.00
2016 7 30 0.00 60.25 48.92 54.07 0.00
2016 7 31 0.40 55.10 49.95 52.01 0.00
2016 8 1 0.10 63.34 49.95 55.10 0.00
2016 8 2 0.00 64.37 49.95 55.10 0.00
2016 8 3 0.00 65.40 50.98 57.16 0.00
2016 8 4 0.60 57.16 50.98 54.07 0.00
2016 8 5 0.00 66.43 52.01 58.19 0.00
2016 8 6 0.70 57.16 49.95 54.07 0.00
2016 8 7 0.30 62.31 48.92 55.10 0.00
2016 8 8 0.60 57.16 49.95 52.01 0.00
2016 8 9 0.40 59.22 48.92 52.01 0.00
2016 8 10 0.70 55.10 47.89 50.98 0.00
2016 8 11 0.40 53.04 45.83 49.95 0.00
2016 8 12 0.00 66.43 45.83 55.10 0.00
2016 8 13 0.00 65.40 49.95 57.16 0.00
2016 8 14 0.00 69.52 48.92 56.13 0.00
2016 8 15 0.00 67.46 45.83 53.04 0.00
2016 8 16 0.00 70.55 43.77 56.13 0.00
2016 8 17 0.00 61.28 49.95 56.13 0.00
2016 8 18 0.00 65.40 43.77 54.07 0.00
2016 8 19 0.10 63.34 47.89 54.07 0.00
2016 8 20 0.20 59.22 48.92 54.07 0.00
2016 8 21 0.30 56.13 47.89 52.01 0.00
2016 8 22 0.10 58.19 47.89 54.07 0.00
2016 8 23 0.00 61.28 47.89 53.04 0.00
2016 8 24 0.30 63.34 49.95 55.10 0.00
2016 8 25 0.30 63.34 46.86 54.07 0.00
2016 8 26 0.00 68.49 44.80 55.10 0.00
2016 8 27 0.00 67.46 49.95 55.10 0.00
2016 8 28 0.00 68.49 47.89 55.10 0.00
2016 8 29 0.00 70.55 43.77 55.10 0.00
2016 8 30 0.00 71.58 43.77 55.10 0.00
2016 8 31 0.00  nan  nan  nan 0.00
2016 9 1 0.00  nan  nan  nan 0.00
2016 9 2 0.00 73.64 43.77 56.13 0.00
2016 9 3 0.00 61.28 44.80 54.07 0.00
2016 9 4 0.40 57.16 48.92 52.01 0.00
2016 9 5 1.00 55.10 45.83 49.95 0.00
2016 9 6 0.20 59.22 43.77 48.92 0.00
2016 9 7 1.10 56.13 42.74 47.89 0.00
2016 9 8 0.30 56.13 39.65 44.80 0.00
2016 9 9 0.00 54.07 35.53 42.74 0.00
2016 9 10 0.00 61.28 33.47 45.83 0.00
2016 9 11 0.40 59.22 45.83 52.01 0.00
2016 9 12 0.80 53.04 41.71 47.89 0.00
2016 9 13 0.00 52.01 33.47 42.74 0.00
2016 9 14 0.00 59.22 32.44 44.80 0.00
2016 9 15 0.00 59.22 42.74 50.98 0.00
2016 9 16 0.00 57.16 42.74 48.92 0.00
2016 9 17 0.20 47.89 40.68 43.77 0.00
2016 9 18 0.00 50.98 35.53 41.71 0.00
2016 9 19 0.00 56.13 32.44 43.77 0.00
2016 9 20 0.00 53.04 45.83 50.98 0.00
2016 9 21 0.20 47.89 39.65 43.77 0.00
2016 9 22 1.90 41.71 35.53 37.59 0.00
2016 9 23 0.00 52.01 37.59 42.74 0.00
2016 9 24 0.20 43.77 34.50 39.65 0.00
2016 9 25 0.10 43.77 29.35 36.56 0.00
2016 9 26 0.00 45.83 27.29 34.50 0.00
2016 9 27 0.00 47.89 26.26 34.50 0.00
2016 9 28 0.10 45.83 35.53 40.68 0.00
2016 9 29 0.00 50.98 33.47 39.65 0.00
2016 9 30 0.00 61.28 31.41 44.80 0.00
2016 10 1 0.00 55.10 40.68 49.95 0.00
2016 10 2 0.20 47.89 39.65 43.77 0.00
2016 10 3 0.00 44.80 38.62 41.71 0.00
2016 10 4 0.00 43.77 35.53 38.62 0.00
2016 10 5 0.00 49.95 28.32 36.56 0.00
2016 10 6 0.00 53.04 28.32 38.62 0.00
2016 10 7 0.00 50.98 27.29 36.56 0.00
2016 10 8 0.00 57.16 28.32 43.77 0.00
2016 10 9 0.00 55.10 42.74 49.95 0.00
2016 10 10 0.00 56.13 41.71 49.95 0.00
2016 10 11 0.00 58.19 40.68 49.95 0.00
2016 10 12 0.00 62.31 40.68 53.04 0.00
2016 10 13 0.00 10.81 21.11 38.62 0.00
2016 10 14 0.00 42.74 24.20 30.38 0.00
2016 10 15 0.00 37.59 19.05 26.26 0.00
2016 10 16 0.00 29.35 11.84 19.05 0.00
2016 10 17 0.00 29.35 14.93 21.11 0.00
2016 10 18 0.10 45.83 15.96 28.32 0.00
2016 10 19 0.00 40.68 23.17 32.44 0.00
2016 10 20 0.00 27.29 21.11 25.23 0.00
2016 10 21 0.00 27.29 11.84 21.11 0.00
2016 10 22 0.00 26.26 8.75 14.93 0.00
2016 10 23 0.00 42.74 11.84 23.17 0.00
2016 10 24 0.00 41.71 19.05 26.26 0.00
2016 10 25 0.00 47.89 20.08 32.44 0.00
2016 10 26 0.00 46.86 32.44 37.59 0.00
2016 10 27 0.00 43.77 26.26 32.44 0.00
2016 10 28 0.00 52.01 27.29 38.62 0.00
2016 10 29 0.20 50.98 32.44 40.68 0.00
2016 10 30 0.10 42.74 31.41 35.53 0.00
2016 10 31 0.00 44.80 36.56 41.71 0.00
2016 11 1 0.00 48.92 32.44 39.65 0.00
2016 11 2 0.10 46.86 30.38 36.56 0.00
2016 11 3 0.00 38.62 21.11 28.32 0.00
2016 11 4 0.00 33.47 21.11 25.23 0.00
2016 11 5 0.00 33.47 22.14 26.26 0.00
2016 11 6 0.00 35.53 19.05 25.23 0.00
2016 11 7 0.00 20.08 10.81 16.99 0.00
2016 11 8 0.00 24.20 7.72 13.90 0.00
2016 11 9 0.10 24.20 11.84 18.02 0.00
2016 11 10 0.00 24.20 12.87 19.05 0.00
2016 11 11 0.00 36.56 16.99 23.17 0.00
2016 11 12 0.00 41.71 24.20 34.50 0.00
2016 11 13 0.00 40.68 21.11 30.38 0.00
2016 11 14 0.00 27.29 19.05 22.14 0.00
2016 11 15 0.00 23.17 15.96 20.08 0.00
2016 11 16 0.00 15.96 7.72 10.81 0.00
2016 11 17 0.00 8.75 1.54 5.66 0.00
2016 11 18 0.00 20.08 4.63 9.78 0.00
2016 11 19 0.00 10.81 5.66 8.75 0.00
2016 11 20 0.00 6.69 -4.64 -0.52 0.00
2016 11 21 0.00 2.57 -1.55 0.51 0.00
2016 11 22 0.00 19.05 1.54 5.66 0.00
2016 11 23 0.00 6.69 -4.64 1.54 0.00
2016 11 24 0.00 21.11 1.54 9.78 0.00
2016 11 25 0.50 27.29 21.11 24.20 0.00
2016 11 26 0.00 25.23 5.66 18.02 0.50
2016 11 27 0.00 5.66 -4.64 -0.52 0.50
2016 11 28 0.00 -1.55 -15.97 -7.73 0.50
2016 11 29 0.00 -13.91 -24.21 -21.12 0.50
2016 11 30 0.00 -12.88 -26.27 -19.06 0.50
2016 12 1 0.00 -7.73 -15.97 -12.88 0.50
2016 12 2 0.00 -7.73 -24.21 -15.97 0.50
2016 12 3 0.00 -10.82 -26.27 -21.12 0.50
2016 12 4 0.00 -9.79 -25.24 -19.06 0.50
2016 12 5 0.00 3.60 -21.12 -11.85 0.50
2016 12 6 0.00 5.66 -13.91 -4.64 0.50
2016 12 7 0.00 -8.76 -19.06 -13.91 0.50
2016 12 8 0.00 -0.52 -18.03 -10.82 0.50
2016 12 9 0.00 -5.67 -19.06 -13.91 0.50
2016 12 10 0.00 15.96 -21.12 -5.67 0.50
2016 12 11 0.00 -0.52 -13.91 -6.70 0.50
2016 12 12 0.00 9.78 -9.79 -0.52 0.50
2016 12 13 0.00 20.08 -2.58 10.81 0.50
2016 12 14 0.00 26.26 18.02 21.11 0.50
2016 12 15 0.00 29.35 20.08 25.23 0.50
2016 12 16 0.10 36.56 22.14 30.38 0.50
2016 12 17 0.40 33.47 14.93 27.29 0.60
2016 12 18 0.10 31.41 14.93 23.17 1.00
2016 12 19 0.00 28.32 16.99 23.17 1.10
2016 12 20 0.10 25.23 10.81 19.05 1.10
2016 12 21 0.00 14.93 1.54 7.72 1.20
2016 12 22 0.00 4.63 -8.76 -0.52 1.20
2016 12 23 0.00 19.05 -0.52 9.78 1.20
2016 12 24 0.00 38.62 18.02 30.38 1.20
2016 12 25 0.00 38.62 31.41 36.56 1.20
2016 12 26 0.00 35.53 15.96 24.20 1.20
2016 12 27 0.00 20.08 14.93 18.02 1.30
2016 12 28 0.00 20.08 -1.55 7.72 1.30
2016 12 29 0.40 38.62 1.54 22.14 1.30
2016 12 30 0.00 35.53 19.05 26.26 1.60
2016 12 31 0.00 27.29 7.72 19.05 1.60
2017 1 1 0.00 33.47 19.05 25.23 1.60
2017 1 2 0.00 26.26 11.84 18.02 1.60
2017 1 3 0.00 26.26 16.99 22.14 1.60
2017 1 4 0.00 30.38 22.14 27.29 1.60
2017 1 5 0.10 25.23 8.75 21.11 1.60
2017 1 6 0.00 12.87 -13.91 0.51 1.70
2017 1 7 0.00 -3.61 -15.97 -11.85 1.80
2017 1 8 0.00 5.66 -11.85 -7.73 1.80
2017 1 9 0.00 3.60 -11.85 -6.70 1.80
2017 1 10 0.00 12.87 -7.73 -1.55 1.80
2017 1 11 0.00 4.63 -14.94 -7.73 1.80
2017 1 12 0.00 -5.67 -14.94 -9.79 1.80
2017 1 13 0.00 -3.61 -17.00 -8.76 1.80
2017 1 14 0.20 -2.58 -35.54 -10.82 1.80
2017 1 15 0.00 -13.91 -37.60 -25.24 2.00
2017 1 16 0.00 -17.00 -42.75 -32.45 2.00
2017 1 17 0.00 -28.33  nan -41.72 2.00
2017 1 18 0.00 -24.21  nan -41.72 2.00
2017 1 19 0.00 20.08 -41.72 -6.70 2.00
2017 1 20 0.00 20.08 -15.97 10.81 2.00
2017 1 21 0.00 -12.88 -28.33 -19.06 2.00
2017 1 22 0.00 -20.09 -34.51 -27.30 2.00
2017 1 23 0.00 30.38 -33.48 4.63 2.00
2017 1 24 0.20 34.50 23.17 29.35 2.00
2017 1 25 0.10 38.62 23.17 31.41 2.20
2017 1 26 0.00 41.71 30.38 34.50 2.30
2017 1 27 0.10 35.53 22.14 30.38 2.30
2017 1 28 0.10 22.14 -0.52 10.81 2.40
2017 1 29 0.00 27.29 0.51 12.87 2.50
2017 1 30 0.00 37.59 12.87 30.38 2.50
2017 1 31 0.00 33.47 16.99 25.23 2.50
2017 2 1 0.00 19.05 -3.61 9.78 2.50
2017 2 2 0.00 16.99 -10.82 0.51 2.50
2017 2 3 0.00 14.93 -11.85 -0.52 2.50
2017 2 4 0.00 15.96 -7.73 2.57 2.50
2017 2 5 0.00 12.87 -6.70 1.54 2.50
2017 2 6 0.00 14.93 -13.91 -1.55 2.50
2017 2 7 0.00 23.17 -6.70 8.75 2.50
2017 2 8 0.00 31.41 15.96 22.14 2.50
2017 2 9 0.10 18.02 -9.79 4.63 2.50
2017 2 10 0.00 -7.73 -28.33 -18.03 2.60
2017 2 11 0.00 -11.85 -37.60 -26.27 2.60
2017 2 12 0.00 -6.70 -38.63 -22.15 2.60
2017 2 13 0.10 24.20 -9.79 6.69 2.60
2017 2 14 0.00 33.47 7.72 14.93 2.70
2017 2 15 0.30 35.53 19.05 24.20 2.70
2017 2 16 0.00 33.47 21.11 27.29 3.00
2017 2 17 0.00 27.29 10.81 22.14 3.00
2017 2 18 0.10 22.14 2.57 11.84 3.00
2017 2 19 0.10 2.57 -21.12 -8.76 3.10
2017 2 20 0.00 -9.79 -37.60 -24.21 3.20
2017 2 21 0.00 19.05 -40.69 -11.85 3.20
2017 2 22 0.10 32.44 16.99 25.23 3.20
2017 2 23 0.00 43.77 26.26 33.47 3.30
2017 2 24 0.10 37.59 29.35 32.44 3.30
2017 2 25 0.70 30.38 19.05 27.29 3.40
2017 2 26 0.00 35.53 27.29 30.38 4.10
2017 2 27 0.20 28.32 3.60 20.08 4.10
2017 2 28 0.00 7.72 -12.88 1.54 4.30
2017 3 1 0.00 6.69 -20.09 -7.73 4.30
2017 3 2 0.00 9.78 -30.39 -8.76 4.30
2017 3 3 0.00 4.63 -23.18 -8.76 4.30
2017 3 4 0.00 10.81 -23.18 -7.73 4.30
2017 3 5 0.00 12.87 -20.09 -4.64 4.30
2017 3 6 0.00 8.75 -27.30 -9.79 4.30
2017 3 7 0.00 4.63 -30.39 -11.85 4.30
2017 3 8 0.00 6.69 -31.42 -11.85 4.30
2017 3 9 0.00 13.90 -28.33 -5.67 4.30
2017 3 10 0.00 13.90 -11.85 1.54 4.30
2017 3 11 0.00 26.26 -7.73 7.72 4.30
2017 3 12 0.00 20.08 -6.70 6.69 4.30
2017 3 13 0.00 20.08 -14.94 3.60 4.30
2017 3 14 0.00 19.05 -3.61 5.66 4.30
2017 3 15 0.00 10.81 -18.03 -3.61 4.30
2017 3 16 0.00 7.72 -20.09 -5.67 4.30
2017 3 17 0.00 7.72 -29.36 -9.79 4.30
2017 3 18 0.00 6.69 -28.33 -9.79 4.30
2017 3 19 0.00 12.87 -28.33 -6.70 4.30
2017 3 20 0.00 18.02 -21.12 -1.55 4.30
2017 3 21 0.00 20.08 -20.09 0.51 4.30
2017 3 22 0.00 20.08 -18.03 1.54 4.30
2017 3 23 0.00 21.11 -17.00 3.60 4.30
2017 3 24 0.00 21.11 -18.03 4.63 4.30
2017 3 25 0.00 24.20 -17.00 4.63 4.30
2017 3 26 0.00 28.32 -14.94 7.72 4.30
2017 3 27 0.00 27.29 -14.94 8.75 4.30
2017 3 28 0.00 27.29 -7.73 10.81 4.30
2017 3 29 0.10 23.17 -3.61 10.81 4.30
2017 3 30 0.10 37.59 -9.79 20.08 4.40
2017 3 31 0.00 44.80 31.41 38.62 4.50
2017 4 1 0.00 46.86 27.29 38.62 4.40
2017 4 2 0.00 32.44 22.14 27.29 4.30
2017 4 3 0.00 39.65 15.96 29.35 4.20
2017 4 4 0.00 47.89 32.44 38.62 4.10
2017 4 5 0.00 44.80 29.35 36.56 4.00
2017 4 6 0.00 47.89 32.44 38.62 3.90
2017 4 7 0.00 46.86 25.23 36.56 3.80
2017 4 8 0.00 45.83 19.05 33.47 3.70
2017 4 9 0.00 45.83 28.32 35.53 3.60
2017 4 10 0.00 45.83 27.29 36.56 3.40
2017 4 11 0.00 46.86 18.02 32.44 3.00
2017 4 12 0.00 49.95 16.99 34.50 2.50
2017 4 13 0.00 48.92 16.99 34.50 1.90
2017 4 14 0.00 52.01 20.08 36.56 1.30
2017 4 15 0.00 55.10 24.20 39.65 0.60
2017 4 16 0.00 43.77 22.14 33.47 0.00
2017 4 17 0.00 41.71 28.32 34.50 0.00
2017 4 18 0.00 43.77 21.11 31.41 0.00
2017 4 19 0.00 48.92 20.08 34.50 0.00
2017 4 20 0.00 49.95 25.23 37.59 0.00
2017 4 21 0.00 52.01 27.29 39.65 0.00
2017 4 22 0.00 53.04 33.47 44.80 0.00
2017 4 23 0.00 52.01 40.68 46.86 0.00
2017 4 24 0.00 50.98 35.53 44.80 0.00
2017 4 25 0.00 52.01 33.47 41.71 0.00
2017 4 26 0.00 52.01 30.38 39.65 0.00
2017 4 27 0.20 49.95 34.50 39.65 0.00
2017 4 28 0.30 50.98 34.50 40.68 0.00
2017 4 29 0.00 53.04 29.35 40.68 0.00
2017 4 30 0.00 50.98 29.35 40.68 0.00
2017 5 1 0.00 52.01 33.47 42.74 0.00
2017 5 2 0.00 52.01 27.29 40.68 0.00
2017 5 3 0.00 57.16 32.44 42.74 0.00
2017 5 4 0.00 49.95 31.41 43.77 0.00
2017 5 5 0.00 55.10 27.29 42.74 0.00
2017 5 6 0.00 57.16 43.77 47.89 0.00
2017 5 7 0.00 53.04 39.65 46.86 0.00
2017 5 8 0.00 60.25 33.47 44.80 0.00
2017 5 9 0.00 59.22 33.47 45.83 0.00
2017 5 10 0.00 59.22 32.44 45.83 0.00
2017 5 11 0.00 62.31 32.44 46.86 0.00
2017 5 12 0.00 66.43 33.47 48.92 0.00
2017 5 13 0.50 43.77 33.47 36.56 0.00
2017 5 14 0.10 53.04 34.50 41.71 0.00
2017 5 15 0.00 66.43 33.47 49.95 0.00
2017 5 16 0.00 63.34 41.71 54.07 0.00
2017 5 17 0.00 58.19 37.59 46.86 0.00
2017 5 18 0.00 56.13 38.62 46.86 0.00
2017 5 19 0.00 57.16 34.50 45.83 0.00
2017 5 20 0.00 59.22 29.35 42.74 0.00
2017 5 21 0.00 55.10 29.35 41.71 0.00
2017 5 22 0.30 52.01 38.62 43.77 0.00
2017 5 23 0.00 49.95 33.47 42.74 0.00
2017 5 24 0.10 46.86 34.50 40.68 0.00
2017 5 25 0.00 43.77 31.41 37.59 0.00
2017 5 26 0.00 47.89 31.41 39.65 0.00
2017 5 27 0.00 53.04 32.44 42.74 0.00
2017 5 28 0.00 53.04 37.59 44.80 0.00
2017 5 29 0.00 49.95 36.56 41.71 0.00
2017 5 30 0.00 63.34 31.41 46.86 0.00
2017 5 31 0.00 68.49 34.50 50.98 0.00
2017 6 1 0.00 72.61 36.56 55.10 0.00
2017 6 2 0.00 73.64 40.68 56.13 0.00
2017 6 3 0.00 73.64 42.74 56.13 0.00
2017 6 4 0.00 73.64 40.68 55.10 0.00
2017 6 5 0.00  nan  nan  nan 0.00
2017 6 6 0.00  nan  nan  nan 0.00
2017 6 7 0.00 68.49 45.83 55.10 0.00
2017 6 8 0.10 67.46 44.80 54.07 0.00
2017 6 9 0.00 57.16 48.92 53.04 0.00
2017 6 10 0.00 67.46 48.92 56.13 0.00
2017 6 11 0.00 62.31 41.71 50.98 0.00
2017 6 12 0.00 59.22 43.77 48.92 0.00
2017 6 13 0.70 61.28 44.80 49.95 0.00
2017 6 14 0.70 58.19 42.74 47.89 0.00
2017 6 15 0.00 62.31 40.68 49.95 0.00
2017 6 16 0.00 69.52 38.62 50.98 0.00
2017 6 17 0.10 63.34 44.80 52.01 0.00
2017 6 18 0.00 66.43 39.65 52.01 0.00
2017 6 19 0.00 65.40 38.62 50.98 0.00
2017 6 20 0.10 61.28 45.83 53.04 0.00
2017 6 21 0.00 69.52 43.77 55.10 0.00
2017 6 22 0.00 65.40 48.92 55.10 0.00
2017 6 23 0.40 55.10 44.80 48.92 0.00
2017 6 24 0.00 69.52 46.86 56.13 0.00
2017 6 25 0.00 75.70 44.80 59.22 0.00
2017 6 26 0.00 55.10 43.77 50.98 0.00
2017 6 27 0.00 57.16 44.80 54.07 0.00
2017 6 28 0.00 64.37 47.89 57.16 0.00
2017 6 29 0.00 57.16 47.89 53.04 0.00
2017 6 30 0.00 58.19 44.80 52.01 0.00
2017 7 1 0.00 70.55 44.80 56.13 0.00
2017 7 2 0.20 66.43 47.89 56.13 0.00
2017 7 3 0.50 55.10 48.92 52.01 0.00
2017 7 4 0.00 65.40 47.89 55.10 0.00
2017 7 5 0.00 74.67 53.04 61.28 0.00
2017 7 6 0.00 76.73 50.98 63.34 0.00
2017 7 7 0.30 64.37 48.92 56.13 0.00
2017 7 8 0.40 66.43 48.92 57.16 0.00
2017 7 9 0.90 60.25 45.83 50.98 0.00
2017 7 10 0.00 65.40 42.74 54.07 0.00
2017 7 11 0.00 67.46 45.83 56.13 0.00
2017 7 12 0.00 75.70 45.83 60.25 0.00
2017 7 13 0.00 75.70 54.07 64.37 0.00
2017 7 14 0.50 62.31 53.04 58.19 0.00
2017 7 15 0.00 61.28 52.01 55.10 0.00
2017 7 16 0.00 64.37 52.01 57.16 0.00
2017 7 17 0.00 74.67 48.92 59.22 0.00
2017 7 18 0.50 59.22 47.89 53.04 0.00
2017 7 19 0.00 64.37 47.89 55.10 0.00
2017 7 20 0.00 72.61 47.89 61.28 0.00
2017 7 21 0.00 73.64 48.92 60.25 0.00
2017 7 22 0.00 77.76 50.98 63.34 0.00
2017 7 23 0.00 79.82 50.98 64.37 0.00
2017 7 24 0.10 64.37 48.92 56.13 0.00
2017 7 25 0.30 57.16 48.92 52.01 0.00
2017 7 26 0.10 66.43 49.95 55.10 0.00
2017 7 27 0.20 68.49 52.01 58.19 0.00
2017 7 28 0.00 63.34 50.98 57.16 0.00
2017 7 29 0.00 68.49 44.80 56.13 0.00
2017 7 30 0.30 71.58 50.98 60.25 0.00
2017 7 31 0.10 73.64 50.98 59.22 0.00
2017 8 1 0.00 70.55 49.95 58.19 0.00
2017 8 2 0.60 56.13 49.95 53.04 0.00
2017 8 3 0.30 58.19 52.01 55.10 0.00
2017 8 4 0.00 75.70 49.95 60.25 0.00
2017 8 5 0.00 78.79 50.98 62.31 0.00
2017 8 6 0.00 73.64 52.01 60.25 0.00
2017 8 7 0.00 71.58 46.86 57.16 0.00
2017 8 8 0.00 67.46 49.95 57.16 0.00
2017 8 9 0.00 64.37 49.95 59.22 0.00
2017 8 10 0.00 67.46 43.77 56.13 0.00
2017 8 11 0.00 64.37 40.68 50.98 0.00
2017 8 12 0.30 57.16 44.80 49.95 0.00
2017 8 13 0.30 52.01 42.74 46.86 0.00
2017 8 14 0.00 57.16 45.83 50.98 0.00
2017 8 15 0.30 54.07 45.83 48.92 0.00
2017 8 16 0.30 53.04 42.74 45.83 0.00
2017 8 17 0.10 52.01 37.59 44.80 0.00
2017 8 18 0.30 48.92 40.68 44.80 0.00
2017 8 19 0.00 57.16 40.68 46.86 0.00
2017 8 20 0.30 48.92 41.71 45.83 0.00
2017 8 21 0.00 59.22 42.74 47.89 0.00
2017 8 22 0.00 61.28 40.68 49.95 0.00
2017 8 23 0.10 54.07 42.74 47.89 0.00
2017 8 24 0.20 55.10 44.80 47.89 0.00
2017 8 25 0.00 65.40 41.71 50.98 0.00
2017 8 26 0.20 64.37 42.74 50.98 0.00
2017 8 27 0.00 63.34 41.71 52.01 0.00
2017 8 28 0.00 64.37 36.56 49.95 0.00
2017 8 29 0.00 63.34 45.83 53.04 0.00
2017 8 30 0.10 56.13 42.74 46.86 0.00
2017 8 31 0.10 52.01 41.71 44.80 0.00
2017 9 1 0.20 47.89 35.53 41.71 0.00
2017 9 2 0.00 54.07 35.53 45.83 0.00
2017 9 3 0.00 52.01 43.77 47.89 0.00
2017 9 4 0.00 60.25 42.74 50.98 0.00
2017 9 5 0.10 54.07 40.68 46.86 0.00
2017 9 6 0.20 52.01 42.74 45.83 0.00
2017 9 7 0.00 57.16 39.65 46.86 0.00
2017 9 8 0.00 60.25 38.62 47.89 0.00
2017 9 9 0.00 52.01 41.71 45.83 0.00
2017 9 10 0.00 52.01 42.74 45.83 0.00
2017 9 11 0.00 53.04 39.65 43.77 0.00
2017 9 12 0.00 55.10 37.59 47.89 0.00
2017 9 13 0.00 55.10 48.92 52.01 0.00
2017 9 14 0.00 55.10 45.83 50.98 0.00
2017 9 15 0.00 59.22 43.77 49.95 0.00
2017 9 16 0.00 59.22 42.74 48.92 0.00
2017 9 17 0.00 58.19 37.59 46.86 0.00
2017 9 18 0.80 44.80 40.68 42.74 0.00
2017 9 19 0.00 45.83 31.41 38.62 0.00
2017 9 20 0.00 53.04 31.41 41.71 0.00
2017 9 21 0.40 48.92 41.71 44.80 0.00
2017 9 22 0.40 45.83 40.68 42.74 0.00
2017 9 23 0.00 55.10 42.74 48.92 0.00
2017 9 24 0.20 50.98 36.56 42.74 0.00
2017 9 25 0.00 53.04 30.38 39.65 0.00
2017 9 26 0.00 52.01 29.35 38.62 0.00
2017 9 27 0.00 50.98 32.44 39.65 0.00
2017 9 28 0.30 38.62 32.44 35.53 0.00
2017 9 29 0.50 35.53 31.41 33.47 0.00
2017 9 30 0.00 40.68 28.32 32.44 0.00
2017 10 1 0.00 49.95 26.26 38.62 0.00
2017 10 2 0.00 56.13 40.68 47.89 0.00
2017 10 3 0.00 56.13 42.74 46.86 0.00
2017 10 4 0.30 47.89 38.62 42.74 0.00
2017 10 5 0.10 45.83 37.59 41.71 0.00
2017 10 6 0.20 47.89 36.56 39.65 0.00
2017 10 7 0.00 40.68 35.53 38.62 0.00
2017 10 8 0.20 36.56 32.44 34.50 0.00
2017 10 9 0.50 37.59 31.41 33.47 0.00
2017 10 10 1.10 39.65 36.56 38.62 0.00
2017 10 11 0.40 43.77 35.53 39.65 0.00
2017 10 12 0.40 45.83 36.56 41.71 0.00
2017 10 13 0.00 44.80 31.41 36.56 0.00
2017 10 14 0.00 38.62 28.32 31.41 0.00
2017 10 15 0.00 32.44 29.35 30.38 0.00
2017 10 16 0.00 31.41 25.23 29.35 0.00
2017 10 17 0.00 36.56 16.99 24.20 0.00
2017 10 18 0.00 26.26 15.96 22.14 0.00
2017 10 19 0.00 27.29 7.72 18.02 0.00
2017 10 20 0.00 26.26 4.63 12.87 0.00
2017 10 21 0.00 30.38 7.72 14.93 0.00
2017 10 22 0.00 33.47 7.72 19.05 0.00
2017 10 23 0.10 30.38 18.02 25.23 0.00
2017 10 24 0.10 31.41 15.96 24.20 0.10
2017 10 25 0.00 48.92 29.35 38.62 0.00
2017 10 26 0.00 45.83 34.50 39.65 0.00
2017 10 27 0.00 43.77 29.35 37.59 0.00
2017 10 28 0.10 43.77 30.38 37.59 0.00
2017 10 29 0.30 45.83 34.50 40.68 0.00
2017 10 30 0.50 48.92 33.47 40.68 0.00
2017 10 31 0.10 39.65 27.29 33.47 0.00
2017 11 1 0.00 34.50 23.17 27.29 0.00
2017 11 2 0.00 36.56 24.20 28.32 0.00
2017 11 3 0.00 34.50 27.29 30.38 0.00
2017 11 4 0.10 34.50 26.26 30.38 0.00
2017 11 5 0.10 32.44 25.23 29.35 0.00
2017 11 6 0.00 25.23 13.90 21.11 0.00
2017 11 7 0.00 29.35 12.87 21.11 0.00
2017 11 8 0.00 30.38 21.11 26.26 0.00
2017 11 9 0.30 31.41 22.14 26.26 0.00
2017 11 10 0.10 28.32 14.93 21.11 0.30
2017 11 11 0.00 16.99 7.72 12.87 0.40
2017 11 12 0.00 29.35 15.96 24.20 0.40
2017 11 13 0.00 23.17 16.99 19.05 0.40
2017 11 14 0.00 18.02 6.69 12.87 0.40
2017 11 15 0.00 19.05 10.81 14.93 0.40
2017 11 16 0.20 23.17 15.96 20.08 0.40
2017 11 17 0.10 26.26 19.05 23.17 0.60
2017 11 18 0.00 21.11 15.96 18.02 0.70
2017 11 19 1.10 26.26 13.90 22.14 0.70
2017 11 20 0.00 13.90 -1.55 3.60 1.80
2017 11 21 0.30 21.11 -2.58 13.90 1.80
2017 11 22 0.00 21.11 13.90 18.02 2.10
2017 11 23 0.00 19.05 5.66 12.87 2.10
2017 11 24 0.00 15.96 -0.52 5.66 2.10
2017 11 25 0.00 4.63 -10.82 0.51 2.10
2017 11 26 0.00 18.02 -14.94 -5.67 2.10
2017 11 27 0.00 32.44 -2.58 22.14 2.10
2017 11 28 0.10 36.56 20.08 29.35 2.20
2017 11 29 0.00 39.65 27.29 32.44 2.20
2017 11 30 0.00 33.47 12.87 24.20 2.20
2017 12 1 0.00 33.47 18.02 25.23 2.20
2017 12 2 0.10 33.47 27.29 31.41 2.20
2017 12 3 0.00 39.65 26.26 32.44 2.30
2017 12 4 0.10 39.65 26.26 34.50 2.30
2017 12 5 0.00 34.50 24.20 30.38 2.40
2017 12 6 0.00 31.41 13.90 21.11 2.40
2017 12 7 0.00 34.50 16.99 29.35 2.40
2017 12 8 0.00 40.68 21.11 29.35 2.40
2017 12 9 0.00 24.20 15.96 20.08 2.40
2017 12 10 0.00 40.68 12.87 30.38 2.40
2017 12 11 0.00 43.77 36.56 39.65 2.40
2017 12 12 0.00 43.77 35.53 39.65 2.40
2017 12 13 0.00 43.77 32.44 38.62 2.40
2017 12 14 0.10 32.44 21.11 28.32 2.40
2017 12 15 0.00 37.59 20.08 32.44 2.50
2017 12 16 0.10 32.44 18.02 27.29 2.50
2017 12 17 0.00 22.14 13.90 19.05 2.60
2017 12 18 0.10 32.44 11.84 20.08 2.60
2017 12 19 0.00 34.50 27.29 31.41 2.70
2017 12 20 0.00 34.50 18.02 26.26 2.70
2017 12 21 0.00 39.65 16.99 31.41 2.70
2017 12 22 0.00 43.77 37.59 40.68 2.70
2017 12 23 0.00 45.83 35.53 41.71 2.70
2017 12 24 0.00 39.65 30.38 35.53 2.70
2017 12 25 0.00 34.50 26.26 28.32 2.70
2017 12 26 0.00 27.29 20.08 23.17 2.70
2017 12 27 0.00 20.08 6.69 11.84 2.70
2017 12 28 0.00 6.69 -2.58 2.57 2.70
2017 12 29 0.00 10.81 -5.67 1.54 2.70
2017 12 30 0.00 39.65 8.75 28.32 2.70
2017 12 31 0.10 36.56 28.32 34.50 2.70
2018 1 1 0.00 38.62 24.20 32.44 2.70
2018 1 2 0.00 41.71 23.17 38.62 2.70
2018 1 3 0.00 37.59 22.14 28.32 2.70
2018 1 4 0.00 27.29 7.72 18.02 2.70
2018 1 5 0.00 35.53 6.69 20.08 2.70
2018 1 6 0.00 36.56 27.29 32.44 2.70
2018 1 7 0.00 30.38 12.87 21.11 2.70
2018 1 8 0.00 13.90 2.57 8.75 2.70
2018 1 9 0.00 4.63 -6.70 -1.55 2.70
2018 1 10 0.00 22.14 1.54 16.99 2.70
2018 1 11 0.00 33.47 18.02 28.32 2.70
2018 1 12 0.00 40.68 29.35 34.50 2.70
2018 1 13 0.10 43.77 34.50 37.59 2.70
2018 1 14 0.00 44.80 33.47 37.59 2.80
2018 1 15 0.00 39.65 18.02 29.35 2.80
2018 1 16 0.00 23.17 13.90 19.05 2.80
2018 1 17 0.00 18.02 10.81 14.93 2.80
2018 1 18 0.00 20.08 15.96 18.02 2.80
2018 1 19 0.00 19.05 2.57 12.87 2.80
2018 1 20 0.00 2.57 -19.06 -7.73 2.80
2018 1 21 0.00 -13.91 -24.21 -20.09 2.80
2018 1 22 0.00 -11.85 -26.27 -19.06 2.80
2018 1 23 0.00 -18.03 -31.42 -27.30 2.80
2018 1 24 0.00 -22.15 -34.51 -30.39 2.80
2018 1 25 0.00 -27.30 -36.57 -32.45 2.80
2018 1 26 0.00 -14.94 -29.36 -23.18 2.80
2018 1 27 0.00 -3.61 -21.12 -14.94 2.80
2018 1 28 0.10 -2.58 -17.00 -12.88 2.80
2018 1 29 0.00 10.81 -15.97 -5.67 2.90
2018 1 30 0.00 4.63 -13.91 -7.73 2.90
2018 1 31 0.00 3.60 -14.94 -8.76 2.90
2018 2 1 0.00 -0.52 -19.06 -12.88 2.90
2018 2 2 0.00 3.60 -20.09 -11.85 2.90
2018 2 3 0.10 29.35 -10.82 11.84 2.90
2018 2 4 0.00 11.84 -9.79 -2.58 3.00
2018 2 5 0.00 31.41 -9.79 9.78 3.00
2018 2 6 0.30 32.44 19.05 27.29 3.00
2018 2 7 0.00 27.29 10.81 18.02 3.30
2018 2 8 0.00 16.99 -9.79 3.60 3.30
2018 2 9 0.00 42.74 14.93 30.38 3.30
2018 2 10 0.00 41.71 29.35 36.56 3.30
2018 2 11 0.00 40.68 28.32 34.50 3.30
2018 2 12 0.30 39.65 28.32 32.44 3.30
2018 2 13 0.10 33.47 25.23 27.29 3.60
2018 2 14 0.20 32.44 26.26 28.32 3.70
2018 2 15 0.00 29.35 10.81 20.08 3.90
2018 2 16 0.00 31.41 11.84 20.08 3.90
2018 2 17 0.00 32.44 -1.55 16.99 3.90
2018 2 18 0.00 41.71 20.08 33.47 3.90
2018 2 19 0.00 39.65 9.78 24.20 3.90
2018 2 20 0.00 36.56 20.08 28.32 3.90
2018 2 21 0.20 43.77 21.11 30.38 3.90
2018 2 22 0.80 36.56 19.05 29.35 4.00
2018 2 23 0.10 24.20 10.81 18.02 4.40
2018 2 24 1.00 26.26 11.84 21.11 4.30
2018 2 25 0.00 20.08 7.72 10.81 5.30
2018 2 26 0.00 31.41 5.66 20.08 5.30
2018 2 27 0.00 20.08 3.60 9.78 5.30
2018 2 28 0.00 8.75 -17.00 -1.55 5.30
2018 3 1 0.00 22.14 -21.12 0.51 5.30
2018 3 2 0.00 28.32 12.87 20.08 5.30
2018 3 3 0.30 24.20 16.99 21.11 5.30
2018 3 4 0.00 23.17 7.72 15.96 5.50
2018 3 5 0.00 29.35 11.84 22.14 5.50
2018 3 6 0.20 29.35 15.96 23.17 5.50
2018 3 7 0.10 33.47 16.99 24.20 5.70
2018 3 8 0.40 28.32 21.11 24.20 5.80
2018 3 9 0.00 24.20 16.99 20.08 6.20
2018 3 10 0.00 25.23 0.51 15.96 6.20
2018 3 11 0.00 34.50 -7.73 11.84 6.20
2018 3 12 0.00 41.71 3.60 29.35 6.20
2018 3 13 0.00 32.44 3.60 21.11 6.20
2018 3 14 0.00 28.32 22.14 25.23 6.20
2018 3 15 0.10 32.44 4.63 22.14 6.20
2018 3 16 0.00 40.68 25.23 34.50 6.30
2018 3 17 0.00 38.62 13.90 28.32 6.30
2018 3 18 0.00 40.68 29.35 33.47 6.30
2018 3 19 0.30 34.50 24.20 29.35 6.30
2018 3 20 0.20 32.44 18.02 24.20 6.60
2018 3 21 0.00 29.35 2.57 19.05 6.80
2018 3 22 0.10 34.50 -12.88 11.84 6.90
2018 3 23 0.00 30.38 -7.73 14.93 6.90
2018 3 24 0.00 29.35 6.69 19.05 6.90
2018 3 25 0.00 42.74 -0.52 25.23 7.00
2018 3 26 0.00 41.71 24.20 31.41 7.00
2018 3 27 0.00 43.77 24.20 31.41 7.00
2018 3 28 0.00 39.65 22.14 30.38 7.00
2018 3 29 0.10 35.53 19.05 26.26 7.00
2018 3 30 0.10 31.41 10.81 22.14 7.10
2018 3 31 0.00 33.47 0.51 18.02 7.20
2018 4 1 0.00 39.65 4.63 24.20 7.00
2018 4 2 0.00 38.62 8.75 24.20 7.00
2018 4 3 0.00 28.32 5.66 19.05 7.00
2018 4 4 0.00 37.59 14.93 26.26 7.00
2018 4 5 0.00 42.74 24.20 33.47 7.00
2018 4 6 0.00 41.71 12.87 28.32 7.00
2018 4 7 0.00 36.56 19.05 26.26 6.80
2018 4 8 0.00 48.92 8.75 28.32 6.80
2018 4 9 0.00 52.01 32.44 41.71 6.80
2018 4 10 0.00 52.01 33.47 42.74 6.80
2018 4 11 0.00 53.04 29.35 38.62 6.30
2018 4 12 0.00 52.01 27.29 39.65 5.90
2018 4 13 0.00 49.95 24.20 36.56 5.40
2018 4 14 0.00 47.89 23.17 35.53 5.00
2018 4 15 0.00 47.89 22.14 37.59 4.70
2018 4 16 0.00 45.83 34.50 40.68 4.30
2018 4 17 0.00 44.80 34.50 39.65 3.90
2018 4 18 0.00 49.95 31.41 40.68 3.70
2018 4 19 0.00 49.95 29.35 38.62 3.00
2018 4 20 0.00 44.80 23.17 33.47 2.10
2018 4 21 0.00 47.89 28.32 38.62 1.80
2018 4 22 0.00 50.98 33.47 40.68 0.80
2018 4 23 0.00 50.98 32.44 41.71 0.30
2018 4 24 0.00 46.86 32.44 40.68 0.00
2018 4 25 0.00 46.86 30.38 38.62 0.00
2018 4 26 0.00 43.77 30.38 36.56 0.00
2018 4 27 0.00 43.77 30.38 35.53 0.00
2018 4 28 0.00 46.86 30.38 37.59 0.00
2018 4 29 0.10 49.95 33.47 38.62 0.00
2018 4 30 0.00 42.74 32.44 36.56 0.00
2018 5 1 0.10 40.68 28.32 33.47 0.00
2018 5 2 0.00 42.74 26.26 33.47 0.00
2018 5 3 0.00 46.86 30.38 38.62 0.00
2018 5 4 0.00 47.89 32.44 38.62 0.00
2018 5 5 0.00 45.83 33.47 38.62 0.00
2018 5 6 0.20 44.80 28.32 34.50 0.00
2018 5 7 0.00 46.86 24.20 36.56 0.00
2018 5 8 0.00 53.04 39.65 46.86 0.00
2018 5 9 0.00 60.25 37.59 49.95 0.00
2018 5 10 0.00 56.13 31.41 44.80 0.00
2018 5 11 0.00 50.98 37.59 43.77 0.00
2018 5 12 0.00 50.98 36.56 43.77 0.00
2018 5 13 0.00 50.98 31.41 41.71 0.00
2018 5 14 0.20 47.89 30.38 36.56 0.00
2018 5 15 0.20 41.71 31.41 34.50 0.00
2018 5 16 0.00 48.92 30.38 38.62 0.00
2018 5 17 0.00 59.22 36.56 45.83 0.00
2018 5 18 0.00 53.04 37.59 45.83 0.00
2018 5 19 0.00 58.19 37.59 46.86 0.00
2018 5 20 0.00 54.07 37.59 45.83 0.00
2018 5 21 0.00 62.31 36.56 47.89 0.00
2018 5 22 0.00 63.34 36.56 50.98 0.00
2018 5 23 0.00 59.22 33.47 46.86 0.00
2018 5 24 0.00 58.19 36.56 47.89 0.00
2018 5 25 0.00 59.22 33.47 47.89 0.00
2018 5 26 0.00 61.28 33.47 47.89 0.00
2018 5 27 0.00 48.92 40.68 43.77 0.00
2018 5 28 0.00 60.25 39.65 47.89 0.00
2018 5 29 0.00 55.10 32.44 44.80 0.00
2018 5 30 0.00 53.04 38.62 45.83 0.00
2018 5 31 0.00 55.10 35.53 43.77 0.00
2018 6 1 0.00 64.37 32.44 47.89 0.00
2018 6 2 0.00 71.58 37.59 54.07 0.00
2018 6 3 0.00 70.55 38.62 53.04 0.00
2018 6 4 0.00 71.58 36.56 50.98 0.00
2018 6 5 0.00 67.46 37.59 50.98 0.00
2018 6 6 0.10 60.25 42.74 50.98 0.00
2018 6 7 0.10 60.25 45.83 52.01 0.00
2018 6 8 0.00 61.28 44.80 50.98 0.00
2018 6 9 0.00 68.49 44.80 54.07 0.00
2018 6 10 0.00 67.46 41.71 54.07 0.00
2018 6 11 0.00 65.40 39.65 52.01 0.00
2018 6 12 0.00 65.40 34.50 50.98 0.00
2018 6 13 0.00 71.58 39.65 55.10 0.00
2018 6 14 0.00 71.58 45.83 58.19 0.00
2018 6 15 0.20 59.22 45.83 49.95 0.00
2018 6 16 0.00 57.16 44.80 50.98 0.00
2018 6 17 0.00 59.22 48.92 53.04 0.00
2018 6 18 0.00  nan  nan 61.28 0.00
2018 6 19 0.00 64.37 50.98 55.10 0.00
2018 6 20 0.00 69.52 45.83 55.10 0.00
2018 6 21 0.00 60.25 45.83 50.98 0.00
2018 6 22 0.40 54.07 44.80 47.89 0.00
2018 6 23 0.00 64.37 43.77 52.01 0.00
2018 6 24 0.20 67.46 42.74 53.04 0.00
2018 6 25 0.10 63.34 42.74 50.98 0.00
2018 6 26 0.00 64.37 39.65 52.01 0.00
2018 6 27 0.00 64.37 48.92 55.10 0.00
2018 6 28 0.00 61.28 47.89 55.10 0.00
2018 6 29 0.10 63.34 44.80 52.01 0.00
2018 6 30 0.00 65.40 46.86 54.07 0.00
2018 7 1 0.00 67.46 50.98 57.16 0.00
2018 7 2 0.00 76.73 46.86 61.28 0.00
2018 7 3 0.00 79.82 47.89 63.34 0.00
2018 7 4 0.00 70.55 55.10 61.28 0.00
2018 7 5 0.10 64.37 50.98 56.13 0.00
2018 7 6 0.00 74.67 49.95 61.28 0.00
2018 7 7 0.00 79.82 47.89 63.34 0.00
2018 7 8 0.50 62.31 47.89 53.04 0.00
2018 7 9 0.00 56.13 48.92 53.04 0.00
2018 7 10 0.30 56.13 43.77 48.92 0.00
2018 7 11 0.10 58.19 41.71 47.89 0.00
2018 7 12 0.00 64.37 43.77 53.04 0.00
2018 7 13 0.10 61.28 48.92 53.04 0.00
2018 7 14 0.00 61.28 45.83 52.01 0.00
2018 7 15 0.00 61.28 46.86 50.98 0.00
2018 7 16 0.00 53.04 45.83 48.92 0.00
2018 7 17 0.00 65.40 45.83 53.04 0.00
2018 7 18 0.00 74.67 41.71 57.16 0.00
2018 7 19 0.00 76.73 44.80 60.25 0.00
2018 7 20 0.00 79.82 47.89 63.34 0.00
2018 7 21 0.00 79.82 49.95 63.34 0.00
2018 7 22 0.00 77.76 49.95 62.31 0.00
2018 7 23 0.00 62.31 52.01 58.19 0.00
2018 7 24 0.00 63.34 55.10 60.25 0.00
2018 7 25 0.20 62.31 50.98 56.13 0.00
2018 7 26 0.00 70.55 50.98 59.22 0.00
2018 7 27 0.00 65.40 48.92 56.13 0.00
2018 7 28 0.00 67.46 47.89 57.16 0.00
2018 7 29 0.00 73.64 54.07 64.37 0.00
2018 7 30 0.00 77.76 55.10 65.40 0.00
2018 7 31 0.00 76.73 52.01 62.31 0.00
2018 8 1 0.20 57.16 47.89 53.04 0.00
2018 8 2 0.40 59.22 47.89 50.98 0.00
2018 8 3 0.00 65.40 46.86 55.10 0.00
2018 8 4 0.00 67.46 52.01 59.22 0.00
2018 8 5 0.50 60.25 53.04 57.16 0.00
2018 8 6 0.30 59.22 50.98 53.04 0.00
2018 8 7 0.70 59.22 43.77 52.01 0.00
2018 8 8 0.00 59.22 41.71 47.89 0.00
2018 8 9 0.00 60.25 41.71 47.89 0.00
2018 8 10 0.00 67.46 37.59 50.98 0.00
2018 8 11 0.30 58.19 47.89 52.01 0.00
2018 8 12 0.00 71.58 50.98 60.25 0.00
2018 8 13 1.30 55.10 45.83 48.92 0.00
2018 8 14 0.50 50.98 42.74 46.86 0.00
2018 8 15 0.00 59.22 38.62 47.89 0.00
2018 8 16 0.00 61.28 41.71 49.95 0.00
2018 8 17 0.00 62.31 44.80 52.01 0.00
2018 8 18 0.00 64.37 37.59 52.01 0.00
2018 8 19 0.10 62.31 49.95 56.13 0.00
2018 8 20 0.30 57.16 48.92 52.01 0.00
2018 8 21 0.40 53.04 48.92 49.95 0.00
2018 8 22 0.10 60.25 47.89 53.04 0.00
2018 8 23 0.20 54.07 45.83 49.95 0.00
2018 8 24 0.50 50.98 44.80 47.89 0.00
2018 8 25 0.10 53.04 40.68 46.86 0.00
2018 8 26 0.50 55.10 44.80 49.95 0.00
2018 8 27 0.00 55.10 45.83 48.92 0.00
2018 8 28 0.10 58.19 38.62 48.92 0.00
2018 8 29 0.00 60.25 34.50 45.83 0.00
2018 8 30 0.90 49.95 42.74 45.83 0.00
2018 8 31 0.20 53.04 42.74 45.83 0.00
2018 9 1 0.00 56.13 39.65 45.83 0.00
2018 9 2 0.00 52.01 36.56 43.77 0.00
2018 9 3 0.00 57.16 41.71 47.89 0.00
2018 9 4 0.00 50.98 41.71 45.83 0.00
2018 9 5 0.00 55.10 40.68 45.83 0.00
2018 9 6 0.00 50.98 43.77 46.86 0.00
2018 9 7 0.00 59.22 39.65 46.86 0.00
2018 9 8 0.00 60.25 34.50 44.80 0.00
2018 9 9 0.00 57.16 36.56 44.80 0.00
2018 9 10 0.00 63.34 34.50 46.86 0.00
2018 9 11 0.00 65.40 37.59 48.92 0.00
2018 9 12 0.00 63.34 40.68 49.95 0.00
2018 9 13 0.00 64.37 37.59 48.92 0.00
2018 9 14 0.00 69.52 41.71 52.01 0.00
2018 9 15 0.10 61.28 46.86 52.01 0.00
2018 9 16 0.00 59.22 45.83 49.95 0.00
2018 9 17 0.10 53.04 46.86 48.92 0.00
2018 9 18 0.00 54.07 45.83 48.92 0.00
2018 9 19 0.00 50.98 41.71 45.83 0.00
2018 9 20 0.10  nan  nan  nan 0.00
2018 9 21 0.20  nan  nan  nan 0.00
2018 9 22 0.30 53.04 41.71 45.83 0.00
2018 9 23 0.00 50.98 41.71 45.83 0.00
2018 9 24 0.40 47.89 40.68 43.77 0.00
2018 9 25 0.00 48.92 38.62 43.77 0.00
2018 9 26 0.00 49.95 31.41 39.65 0.00
2018 9 27 0.00 52.01 38.62 46.86 0.00
2018 9 28 0.30 63.34 42.74 50.98 0.00
2018 9 29 0.00 69.52 41.71 54.07 0.00
2018 9 30 0.00 67.46 38.62 52.01 0.00
