2012 8 7  nan  nan  nan 71.58  nan
2012 8 8 0.00  nan  nan 68.49 0.00
2012 8 9 0.00  nan  nan 66.43 0.00
2012 8 10 0.00  nan  nan 63.34 0.00
2012 8 11 0.10  nan  nan 60.25 0.00
2012 8 12 0.00  nan  nan 63.34 0.00
2012 8 13 0.00  nan  nan 61.28 0.00
2012 8 14 0.00  nan  nan 62.31 0.00
2012 8 15 0.00  nan  nan 64.37 0.00
2012 8 16 0.00  nan  nan 66.43 0.00
2012 8 17 0.00  nan  nan 65.40 0.00
2012 8 18 0.00  nan  nan 64.37 0.00
2012 8 19 0.00  nan  nan 64.37 0.00
2012 8 20 0.00  nan  nan 60.25 0.00
2012 8 21 0.00  nan  nan 62.31 0.00
2012 8 22 0.00  nan  nan 57.16 0.00
2012 8 23 0.00  nan  nan 60.25 0.00
2012 8 24 0.00  nan  nan 60.25 0.00
2012 8 25 0.30  nan  nan 58.19 0.00
2012 8 26 0.00  nan  nan 61.28 0.00
2012 8 27 0.00  nan  nan 63.34 0.00
2012 8 28 0.00  nan  nan 65.40 0.00
2012 8 29 0.00  nan  nan 65.40 0.00
2012 8 30 0.10  nan  nan 60.25 0.00
2012 8 31 0.00  nan  nan 57.16 0.00
2012 9 1 0.40  nan  nan 52.01 0.00
2012 9 2 0.00  nan  nan 56.13 0.00
2012 9 3 0.00  nan  nan 58.19 0.00
2012 9 4 0.00  nan  nan 59.22 0.00
2012 9 5 0.00  nan  nan 59.22 0.00
2012 9 6 0.00  nan  nan 57.16 0.00
2012 9 7 0.00  nan  nan 54.07 0.00
2012 9 8 0.00  nan  nan 57.16 0.00
2012 9 9 0.00  nan  nan 61.28 0.00
2012 9 10 0.30  nan  nan 57.16 0.00
2012 9 11 0.10  nan  nan 53.04 0.00
2012 9 12 0.00  nan  nan 52.01 0.00
2012 9 13 0.00  nan  nan 54.07 0.00
2012 9 14 0.00  nan  nan 58.19 0.00
2012 9 15 0.00  nan  nan 58.19 0.00
2012 9 16 0.00  nan  nan 57.16 0.00
2012 9 17 0.00  nan  nan 52.01 0.00
2012 9 18 0.00  nan  nan 53.04 0.00
2012 9 19 0.00  nan  nan 55.10 0.00
2012 9 20 0.00  nan  nan 56.13 0.00
2012 9 21 0.00  nan  nan 56.13 0.00
2012 9 22 0.00  nan  nan 58.19 0.00
2012 9 23 0.00  nan  nan 56.13 0.00
2012 9 24 0.00  nan  nan 48.92 0.00
2012 9 25 0.70  nan  nan 40.68 0.00
2012 9 26 0.40  nan  nan 42.74 0.00
2012 9 27 0.10  nan  nan 46.86 0.00
2012 9 28 0.00  nan  nan 50.98 0.00
2012 9 29 0.00  nan  nan 52.01 0.00
2012 9 30 0.00  nan  nan 53.04 0.00
2012 10 1 0.10  nan  nan 53.04 0.00
2012 10 2 0.00  nan  nan 54.07 0.00
2012 10 3 0.00  nan  nan 48.92 0.00
2012 10 4 0.00  nan  nan 45.83 0.00
2012 10 5 0.00  nan  nan 37.59 0.00
2012 10 6 0.00  nan  nan 35.53 0.00
2012 10 7 0.10  nan  nan 36.56 0.00
2012 10 8 0.00  nan  nan 44.80 0.00
2012 10 9 0.00  nan  nan 47.89 0.00
2012 10 10 0.00  nan  nan 49.95 0.00
2012 10 11 0.00  nan  nan 50.98 0.00
2012 10 12 0.40  nan  nan 40.68 0.00
2012 10 13 0.30  nan  nan 35.53 0.00
2012 10 14 0.00  nan  nan 41.71 0.00
2012 10 15 0.00  nan  nan 45.83 0.00
2012 10 16 0.10  nan  nan 42.74 0.00
2012 10 17 0.00  nan  nan 31.41 0.00
2012 10 18 0.00  nan  nan 39.65 0.00
2012 10 19 0.00  nan  nan 45.83 0.00
2012 10 20 0.00  nan  nan 49.95 0.00
2012 10 21 0.00  nan  nan 44.80 0.00
2012 10 22 0.10  nan  nan 43.77 0.00
2012 10 23 0.40  nan  nan 32.44 0.10
2012 10 24 0.10  nan  nan 24.20 0.10
2012 10 25 0.70  nan  nan 20.08 0.10
2012 10 26 0.10  nan  nan 24.20 0.80
2012 10 27 0.00  nan  nan 32.44 0.80
2012 10 28 0.00  nan  nan 39.65 0.80
2012 10 29 0.00  nan  nan 43.77 0.60
2012 10 30 0.00  nan  nan 45.83 0.70
2012 10 31 0.00  nan  nan 47.89 0.60
2012 11 1 0.00  nan  nan 43.77 0.50
2012 11 2 0.00  nan  nan 38.62 0.50
2012 11 3 0.00  nan  nan 38.62 0.50
2012 11 4 0.00  nan  nan 40.68 0.50
2012 11 5 0.00  nan  nan 40.68 0.50
2012 11 6 0.00  nan  nan 44.80 0.50
2012 11 7 0.00  nan  nan 45.83 0.50
2012 11 8 0.10  nan  nan 43.77 0.50
2012 11 9 1.30  nan  nan 27.29 0.60
2012 11 10 0.60  nan  nan 14.93 1.80
2012 11 11 0.50  nan  nan 10.81 2.40
2012 11 12 0.00  nan  nan 21.11 2.80
2012 11 13 0.00  nan  nan 29.35 2.80
2012 11 14 0.00  nan  nan 32.44 2.80
2012 11 15 0.00  nan  nan 35.53 2.80
2012 11 16 0.10  nan  nan 34.50 2.80
2012 11 17 0.70  nan  nan 33.47 2.90
2012 11 18 0.40  nan  nan 32.44 3.40
2012 11 19 0.00  nan  nan 34.50 3.70
2012 11 20 0.00  nan  nan 37.59 3.70
2012 11 21 0.00  nan  nan 38.62 3.70
2012 11 22 0.00  nan  nan 29.35 3.60
2012 11 23 0.00  nan  nan 38.62 3.50
2012 11 24 0.00  nan  nan 39.65 3.50
2012 11 25 0.00  nan  nan 33.47 3.40
2012 11 26 0.00  nan  nan 31.41 3.40
2012 11 27 0.00  nan  nan 36.56 3.40
2012 11 28 0.00  nan  nan 38.62 3.40
2012 11 29 0.00  nan  nan 36.56 3.40
2012 11 30 0.30  nan  nan 35.53 3.40
2012 12 1 0.10  nan  nan 35.53 3.70
2012 12 2 0.40  nan  nan 34.50 3.80
2012 12 3 0.00  nan  nan 24.20 4.20
2012 12 4 0.20  nan  nan 33.47 4.20
2012 12 5 0.10  nan  nan 35.53 4.40
2012 12 6 0.00  nan  nan 31.41 4.50
2012 12 7 0.00  nan  nan 24.20 4.50
2012 12 8 0.50  nan  nan 16.99 4.50
2012 12 9 0.00  nan  nan 8.75 4.80
2012 12 10 0.20  nan  nan 15.96 4.80
2012 12 11 0.00  nan  nan 23.17 4.90
2012 12 12 0.00  nan  nan 26.26 4.90
2012 12 13 0.00  nan  nan 27.29 4.90
2012 12 14 0.20  nan  nan 28.32 4.90
2012 12 15 0.40  nan  nan 21.11 5.10
2012 12 16 0.10  nan  nan 18.02 5.50
2012 12 17 0.60  nan  nan 23.17 5.60
2012 12 18 0.00  nan  nan 14.93 6.20
2012 12 19 0.00  nan  nan 5.66 6.20
2012 12 20 0.00  nan  nan 23.17 6.20
2012 12 21 0.00  nan  nan 30.38 6.20
2012 12 22 0.00  nan  nan 30.38 6.20
2012 12 23 0.10  nan  nan 25.23 6.20
2012 12 24 0.30  nan  nan 18.02 6.30
2012 12 25 0.20  nan  nan 14.93 6.60
2012 12 26 0.20  nan  nan 15.96 6.70
2012 12 27 0.10  nan  nan 12.87 6.80
2012 12 28 0.00  nan  nan 10.81 6.90
2012 12 29 0.00  nan  nan 16.99 6.90
2012 12 30 0.00  nan  nan 14.93 6.90
2012 12 31 0.00  nan  nan 6.69 6.90
2013 1 1 0.10  nan  nan 9.78 6.90
2013 1 2 0.00  nan  nan 12.87 7.00
2013 1 3 0.00  nan  nan 20.08 7.00
2013 1 4 0.00  nan  nan 25.23 7.00
2013 1 5 0.00  nan  nan 26.26 7.00
2013 1 6 0.00  nan  nan 30.38 7.00
2013 1 7 0.10  nan  nan 27.29 7.00
2013 1 8 0.00  nan  nan 23.17 7.10
2013 1 9 0.00  nan  nan 32.44 7.10
2013 1 10 1.00  nan  nan 23.17 7.10
2013 1 11 0.00  nan  nan 4.63 7.70
2013 1 12 0.00  nan  nan -1.55 7.70
2013 1 13 0.00  nan  nan -6.70 7.70
2013 1 14 0.00  nan  nan -6.70 7.70
2013 1 15 0.00  nan  nan 5.66 7.70
2013 1 16 0.00  nan  nan 22.14 7.70
2013 1 17 0.00  nan  nan 29.35 7.70
2013 1 18 0.00  nan  nan 30.38 7.70
2013 1 19 0.00  nan  nan 29.35 7.70
2013 1 20 0.00  nan  nan 27.29 7.70
2013 1 21 0.00  nan  nan 30.38 7.70
2013 1 22 0.00  nan  nan 38.62 7.70
2013 1 23 0.00  nan  nan 39.65 7.70
2013 1 24 0.30  nan  nan 32.44 7.70
2013 1 25 0.00  nan  nan 31.41 7.90
2013 1 26 0.00  nan  nan 32.44 7.90
2013 1 27 0.60  nan  nan 26.26 7.90
2013 1 28 0.00  nan  nan 10.81 8.40
2013 1 29 0.20  nan  nan 10.81 8.40
2013 1 30 0.30  nan  nan 20.08 8.50
2013 1 31 0.00  nan  nan 23.17 8.70
2013 2 1 0.00  nan  nan 24.20 8.70
2013 2 2 0.00  nan  nan 27.29 8.70
2013 2 3 0.00  nan  nan 28.32 8.70
2013 2 4 0.00  nan  nan 26.26 8.70
2013 2 5 0.00  nan  nan 34.50 8.70
2013 2 6 0.00 33.47 15.96 26.26 8.70
2013 2 7 0.00 36.56 15.96 26.26 8.70
2013 2 8 0.20 30.38 15.96 23.17 8.70
2013 2 9 0.30 24.20 12.87 15.96 8.90
2013 2 10 0.00 24.20 5.66 12.87 9.10
2013 2 11 0.00 20.08 1.54 8.75 9.10
2013 2 12 0.00 16.99 3.60 12.87 9.10
2013 2 13 0.00 26.26 15.96 20.08 9.10
2013 2 14 0.00 31.41 14.93 21.11 9.10
2013 2 15 0.00 32.44 16.99 22.14 9.00
2013 2 16 0.00 42.74 20.08 31.41 9.00
2013 2 17 0.00 32.44 10.81 23.17 8.90
2013 2 18 0.10 28.32 7.72 19.05 8.90
2013 2 19 0.00 35.53 23.17 26.26 8.90
2013 2 20 0.30 30.38 19.05 24.20 8.90
2013 2 21 0.20 23.17 7.72 14.93 9.20
2013 2 22 0.10 24.20 5.66 12.87 9.40
2013 2 23 0.50 24.20 9.78 13.90 9.50
2013 2 24 0.00 24.20 5.66 11.84 10.00
2013 2 25 0.10 34.50 4.63 16.99 10.00
2013 2 26 0.10 22.14 4.63 12.87 10.10
2013 2 27 0.00 23.17 3.60 12.87 10.20
2013 2 28 0.10 29.35 12.87 22.14 10.20
2013 3 1 0.00 38.62 23.17 28.32 10.30
2013 3 2 0.00 52.01 24.20 36.56 10.30
2013 3 3 0.40 35.53 26.26 30.38 10.30
2013 3 4 0.00 27.29 10.81 19.05 10.70
2013 3 5 0.00 45.83 11.84 30.38 10.70
2013 3 6 0.10 44.80 27.29 34.50 10.70
2013 3 7 0.00 40.68 24.20 31.41 10.80
2013 3 8 0.20 37.59 26.26 30.38 10.80
2013 3 9 0.00 36.56 19.05 27.29 11.00
2013 3 10 0.00 38.62 14.93 26.26 11.00
2013 3 11 0.00 34.50 23.17 29.35 11.00
2013 3 12 0.00 43.77 27.29 33.47 11.00
2013 3 13 0.00 52.01 30.38 40.68 11.00
2013 3 14 0.00 58.19 35.53 45.83 11.00
2013 3 15 0.00 53.04 36.56 44.80 10.80
2013 3 16 0.00 42.74 30.38 36.56 10.60
2013 3 17 0.10 36.56 19.05 25.23 10.40
2013 3 18 0.00 33.47 15.96 24.20 10.50
2013 3 19 0.00 40.68 19.05 29.35 10.50
2013 3 20 0.30 36.56 28.32 32.44 10.50
2013 3 21 0.20 33.47 12.87 22.14 10.80
2013 3 22 0.20 19.05 7.72 12.87 11.00
2013 3 23 0.10 22.14 5.66 11.84 11.20
2013 3 24 0.00 26.26 5.66 12.87 11.30
2013 3 25 0.30 37.59 6.69 24.20 11.30
2013 3 26 0.00 47.89 26.26 33.47 11.60
2013 3 27 0.00 48.92 27.29 37.59 11.60
2013 3 28 0.00 52.01 33.47 41.71 11.40
2013 3 29 0.00 48.92 32.44 39.65 10.70
2013 3 30 0.00 48.92 33.47 39.65 10.10
2013 3 31 0.00 57.16 30.38 41.71 9.60
2013 4 1 1.00 44.80 30.38 34.50 8.70
2013 4 2 0.20 45.83 29.35 35.53 9.70
2013 4 3 0.00 53.04 31.41 39.65 9.90
2013 4 4 0.00 57.16 34.50 43.77 9.60
2013 4 5 0.40 43.77 30.38 36.56 9.10
2013 4 6 0.10 44.80 30.38 35.53 9.50
2013 4 7 0.10 45.83 30.38 36.56 9.40
2013 4 8 0.80 40.68 15.96 28.32 9.20
2013 4 9 0.20 29.35 10.81 15.96 10.00
2013 4 10 0.00 35.53 8.75 26.26 10.20
2013 4 11 0.40 42.74 27.29 31.41 10.20
2013 4 12 0.00 46.86 26.26 35.53 10.60
2013 4 13 0.40 38.62 18.02 31.41 10.30
2013 4 14 0.20 35.53 11.84 22.14 10.70
2013 4 15 0.30 35.53 20.08 25.23 10.90
2013 4 16 0.30 30.38 14.93 22.14 11.20
2013 4 17 0.30 28.32 9.78 18.02 11.50
2013 4 18 0.00 34.50 10.81 22.14 11.80
2013 4 19 0.00 36.56 20.08 28.32 11.80
2013 4 20 0.30 36.56 28.32 30.38 11.80
2013 4 21 0.00 47.89 26.26 36.56 12.10
2013 4 22 0.00 36.56 20.08 29.35 12.10
2013 4 23 0.00 38.62 15.96 26.26 12.10
2013 4 24 0.00 45.83 21.11 33.47 12.10
2013 4 25 0.00 49.95 30.38 39.65 12.10
2013 4 26 0.00 53.04 34.50 42.74 11.90
2013 4 27 0.00 55.10 35.53 45.83 11.20
2013 4 28 0.00 58.19 40.68 48.92 9.70
2013 4 29 0.00 55.10 36.56 45.83 8.60
2013 4 30 0.00 42.74 22.14 35.53 7.30
2013 5 1 0.00 34.50 16.99 25.23 7.20
2013 5 2 0.00 48.92 20.08 34.50 7.20
2013 5 3 0.00 55.10 31.41 42.74 6.50
2013 5 4 0.00 53.04 34.50 42.74 5.30
2013 5 5 0.00 56.13 33.47 45.83 4.40
2013 5 6 0.10 52.01 33.47 41.71 3.40
2013 5 7 0.00 50.98 32.44 38.62 3.00
2013 5 8 0.10 47.89 31.41 38.62 2.30
2013 5 9 0.00 58.19 33.47 44.80 2.00
2013 5 10 0.00 59.22 38.62 48.92 1.30
2013 5 11 0.00 60.25 42.74 50.98 0.60
2013 5 12 0.00 64.37 44.80 55.10 0.10
2013 5 13 0.00 69.52 49.95 59.22 0.00
2013 5 14 0.00 68.49 45.83 59.22 0.00
2013 5 15 0.00 66.43 44.80 55.10 0.00
2013 5 16 0.00 64.37 42.74 52.01 0.00
2013 5 17 0.10 55.10 36.56 44.80 0.00
2013 5 18 0.30 44.80 33.47 36.56 0.00
2013 5 19 0.90 45.83 30.38 35.53 0.00
2013 5 20 0.30 45.83 32.44 37.59 0.80
2013 5 21 0.00 56.13 33.47 45.83 0.50
2013 5 22 0.00 64.37 40.68 53.04 0.00
2013 5 23 0.00 60.25 32.44 46.86 0.00
2013 5 24 0.00 58.19 32.44 46.86 0.00
2013 5 25 0.00 62.31 42.74 53.04 0.00
2013 5 26 0.00 63.34 43.77 53.04 0.00
2013 5 27 0.00 57.16 41.71 47.89 0.00
2013 5 28 0.30 50.98 33.47 38.62 0.00
2013 5 29 0.10 45.83 32.44 36.56 0.00
2013 5 30 0.00 47.89 31.41 38.62 0.00
2013 5 31 0.00 50.98 33.47 40.68 0.00
2013 6 1 0.00 62.31 35.53 49.95 0.00
2013 6 2 0.00 69.52 47.89 59.22 0.00
2013 6 3 0.00 60.25 43.77 50.98 0.00
2013 6 4 0.00 61.28 44.80 52.01 0.00
2013 6 5 0.00 63.34 41.71 52.01 0.00
2013 6 6 0.00 67.46 46.86 57.16 0.00
2013 6 7 0.00 68.49 49.95 59.22 0.00
2013 6 8 0.00 66.43 50.98 58.19 0.00
2013 6 9 0.00 74.67 52.01 63.34 0.00
2013 6 10 0.00 75.70 55.10 65.40 0.00
2013 6 11 0.00 67.46 49.95 58.19 0.00
2013 6 12 0.00 69.52 49.95 60.25 0.00
2013 6 13 0.00 70.55 44.80 59.22 0.00
2013 6 14 0.00 61.28 40.68 49.95 0.00
2013 6 15 0.00 67.46 41.71 55.10 0.00
2013 6 16 0.00 69.52 49.95 60.25 0.00
2013 6 17 0.00 72.61 48.92 61.28 0.00
2013 6 18 0.00 71.58 50.98 61.28 0.00
2013 6 19 0.00 64.37 37.59 53.04 0.00
2013 6 20 0.00 63.34 33.47 48.92 0.00
2013 6 21 0.00 65.40 42.74 53.04 0.00
2013 6 22 0.00 61.28 40.68 49.95 0.00
2013 6 23 0.00 68.49 40.68 56.13 0.00
2013 6 24 0.00 65.40 43.77 55.10 0.00
2013 6 25 0.00 68.49 42.74 56.13 0.00
2013 6 26 0.00 74.67 50.98 63.34 0.00
2013 6 27 0.00 79.82 56.13 69.52 0.00
2013 6 28 0.00 82.91 58.19 70.55 0.00
2013 6 29 0.00 80.85 58.19 69.52 0.00
2013 6 30 0.00 79.82 55.10 68.49 0.00
2013 7 1 0.00 80.85 59.22 70.55 0.00
2013 7 2 0.00 79.82 60.25 69.52 0.00
2013 7 3 0.00 78.79 56.13 66.43 0.00
2013 7 4 0.50 70.55 49.95 61.28 0.00
2013 7 5 0.50 71.58 47.89 58.19 0.00
2013 7 6 0.10 71.58 48.92 58.19 0.00
2013 7 7 0.10 71.58 47.89 58.19 0.00
2013 7 8 0.00 72.61 52.01 62.31 0.00
2013 7 9 0.00 76.73 58.19 66.43 0.00
2013 7 10 0.00 78.79 56.13 68.49 0.00
2013 7 11 0.00 74.67 49.95 61.28 0.00
2013 7 12 0.10 65.40 48.92 55.10 0.00
2013 7 13 0.00 70.55 49.95 59.22 0.00
2013 7 14 0.00 73.64 50.98 63.34 0.00
2013 7 15 0.00 75.70 57.16 64.37 0.00
2013 7 16 0.00 74.67 54.07 61.28 0.00
2013 7 17 0.30 72.61 53.04 61.28 0.00
2013 7 18 0.00 75.70 54.07 64.37 0.00
2013 7 19 0.00 78.79 56.13 68.49 0.00
2013 7 20 0.00 78.79 58.19 68.49 0.00
2013 7 21 0.00 78.79 58.19 67.46 0.00
2013 7 22 0.00 78.79 55.10 67.46 0.00
2013 7 23 0.00 80.85 58.19 68.49 0.00
2013 7 24 0.00 66.43 55.10 60.25 0.00
2013 7 25 0.00 76.73 54.07 64.37 0.00
2013 7 26 0.00 78.79 54.07 66.43 0.00
2013 7 27 0.00 63.34 48.92 57.16 0.00
2013 7 28 0.20 68.49 47.89 55.10 0.00
2013 7 29 0.00 67.46 45.83 56.13 0.00
2013 7 30 0.00 73.64 49.95 61.28 0.00
2013 7 31 0.00 76.73 57.16 65.40 0.00
2013 8 1 0.00 74.67 54.07 62.31 0.00
2013 8 2 0.00 73.64 49.95 62.31 0.00
2013 8 3 0.00 74.67 52.01 63.34 0.00
2013 8 4 0.00 75.70 54.07 64.37 0.00
2013 8 5 0.00 73.64 54.07 64.37 0.00
2013 8 6 0.00 74.67 54.07 63.34 0.00
2013 8 7 0.10 76.73 49.95 59.22 0.00
2013 8 8 0.00 68.49 48.92 56.13 0.00
2013 8 9 0.00 70.55 52.01 57.16 0.00
2013 8 10 0.00 68.49 53.04 59.22 0.00
2013 8 11 0.00 71.58 52.01 60.25 0.00
2013 8 12 0.10 65.40 50.98 57.16 0.00
2013 8 13 0.00 72.61 49.95 61.28 0.00
2013 8 14 0.00 75.70 54.07 64.37 0.00
2013 8 15 0.00  nan  nan  nan 0.00
2013 8 16 0.00  nan  nan  nan 0.00
2013 8 17 0.30 80.85 49.95 62.31 0.00
2013 8 18 0.00 76.73 50.98 62.31 0.00
2013 8 19 0.00 77.76 55.10 63.34 0.00
2013 8 20 0.00 73.64 53.04 61.28 0.00
2013 8 21 0.00 73.64 49.95 61.28 0.00
2013 8 22 0.20 68.49 49.95 58.19 0.00
2013 8 23 0.20 63.34 49.95 53.04 0.00
2013 8 24 0.00 69.52 45.83 55.10 0.00
2013 8 25 0.00 64.37 49.95 56.13 0.00
2013 8 26 0.00 58.19 49.95 53.04 0.00
2013 8 27 0.20 63.34 49.95 56.13 0.00
2013 8 28 0.00 72.61 49.95 61.28 0.00
2013 8 29 0.00 74.67 53.04 63.34 0.00
2013 8 30 0.00 76.73 57.16 65.40 0.00
2013 8 31 0.00 75.70 55.10 62.31 0.00
2013 9 1 0.00 67.46 56.13 61.28 0.00
2013 9 2 0.00 70.55 55.10 60.25 0.00
2013 9 3 0.00 74.67 52.01 60.25 0.00
2013 9 4 0.00 74.67 53.04 61.28 0.00
2013 9 5 0.50 73.64 53.04 59.22 0.00
2013 9 6 0.00 73.64 54.07 62.31 0.00
2013 9 7 0.40 72.61 46.86 56.13 0.00
2013 9 8 0.20 55.10 44.80 48.92 0.00
2013 9 9 0.00 63.34 44.80 52.01 0.00
2013 9 10 0.10 60.25 46.86 50.98 0.00
2013 9 11 0.40 61.28 45.83 52.01 0.00
2013 9 12 0.40 60.25 44.80 49.95 0.00
2013 9 13 0.30 59.22 43.77 48.92 0.00
2013 9 14 0.00 56.13 43.77 48.92 0.00
2013 9 15 0.50 59.22 43.77 49.95 0.00
2013 9 16 0.00 66.43 45.83 56.13 0.00
2013 9 17 0.00 63.34 50.98 55.10 0.00
2013 9 18 0.00 56.13 36.56 45.83 0.00
2013 9 19 0.00 56.13 33.47 43.77 0.00
2013 9 20 0.00 64.37 43.77 53.04 0.00
2013 9 21 0.00 65.40 45.83 55.10 0.00
2013 9 22 0.10 53.04 38.62 45.83 0.00
2013 9 23 0.00 50.98 36.56 41.71 0.00
2013 9 24 0.00 62.31 39.65 49.95 0.00
2013 9 25 0.40 48.92 27.29 37.59 0.00
2013 9 26 0.50 41.71 28.32 31.41 0.00
2013 9 27 0.20 33.47 24.20 28.32 0.00
2013 9 28 0.10 50.98 24.20 36.56 0.20
2013 9 29 0.00 56.13 36.56 46.86 0.00
2013 9 30 0.00 60.25 42.74 50.98 0.00
2013 10 1 0.00 61.28 39.65 49.95 0.00
2013 10 2 0.10 56.13 37.59 45.83 0.00
2013 10 3 0.30 41.71 24.20 29.35 0.00
2013 10 4 0.30 32.44 22.14 25.23 0.00
2013 10 5 0.00 40.68 22.14 31.41 0.00
2013 10 6 0.00 58.19 29.35 43.77 0.00
2013 10 7 0.00 62.31 42.74 50.98 0.00
2013 10 8 0.00 53.04 38.62 44.80 0.00
2013 10 9 0.00 48.92 35.53 42.74 0.00
2013 10 10 0.60 39.65 30.38 33.47 0.00
2013 10 11 0.00 39.65 28.32 32.44 0.00
2013 10 12 0.00 49.95 27.29 37.59 0.00
2013 10 13 0.40 40.68 30.38 35.53 0.00
2013 10 14 0.10 34.50 24.20 29.35 0.00
2013 10 15 0.00 35.53 22.14 26.26 0.00
2013 10 16 0.00 39.65 20.08 29.35 0.00
2013 10 17 0.00 41.71 28.32 33.47 0.00
2013 10 18 0.00 42.74 28.32 33.47 0.00
2013 10 19 0.00 46.86 29.35 37.59 0.00
2013 10 20 0.00 47.89 33.47 39.65 0.00
2013 10 21 0.00 48.92 30.38 38.62 0.00
2013 10 22 0.00 55.10 35.53 44.80 0.00
2013 10 23 0.00 57.16 39.65 45.83 0.00
2013 10 24 0.00 56.13 38.62 46.86 0.00
2013 10 25 0.00 53.04 39.65 44.80 0.00
2013 10 26 0.00 53.04 36.56 43.77 0.00
2013 10 27 0.00 53.04 35.53 42.74 0.00
2013 10 28 0.80 45.83 26.26 35.53 0.00
2013 10 29 0.00 37.59 24.20 27.29 0.80
2013 10 30 0.20 31.41 23.17 25.23 0.60
2013 10 31 0.10 35.53 24.20 28.32 0.80
2013 11 1 0.00 42.74 29.35 33.47 0.80
2013 11 2 0.00 50.98 29.35 41.71 0.50
2013 11 3 0.10 39.65 13.90 23.17 0.40
2013 11 4 0.00 28.32 12.87 16.99 0.50
2013 11 5 0.10 27.29 13.90 18.02 0.50
2013 11 6 0.00 34.50 20.08 28.32 0.60
2013 11 7 0.00 43.77 28.32 37.59 0.60
2013 11 8 0.00 44.80 33.47 38.62 0.60
2013 11 9 0.00 48.92 33.47 40.68 0.50
2013 11 10 0.00 49.95 34.50 41.71 0.40
2013 11 11 0.00 53.04 35.53 43.77 0.30
2013 11 12 0.00 56.13 37.59 44.80 0.30
2013 11 13 0.00 49.95 30.38 40.68 0.10
2013 11 14 0.00 43.77 27.29 34.50 0.00
2013 11 15 0.10 34.50 18.02 26.26 0.00
2013 11 16 0.90 25.23 19.05 23.17 0.00
2013 11 17 0.00 35.53 22.14 27.29 0.90
2013 11 18 0.00 46.86 25.23 35.53 0.90
2013 11 19 0.30 37.59 29.35 32.44 0.90
2013 11 20 0.30 37.59 29.35 31.41 1.20
2013 11 21 0.20 30.38 12.87 23.17 1.50
2013 11 22 0.00 38.62 12.87 23.17 1.70
2013 11 23 0.10 37.59 18.02 26.26 1.70
2013 11 24 0.00 32.44 20.08 26.26 1.80
2013 11 25 0.00 35.53 20.08 27.29 1.80
2013 11 26 0.00 45.83 26.26 34.50 1.80
2013 11 27 0.00 48.92 32.44 37.59 1.80
2013 11 28 0.00 46.86 30.38 36.56 1.80
2013 11 29 0.00 42.74 27.29 32.44 1.80
2013 11 30 0.00 39.65 25.23 30.38 1.80
2013 12 1 0.00 36.56 27.29 31.41 1.80
2013 12 2 0.30 37.59 28.32 31.41 1.80
2013 12 3 0.70 29.35 5.66 15.96 2.10
2013 12 4 0.00 5.66 -8.76 -1.55 2.80
2013 12 5 0.00 4.63 -9.79 -4.64 2.80
2013 12 6 0.00 11.84 -10.82 -0.52 2.80
2013 12 7 0.30 12.87 4.63 8.75 2.80
2013 12 8 0.00 10.81 -5.67 -0.52 3.10
2013 12 9 0.00 8.75 -10.82 -1.55 3.10
2013 12 10 0.20 29.35 3.60 15.96 3.10
2013 12 11 0.00 34.50 12.87 22.14 3.20
2013 12 12 0.00 40.68 24.20 31.41 3.20
2013 12 13 0.00 27.29 14.93 22.14 3.20
2013 12 14 0.00 25.23 12.87 18.02 3.20
2013 12 15 0.00 38.62 21.11 30.38 3.20
2013 12 16 0.00 39.65 29.35 33.47 3.20
2013 12 17 0.00 48.92 31.41 37.59 3.20
2013 12 18 0.20 45.83 31.41 36.56 3.20
2013 12 19 0.90 31.41 18.02 26.26 3.40
2013 12 20 0.10 22.14 8.75 14.93 4.30
2013 12 21 0.10 20.08 12.87 15.96 4.40
2013 12 22 0.30 23.17 14.93 20.08 4.50
2013 12 23 0.00 30.38 22.14 26.26 4.70
2013 12 24 0.00 28.32 12.87 22.14 4.70
2013 12 25 0.00 36.56 11.84 24.20 4.70
2013 12 26 0.00 36.56 24.20 29.35 4.70
2013 12 27 0.00 46.86 29.35 34.50 4.70
2013 12 28 0.00 35.53 14.93 27.29 4.70
2013 12 29 0.00 25.23 11.84 19.05 4.70
2013 12 30 0.10 34.50 20.08 25.23 4.70
2013 12 31 0.00 36.56 26.26 29.35 4.80
2014 1 1 0.00 33.47 20.08 25.23 4.80
2014 1 2 0.00 43.77 22.14 31.41 4.80
2014 1 3 0.00 38.62 23.17 31.41 4.80
2014 1 4 0.00 23.17 6.69 10.81 4.80
2014 1 5 0.00 14.93 4.63 8.75 4.80
2014 1 6 0.10 33.47 8.75 21.11 4.80
2014 1 7 0.10 36.56 21.11 27.29 4.80
2014 1 8 0.40 28.32 20.08 24.20 4.90
2014 1 9 0.30 25.23 10.81 19.05 5.30
2014 1 10 0.10 26.26 13.90 22.14 5.60
2014 1 11 0.00 38.62 25.23 31.41 5.70
2014 1 12 0.80 26.26 14.93 16.99 5.70
2014 1 13 0.00 27.29 18.02 22.14 6.50
2014 1 14 0.00 30.38 20.08 23.17 6.50
2014 1 15 0.00 34.50 20.08 26.26 6.50
2014 1 16 0.00 36.56 22.14 29.35 6.40
2014 1 17 0.00 38.62 22.14 28.32 6.40
2014 1 18 0.00 41.71 24.20 31.41 6.30
2014 1 19 0.00 48.92 29.35 35.53 6.30
2014 1 20 0.00 42.74 28.32 33.47 6.30
2014 1 21 0.00 44.80 26.26 33.47 6.30
2014 1 22 0.00 36.56 19.05 28.32 6.20
2014 1 23 0.00 34.50 12.87 22.14 6.20
2014 1 24 0.00 39.65 19.05 30.38 6.20
2014 1 25 0.00 38.62 26.26 31.41 6.20
2014 1 26 0.00 36.56 25.23 28.32 6.20
2014 1 27 0.00 33.47 14.93 26.26 6.20
2014 1 28 0.00 30.38 11.84 22.14 6.20
2014 1 29 0.70 32.44 22.14 27.29 6.20
2014 1 30 0.20 27.29 18.02 22.14 6.90
2014 1 31 0.00 25.23 7.72 15.96 7.10
2014 2 1 0.00 16.99 7.72 11.84 7.10
2014 2 2 0.00 24.20 3.60 12.87 7.10
2014 2 3 0.00 26.26 8.75 14.93 7.10
2014 2 4 0.10 16.99 1.54 8.75 7.10
2014 2 5 0.00 20.08 -0.52 9.78 7.20
2014 2 6 0.10 22.14 11.84 16.99 7.20
2014 2 7 0.50 23.17 20.08 22.14 7.30
2014 2 8 1.20 30.38 23.17 27.29 7.80
2014 2 9 0.40 32.44 24.20 28.32 9.00
2014 2 10 0.10 32.44 15.96 25.23 9.40
2014 2 11 0.10 31.41 15.96 23.17 9.50
2014 2 12 0.20 32.44 20.08 27.29 9.60
2014 2 13 0.40 38.62 28.32 31.41 9.80
2014 2 14 0.10 38.62 27.29 32.44 10.20
2014 2 15 0.00 46.86 35.53 39.65 10.30
2014 2 16 0.20 40.68 16.99 30.38 10.30
2014 2 17 0.00 41.71 15.96 30.38 10.50
2014 2 18 0.00 39.65 25.23 31.41 10.50
2014 2 19 0.40 32.44 9.78 21.11 10.50
2014 2 20 0.10 24.20 9.78 14.93 10.90
2014 2 21 0.00 32.44 15.96 23.17 10.90
2014 2 22 0.00 31.41 21.11 25.23 10.80
2014 2 23 0.00 40.68 21.11 31.41 10.80
2014 2 24 0.00 41.71 30.38 35.53 10.80
2014 2 25 0.00 43.77 30.38 35.53 10.80
2014 2 26 0.00 47.89 29.35 36.56 10.70
2014 2 27 1.30 36.56 26.26 30.38 10.50
2014 2 28 0.70 39.65 24.20 29.35 11.80
2014 3 1 0.60 33.47 26.26 28.32 12.50
2014 3 2 0.00 40.68 26.26 30.38 13.10
2014 3 3 0.00 43.77 28.32 33.47 13.10
2014 3 4 0.00 35.53 25.23 30.38 13.10
2014 3 5 0.20 43.77 24.20 33.47 13.10
2014 3 6 0.00 45.83 28.32 35.53 13.20
2014 3 7 0.10 34.50 24.20 27.29 13.20
2014 3 8 0.00 42.74 22.14 31.41 13.30
2014 3 9 0.00 49.95 29.35 39.65 13.30
2014 3 10 0.40 45.83 22.14 36.56 13.30
2014 3 11 0.40 30.38 15.96 22.14 13.60
2014 3 12 0.10 42.74 11.84 26.26 14.00
2014 3 13 0.00 42.74 22.14 31.41 14.10
2014 3 14 0.10 42.74 23.17 32.44 14.10
2014 3 15 0.00 36.56 24.20 28.32 14.00
2014 3 16 0.00 45.83 26.26 36.56 14.00
2014 3 17 0.20 39.65 15.96 27.29 14.00
2014 3 18 0.10 28.32 13.90 18.02 14.20
2014 3 19 0.00 38.62 10.81 26.26 14.30
2014 3 20 0.00 45.83 27.29 35.53 14.30
2014 3 21 0.00 42.74 23.17 32.44 14.30
2014 3 22 0.10 37.59 22.14 28.32 14.30
2014 3 23 0.00 40.68 21.11 30.38 14.40
2014 3 24 0.00 43.77 22.14 34.50 14.40
2014 3 25 0.00 52.01 29.35 40.68 14.30
2014 3 26 0.60 39.65 25.23 31.41 13.70
2014 3 27 0.50 32.44 21.11 24.20 14.30
2014 3 28 0.00 39.65 19.05 28.32 14.80
2014 3 29 0.10 44.80 27.29 37.59 14.80
2014 3 30 0.40 39.65 20.08 30.38 14.90
2014 3 31 0.10 35.53 14.93 25.23 15.20
2014 4 1 0.50 38.62 18.02 25.23 15.30
2014 4 2 0.10 33.47 18.02 22.14 15.80
2014 4 3 0.00 37.59 14.93 24.20 15.90
2014 4 4 0.00 42.74 20.08 30.38 15.90
2014 4 5 0.10 40.68 24.20 29.35 15.80
2014 4 6 0.10 34.50 24.20 28.32 15.80
2014 4 7 0.00 46.86 25.23 35.53 15.90
2014 4 8 0.00 55.10 31.41 42.74 16.00
2014 4 9 0.00 57.16 38.62 46.86 15.30
2014 4 10 0.00 52.01 36.56 43.77 14.50
2014 4 11 0.00 58.19 37.59 47.89 13.60
2014 4 12 0.00 52.01 31.41 42.74 12.20
2014 4 13 0.60 34.50 21.11 27.29 11.80
2014 4 14 0.00 42.74 13.90 28.32 12.40
2014 4 15 0.00 49.95 28.32 38.62 13.00
2014 4 16 0.00 41.71 26.26 33.47 12.30
2014 4 17 0.00 53.04 28.32 41.71 12.00
2014 4 18 0.00 53.04 40.68 45.83 10.80
2014 4 19 0.00 55.10 39.65 44.80 10.30
2014 4 20 0.00 54.07 37.59 45.83 9.50
2014 4 21 0.00 58.19 35.53 47.89 8.70
2014 4 22 0.20 54.07 25.23 43.77 7.40
2014 4 23 0.00 35.53 21.11 26.26 7.10
2014 4 24 0.10 48.92 25.23 37.59 7.10
2014 4 25 0.20 49.95 33.47 40.68 7.00
2014 4 26 0.80 38.62 24.20 31.41 6.90
2014 4 27 0.20 34.50 20.08 26.26 7.70
2014 4 28 0.20 30.38 20.08 23.17 7.90
2014 4 29 0.00 37.59 20.08 29.35 8.10
2014 4 30 0.00 45.83 23.17 34.50 8.10
2014 5 1 0.00 53.04 30.38 41.71 8.10
2014 5 2 0.00 57.16 38.62 47.89 7.40
2014 5 3 0.00 63.34 43.77 54.07 6.20
2014 5 4 0.00 61.28 46.86 53.04 4.80
2014 5 5 0.00 58.19 40.68 49.95 3.60
2014 5 6 0.10 49.95 29.35 39.65 2.50
2014 5 7 0.30 40.68 27.29 31.41 2.10
2014 5 8 0.20 41.71 28.32 33.47 2.40
2014 5 9 0.60 43.77 31.41 34.50 2.40
2014 5 10 0.10 40.68 26.26 33.47 3.00
2014 5 11 0.10 35.53 24.20 29.35 3.00
2014 5 12 0.00 41.71 21.11 30.38 3.00
2014 5 13 0.00 46.86 22.14 34.50 2.40
2014 5 14 0.00 52.01 30.38 41.71 1.80
2014 5 15 0.00 57.16 37.59 47.89 1.30
2014 5 16 0.00 58.19 44.80 52.01 0.00
2014 5 17 0.00 62.31 45.83 54.07 0.00
2014 5 18 0.00 62.31 40.68 52.01 0.00
2014 5 19 0.00 54.07 36.56 44.80 0.00
2014 5 20 0.00 59.22 38.62 48.92 0.00
2014 5 21 0.00 61.28 40.68 49.95 0.00
2014 5 22 0.00 61.28 42.74 53.04 0.00
2014 5 23 0.00 55.10 40.68 46.86 0.00
2014 5 24 0.10 50.98 40.68 44.80 0.00
2014 5 25 0.00 63.34 42.74 50.98 0.00
2014 5 26 0.00 67.46 44.80 55.10 0.00
2014 5 27 0.00 71.58 50.98 61.28 0.00
2014 5 28 0.00 71.58 54.07 61.28 0.00
2014 5 29 0.00 64.37 47.89 57.16 0.00
2014 5 30 0.00 66.43 50.98 56.13 0.00
2014 5 31 0.00 67.46 45.83 57.16 0.00
2014 6 1 0.00 59.22 42.74 49.95 0.00
2014 6 2 0.00 70.55 45.83 59.22 0.00
2014 6 3 0.00 64.37 49.95 57.16 0.00
2014 6 4 0.00 65.40 46.86 56.13 0.00
2014 6 5 0.00 64.37 46.86 55.10 0.00
2014 6 6 0.00 66.43 46.86 57.16 0.00
2014 6 7 0.00 66.43 46.86 56.13 0.00
2014 6 8 0.00 57.16 40.68 49.95 0.00
2014 6 9 0.00 65.40 37.59 53.04 0.00
2014 6 10 0.00 69.52 50.98 58.19 0.00
2014 6 11 0.00 64.37 45.83 55.10 0.00
2014 6 12 0.00 71.58 45.83 57.16 0.00
2014 6 13 0.00 66.43 42.74 55.10 0.00
2014 6 14 0.00 48.92 34.50 41.71 0.00
2014 6 15 0.00 59.22 34.50 47.89 0.00
2014 6 16 0.00 50.98 38.62 45.83 0.00
2014 6 17 0.30 42.74 27.29 34.50 0.00
2014 6 18 0.00 47.89 27.29 36.56 0.00
2014 6 19 0.00 60.25 36.56 47.89 0.00
2014 6 20 0.00 70.55 45.83 58.19 0.00
2014 6 21 0.00 67.46 52.01 58.19 0.00
2014 6 22 0.00 68.49 49.95 59.22 0.00
2014 6 23 0.00 68.49 47.89 59.22 0.00
2014 6 24 0.00 73.64 50.98 61.28 0.00
2014 6 25 0.00 73.64 52.01 63.34 0.00
2014 6 26 0.20 67.46 41.71 54.07 0.00
2014 6 27 0.00 53.04 40.68 45.83 0.00
2014 6 28 0.00 64.37 40.68 53.04 0.00
2014 6 29 0.00 69.52 48.92 59.22 0.00
2014 6 30 0.00 66.43 47.89 56.13 0.00
2014 7 1 0.00 70.55 45.83 59.22 0.00
2014 7 2 0.00 75.70 54.07 64.37 0.00
2014 7 3 0.00 75.70 56.13 64.37 0.00
2014 7 4 0.00 77.76 55.10 65.40 0.00
2014 7 5 0.00 77.76 57.16 66.43 0.00
2014 7 6 0.00  nan  nan  nan 0.00
2014 7 7 0.00  nan  nan  nan 0.00
2014 7 8 0.00 78.79 55.10 66.43 0.00
2014 7 9 0.10 76.73 53.04 61.28 0.00
2014 7 10 0.00 70.55 49.95 59.22 0.00
2014 7 11 0.00 66.43 49.95 57.16 0.00
2014 7 12 0.00 73.64 49.95 62.31 0.00
2014 7 13 0.00 76.73 55.10 66.43 0.00
2014 7 14 0.00 82.91 58.19 68.49 0.00
2014 7 15 0.00 77.76 55.10 66.43 0.00
2014 7 16 0.00 70.55 49.95 60.25 0.00
2014 7 17 0.00 73.64 48.92 61.28 0.00
2014 7 18 0.00 74.67 54.07 64.37 0.00
2014 7 19 0.00 75.70 55.10 65.40 0.00
2014 7 20 0.00 77.76 52.01 62.31 0.00
2014 7 21 0.00 75.70 52.01 63.34 0.00
2014 7 22 0.00 81.88 54.07 67.46 0.00
2014 7 23 0.00 81.88 60.25 69.52 0.00
2014 7 24 0.00 79.82 59.22 67.46 0.00
2014 7 25 0.00 80.85 57.16 66.43 0.00
2014 7 26 0.00 76.73 55.10 66.43 0.00
2014 7 27 0.00 79.82 57.16 66.43 0.00
2014 7 28 0.40 72.61 50.98 59.22 0.00
2014 7 29 0.30 59.22 50.98 54.07 0.00
2014 7 30 0.30 63.34 47.89 53.04 0.00
2014 7 31 0.00 67.46 46.86 55.10 0.00
2014 8 1 0.00 71.58 48.92 59.22 0.00
2014 8 2 0.00 72.61 52.01 61.28 0.00
2014 8 3 0.00 71.58 50.98 59.22 0.00
2014 8 4 0.50 64.37 48.92 54.07 0.00
2014 8 5 0.70 63.34 44.80 53.04 0.00
2014 8 6 0.00 68.49 44.80 56.13 0.00
2014 8 7 0.00 67.46 45.83 56.13 0.00
2014 8 8 0.00 65.40 45.83 55.10 0.00
2014 8 9 0.00 67.46 48.92 57.16 0.00
2014 8 10 0.00 70.55 50.98 59.22 0.00
2014 8 11 0.00 74.67 53.04 63.34 0.00
2014 8 12 0.00 70.55 50.98 59.22 0.00
2014 8 13 0.00 61.28 52.01 56.13 0.00
2014 8 14 0.10 70.55 47.89 58.19 0.00
2014 8 15 0.00 72.61 52.01 61.28 0.00
2014 8 16 0.00 71.58 52.01 62.31 0.00
2014 8 17 0.00 76.73 54.07 65.40 0.00
2014 8 18 0.00 76.73 56.13 65.40 0.00
2014 8 19 0.40 59.22 48.92 52.01 0.00
2014 8 20 0.40 63.34 45.83 52.01 0.00
2014 8 21 0.00 62.31 45.83 53.04 0.00
2014 8 22 0.20 66.43 41.71 53.04 0.00
2014 8 23 1.00 52.01 34.50 42.74 0.00
2014 8 24 0.30 60.25 37.59 48.92 0.00
2014 8 25 0.40 61.28 42.74 52.01 0.00
2014 8 26 0.10 60.25 43.77 50.98 0.00
2014 8 27 0.20 53.04 41.71 46.86 0.00
2014 8 28 0.00 63.34 41.71 53.04 0.00
2014 8 29 0.00 68.49 46.86 57.16 0.00
2014 8 30 0.00 64.37 48.92 56.13 0.00
2014 8 31 0.00 57.16 43.77 50.98 0.00
2014 9 1 0.00 61.28 42.74 50.98 0.00
2014 9 2 0.00 71.58 45.83 59.22 0.00
2014 9 3 0.00 71.58 47.89 59.22 0.00
2014 9 4 0.00 65.40 43.77 54.07 0.00
2014 9 5 0.00 66.43 45.83 55.10 0.00
2014 9 6 0.00 68.49 47.89 56.13 0.00
2014 9 7 0.00 70.55 47.89 58.19 0.00
2014 9 8 0.80 63.34 45.83 52.01 0.00
2014 9 9 1.10 53.04 39.65 45.83 0.00
2014 9 10 0.10 57.16 39.65 47.89 0.00
2014 9 11 0.00 57.16 35.53 47.89 0.00
2014 9 12 0.00 59.22 30.38 45.83 0.00
2014 9 13 0.00 67.46 42.74 55.10 0.00
2014 9 14 0.00 68.49 50.98 58.19 0.00
2014 9 15 0.00 69.52 50.98 59.22 0.00
2014 9 16 0.00 71.58 52.01 61.28 0.00
2014 9 17 0.00 73.64 54.07 63.34 0.00
2014 9 18 0.00 72.61 48.92 61.28 0.00
2014 9 19 0.00 66.43 46.86 56.13 0.00
2014 9 20 0.00 70.55 47.89 59.22 0.00
2014 9 21 0.30 56.13 45.83 49.95 0.00
2014 9 22 0.20 57.16 41.71 49.95 0.00
2014 9 23 0.00 64.37 44.80 54.07 0.00
2014 9 24 0.00 70.55 49.95 59.22 0.00
2014 9 25 0.00 71.58 53.04 61.28 0.00
2014 9 26 0.00 69.52 48.92 58.19 0.00
2014 9 27 2.20 52.01 38.62 44.80 0.00
2014 9 28 1.70 48.92 33.47 39.65 0.00
2014 9 29 0.10 47.89 34.50 38.62 0.00
2014 9 30 0.10 45.83 35.53 38.62 0.00
2014 10 1 0.10 37.59 27.29 32.44 0.00
2014 10 2 0.00 46.86 27.29 37.59 0.00
2014 10 3 0.00 54.07 33.47 42.74 0.00
2014 10 4 0.00 56.13 37.59 44.80 0.00
2014 10 5 0.00 57.16 37.59 46.86 0.00
2014 10 6 0.00 58.19 40.68 48.92 0.00
2014 10 7 0.00 61.28 42.74 50.98 0.00
2014 10 8 0.00 60.25 42.74 49.95 0.00
2014 10 9 0.00 59.22 41.71 49.95 0.00
2014 10 10 0.00 59.22 40.68 47.89 0.00
2014 10 11 0.00 53.04 38.62 44.80 0.00
2014 10 12 0.20 42.74 29.35 33.47 0.00
2014 10 13 0.00 47.89 28.32 37.59 0.00
2014 10 14 0.00 62.31 36.56 49.95 0.00
2014 10 15 0.00 59.22 39.65 48.92 0.00
2014 10 16 0.00 54.07 35.53 43.77 0.00
2014 10 17 0.00 61.28 40.68 49.95 0.00
2014 10 18 0.00 59.22 42.74 48.92 0.00
2014 10 19 0.00 60.25 42.74 49.95 0.00
2014 10 20 0.00 61.28 44.80 50.98 0.00
2014 10 21 0.00 52.01 33.47 42.74 0.00
2014 10 22 0.00 50.98 33.47 40.68 0.00
2014 10 23 0.00 60.25 38.62 48.92 0.00
2014 10 24 0.00  nan  nan  nan 0.00
2014 10 25 0.00  nan  nan  nan 0.00
2014 10 26 0.10 46.86 27.29 37.59 0.00
2014 10 27 0.00 37.59 24.20 28.32 0.00
2014 10 28 0.00 45.83 26.26 35.53 0.00
2014 10 29 0.00 53.04 34.50 42.74 0.00
2014 10 30 0.00 58.19 39.65 47.89 0.00
2014 10 31 0.00 57.16 43.77 47.89 0.00
2014 11 1 0.00 52.01 31.41 40.68 0.00
2014 11 2 0.20 31.41 24.20 28.32 0.00
2014 11 3 0.10 30.38 20.08 24.20 0.00
2014 11 4 0.00 40.68 20.08 30.38 0.00
2014 11 5 0.00 46.86 30.38 36.56 0.00
2014 11 6 0.00 56.13 38.62 45.83 0.00
2014 11 7 0.00 49.95 31.41 41.71 0.00
2014 11 8 0.00 50.98 32.44 40.68 0.00
2014 11 9 0.00 53.04 37.59 44.80 0.00
2014 11 10 0.00 40.68 19.05 26.26 0.00
2014 11 11 0.00 31.41 15.96 23.17 0.00
2014 11 12 0.00 16.99 5.66 11.84 0.00
2014 11 13 0.40 31.41 15.96 25.23 0.00
2014 11 14 0.40 35.53 23.17 29.35 0.40
2014 11 15 0.10 27.29 2.57 14.93 0.80
2014 11 16 0.00 18.02 -1.55 8.75 0.90
2014 11 17 0.10 26.26 8.75 16.99 0.90
2014 11 18 0.10 35.53 14.93 25.23 1.00
2014 11 19 0.00 43.77 24.20 32.44 1.10
2014 11 20 0.00 37.59 26.26 31.41 1.10
2014 11 21 0.00 43.77 26.26 33.47 1.10
2014 11 22 1.00 34.50 22.14 28.32 1.10
2014 11 23 0.40 22.14 15.96 18.02 2.10
2014 11 24 0.10 26.26 12.87 18.02 2.50
2014 11 25 0.10 31.41 14.93 25.23 2.60
2014 11 26 0.00 37.59 28.32 32.44 2.70
2014 11 27 0.00 46.86 28.32 38.62 2.70
2014 11 28 0.00 49.95 34.50 41.71 2.70
2014 11 29 0.00 40.68 34.50 37.59 2.60
2014 11 30 0.00 37.59 29.35 32.44 2.60
2014 12 1 0.00 37.59 26.26 31.41 2.60
2014 12 2 0.10 40.68 27.29 35.53 2.60
2014 12 3 0.10 34.50 30.38 32.44 2.60
2014 12 4 0.00  nan  nan  nan 2.70
2014 12 5 0.00  nan  nan  nan 2.70
2014 12 6 0.00 42.74 29.35 34.50 2.60
2014 12 7 0.00 41.71 28.32 34.50 2.60
2014 12 8 0.00 47.89 32.44 37.59 2.60
2014 12 9 0.00 50.98 33.47 38.62 2.50
2014 12 10 0.00 50.98 33.47 40.68 2.50
2014 12 11 0.00 42.74 34.50 38.62 2.50
2014 12 12 0.00 41.71 34.50 37.59 2.50
2014 12 13 0.40 34.50 22.14 26.26 2.50
2014 12 14 0.50 23.17 12.87 19.05 2.80
2014 12 15 0.10 29.35 9.78 20.08 3.30
2014 12 16 0.00 31.41 22.14 26.26 3.30
2014 12 17 0.00 33.47 20.08 25.23 3.30
2014 12 18 0.00 31.41 18.02 22.14 3.30
2014 12 19 0.10 34.50 18.02 25.23 3.30
2014 12 20 0.10 29.35 25.23 26.26 3.40
2014 12 21 1.00 32.44 26.26 29.35 3.50
2014 12 22 0.40 27.29 13.90 24.20 4.50
2014 12 23 0.00 22.14 11.84 14.93 4.80
2014 12 24 0.20 31.41 12.87 26.26 4.80
2014 12 25 0.50 25.23 10.81 15.96 4.90
2014 12 26 0.10 18.02 3.60 8.75 5.30
2014 12 27 0.00 18.02 1.54 8.75 5.40
2014 12 28 0.30 20.08 8.75 12.87 5.40
2014 12 29 0.30 18.02 -3.61 8.75 5.70
2014 12 30 0.00 9.78 -11.85 -5.67 6.00
2014 12 31 0.00 27.29 -7.73 7.72 6.00
2015 1 1 0.00 27.29 7.72 13.90 6.00
2015 1 2 0.10 33.47 12.87 20.08 6.00
2015 1 3 0.00 22.14 13.90 18.02 6.00
2015 1 4 0.00 37.59 16.99 25.23 6.00
2015 1 5 0.00 38.62 26.26 32.44 6.00
2015 1 6 0.00 45.83 30.38 37.59 6.10
2015 1 7 0.00 56.13 33.47 42.74 6.10
2015 1 8 0.00 46.86 32.44 38.62 6.10
2015 1 9 0.00 47.89 30.38 35.53 6.00
2015 1 10 0.30 39.65 29.35 33.47 5.90
2015 1 11 0.20 31.41 28.32 29.35 6.20
2015 1 12 1.20 30.38 24.20 28.32 6.30
2015 1 13 0.10 32.44 14.93 23.17 7.50
2015 1 14 0.00 31.41 11.84 21.11 7.40
2015 1 15 0.00 49.95 21.11 32.44 7.40
2015 1 16 0.10 36.56 25.23 31.41 7.40
2015 1 17 0.00 40.68 16.99 28.32 7.40
2015 1 18 0.00 44.80 28.32 35.53 7.30
2015 1 19 0.00 37.59 25.23 31.41 7.30
2015 1 20 0.00 29.35 13.90 22.14 7.30
2015 1 21 0.00 24.20 7.72 14.93 7.30
2015 1 22 0.00 31.41 7.72 20.08 7.30
2015 1 23 0.00 30.38 15.96 23.17 7.30
2015 1 24 0.00 32.44 15.96 26.26 7.30
2015 1 25 0.00 46.86 26.26 34.50 7.30
2015 1 26 0.00 57.16 33.47 44.80 7.30
2015 1 27 0.00 45.83 31.41 37.59 7.30
2015 1 28 0.10 35.53 25.23 30.38 7.30
2015 1 29 0.00 35.53 24.20 30.38 7.40
2015 1 30 0.20 37.59 27.29 30.38 7.40
2015 1 31 0.00 34.50 22.14 27.29 7.50
2015 2 1 0.00 33.47 19.05 26.26 7.50
2015 2 2 0.20 36.56 26.26 30.38 7.50
2015 2 3 0.00 42.74 30.38 34.50 7.60
2015 2 4 0.10 40.68 31.41 34.50 7.60
2015 2 5 0.00 48.92 32.44 40.68 7.70
2015 2 6 0.00 53.04 36.56 42.74 7.70
2015 2 7 0.00 48.92 32.44 40.68 7.70
2015 2 8 0.00 50.98 32.44 39.65 7.70
2015 2 9 0.30 43.77 29.35 35.53 7.70
2015 2 10 0.10 35.53 22.14 28.32 8.00
2015 2 11 0.00 42.74 19.05 30.38 8.00
2015 2 12 0.00 46.86 29.35 36.56 8.00
2015 2 13 0.00 50.98 33.47 40.68 8.00
2015 2 14 0.00 58.19 37.59 44.80 8.00
2015 2 15 0.00 39.65 25.23 31.41 8.00
2015 2 16 0.00 31.41 18.02 24.20 8.00
2015 2 17 0.00 33.47 14.93 24.20 8.00
2015 2 18 0.00 43.77 24.20 32.44 8.00
2015 2 19 0.00 45.83 31.41 37.59 8.00
2015 2 20 0.00 36.56 22.14 27.29 8.00
2015 2 21 0.30 31.41 12.87 21.11 8.00
2015 2 22 0.10 22.14 6.69 12.87 8.10
2015 2 23 0.00 29.35 0.51 13.90 8.20
2015 2 24 0.00 38.62 12.87 25.23 8.20
2015 2 25 0.00 32.44 19.05 27.29 8.20
2015 2 26 0.20 29.35 14.93 21.11 8.20
2015 2 27 0.00 29.35 10.81 18.02 8.30
2015 2 28 0.20 27.29 16.99 21.11 8.30
2015 3 1 0.20 34.50 18.02 24.20 8.50
2015 3 2 0.60 33.47 21.11 26.26 8.60
2015 3 3 0.50 25.23 10.81 18.02 9.20
2015 3 4 0.00 25.23 11.84 15.96 9.70
2015 3 5 0.00 33.47 13.90 23.17 9.70
2015 3 6 0.00 40.68 23.17 31.41 9.70
2015 3 7 0.00 48.92 27.29 36.56 9.70
2015 3 8 0.00 44.80 28.32 35.53 9.70
2015 3 9 0.00 45.83 27.29 34.50 9.70
2015 3 10 0.00 50.98 28.32 38.62 9.70
2015 3 11 0.00 47.89 33.47 40.68 9.70
2015 3 12 0.00 45.83 31.41 34.50 9.70
2015 3 13 0.00 49.95 29.35 39.65 9.60
2015 3 14 0.00 53.04 33.47 41.71 9.30
2015 3 15 0.00 58.19 38.62 47.89 8.90
2015 3 16 0.00 58.19 40.68 47.89 8.50
2015 3 17 0.00 55.10 40.68 47.89 8.20
2015 3 18 0.00 47.89 31.41 38.62 7.90
2015 3 19 0.00 46.86 29.35 36.56 7.60
2015 3 20 0.00 55.10 31.41 41.71 7.40
2015 3 21 0.00 56.13 35.53 43.77 7.10
2015 3 22 0.00 49.95 34.50 41.71 6.70
2015 3 23 0.40 40.68 23.17 31.41 6.30
2015 3 24 0.20 35.53 20.08 28.32 6.70
2015 3 25 0.00 37.59 16.99 27.29 6.90
2015 3 26 0.00 47.89 25.23 35.53 6.80
2015 3 27 0.00 57.16 33.47 44.80 6.60
2015 3 28 0.00 56.13 36.56 45.83 6.30
2015 3 29 0.00 55.10 33.47 42.74 6.00
2015 3 30 0.00 58.19 38.62 46.86 5.30
2015 3 31 0.00 56.13 39.65 47.89 4.60
2015 4 1 0.00 39.65 24.20 29.35 3.70
2015 4 2 0.40 32.44 16.99 23.17 3.20
2015 4 3 0.00 39.65 14.93 27.29 3.60
2015 4 4 0.00 48.92 28.32 38.62 3.60
2015 4 5 0.00 52.01 33.47 42.74 3.50
2015 4 6 0.00 45.83 28.32 37.59 2.30
2015 4 7 0.00 45.83 28.32 35.53 1.70
2015 4 8 0.50 33.47 25.23 28.32 1.50
2015 4 9 0.00 45.83 25.23 33.47 2.00
2015 4 10 0.00 49.95 30.38 39.65 1.60
2015 4 11 0.00 50.98 32.44 41.71 1.30
2015 4 12 0.00 43.77 26.26 34.50 1.00
2015 4 13 0.00 56.13 32.44 44.80 0.80
2015 4 14 0.40 54.07 18.02 36.56 0.50
2015 4 15 0.40 22.14 13.90 18.02 0.80
2015 4 16 0.00 38.62 14.93 28.32 1.20
2015 4 17 0.00 44.80 23.17 33.47 1.20
2015 4 18 0.00 49.95 30.38 40.68 0.80
2015 4 19 0.00 48.92 31.41 39.65 0.30
2015 4 20 0.00 52.01 33.47 41.71 0.00
2015 4 21 0.00 55.10 35.53 45.83 0.00
2015 4 22 0.00 54.07 38.62 43.77 0.00
2015 4 23 0.00 50.98 34.50 41.71 0.00
2015 4 24 0.30 49.95 29.35 38.62 0.00
2015 4 25 0.30 40.68 27.29 32.44 0.00
2015 4 26 0.30 31.41 26.26 29.35 0.00
2015 4 27 0.00 47.89 28.32 36.56 0.00
2015 4 28 0.00 57.16 32.44 44.80 0.00
2015 4 29 0.00 61.28 40.68 50.98 0.00
2015 4 30 0.00 58.19 42.74 49.95 0.00
2015 5 1 0.00 59.22 41.71 49.95 0.00
2015 5 2 0.00 62.31 42.74 52.01 0.00
2015 5 3 0.10 59.22 40.68 48.92 0.00
2015 5 4 0.00 50.98 39.65 44.80 0.00
2015 5 5 0.40 49.95 37.59 42.74 0.00
2015 5 6 0.60 46.86 33.47 38.62 0.00
2015 5 7 0.10 47.89 32.44 37.59 0.00
2015 5 8 0.10 49.95 31.41 37.59 0.00
2015 5 9 0.60 34.50 28.32 31.41 0.00
2015 5 10 0.00 40.68 29.35 33.47 0.00
2015 5 11 0.00 55.10 28.32 41.71 0.00
2015 5 12 0.00 54.07 40.68 45.83 0.00
2015 5 13 0.00 55.10 39.65 46.86 0.00
2015 5 14 0.30 52.01 31.41 42.74 0.00
2015 5 15 0.40 42.74 28.32 33.47 0.00
2015 5 16 0.90 36.56 28.32 32.44 0.20
2015 5 17 0.50 50.98 31.41 38.62 1.00
2015 5 18 0.10 49.95 36.56 42.74 0.80
2015 5 19 0.30 47.89 33.47 37.59 0.40
2015 5 20 0.30 52.01 34.50 40.68 0.00
2015 5 21 0.10 48.92 34.50 40.68 0.00
2015 5 22 0.20 43.77 33.47 38.62 0.00
2015 5 23 0.00 47.89 32.44 38.62 0.00
2015 5 24 0.20 48.92 33.47 38.62 0.00
2015 5 25 0.00 50.98 36.56 41.71 0.00
2015 5 26 0.20 48.92 38.62 41.71 0.00
2015 5 27 0.10 53.04 35.53 43.77 0.00
2015 5 28 0.00 53.04 36.56 43.77 0.00
2015 5 29 0.00 59.22 37.59 47.89 0.00
2015 5 30 0.00 65.40 44.80 55.10 0.00
2015 5 31 0.00 70.55 50.98 61.28 0.00
2015 6 1 0.00 69.52 52.01 60.25 0.00
2015 6 2 0.00 65.40 47.89 56.13 0.00
2015 6 3 0.00 65.40 44.80 54.07 0.00
2015 6 4 0.00 66.43 42.74 55.10 0.00
2015 6 5 0.10 57.16 44.80 50.98 0.00
2015 6 6 0.00 59.22 39.65 47.89 0.00
2015 6 7 0.00 60.25 38.62 48.92 0.00
2015 6 8 0.00 66.43 44.80 55.10 0.00
2015 6 9 0.00 66.43 48.92 57.16 0.00
2015 6 10 0.30 63.34 45.83 53.04 0.00
2015 6 11 0.00 57.16 44.80 48.92 0.00
2015 6 12 0.00 66.43 42.74 55.10 0.00
2015 6 13 0.00 67.46 49.95 58.19 0.00
2015 6 14 0.00 69.52 53.04 60.25 0.00
2015 6 15 0.20 69.52 48.92 58.19 0.00
2015 6 16 0.00 70.55 52.01 61.28 0.00
2015 6 17 0.00 72.61 53.04 63.34 0.00
2015 6 18 0.00 75.70 53.04 65.40 0.00
2015 6 19 0.00 74.67 55.10 65.40 0.00
2015 6 20 0.00 73.64 50.98 62.31 0.00
2015 6 21 0.00 76.73 55.10 66.43 0.00
2015 6 22 0.00 72.61 50.98 62.31 0.00
2015 6 23 0.00 74.67 55.10 64.37 0.00
2015 6 24 0.00 76.73 56.13 66.43 0.00
2015 6 25 0.00 75.70 56.13 66.43 0.00
2015 6 26 0.00 75.70 53.04 66.43 0.00
2015 6 27 0.00 79.82 59.22 68.49 0.00
2015 6 28 0.00 81.88 58.19 70.55 0.00
2015 6 29 0.00 81.88 61.28 69.52 0.00
2015 6 30 0.00 79.82 59.22 69.52 0.00
2015 7 1 0.00 76.73 55.10 67.46 0.00
2015 7 2 0.00 76.73 62.31 68.49 0.00
2015 7 3 0.00 77.76 56.13 68.49 0.00
2015 7 4 0.20 77.76 53.04 65.40 0.00
2015 7 5 0.30 67.46 52.01 57.16 0.00
2015 7 6 0.10 68.49 49.95 57.16 0.00
2015 7 7 0.10 63.34 46.86 53.04 0.00
2015 7 8 0.10 61.28 43.77 52.01 0.00
2015 7 9 0.10 62.31 42.74 50.98 0.00
2015 7 10 0.30 60.25 42.74 49.95 0.00
2015 7 11 0.00 63.34 44.80 55.10 0.00
2015 7 12 0.00 68.49 47.89 58.19 0.00
2015 7 13 0.00 70.55 50.98 60.25 0.00
2015 7 14 0.00 71.58 53.04 60.25 0.00
2015 7 15 0.00 69.52 50.98 59.22 0.00
2015 7 16 0.00 72.61 52.01 61.28 0.00
2015 7 17 0.00 70.55 47.89 59.22 0.00
2015 7 18 0.00 67.46 46.86 55.10 0.00
2015 7 19 0.00 67.46 46.86 56.13 0.00
2015 7 20 0.00 61.28 45.83 50.98 0.00
2015 7 21 0.20 68.49 44.80 53.04 0.00
2015 7 22 0.00 66.43 46.86 56.13 0.00
2015 7 23 0.00 70.55 46.86 59.22 0.00
2015 7 24 0.00 71.58 50.98 61.28 0.00
2015 7 25 0.00 72.61 49.95 61.28 0.00
2015 7 26 0.00 76.73 52.01 64.37 0.00
2015 7 27 0.00 66.43 44.80 55.10 0.00
2015 7 28 0.00 63.34 36.56 49.95 0.00
2015 7 29 0.00 69.52 39.65 56.13 0.00
2015 7 30 0.00 73.64 46.86 61.28 0.00
2015 7 31 0.00 77.76 49.95 63.34 0.00
2015 8 1 0.00 76.73 52.01 64.37 0.00
2015 8 2 0.00 74.67 52.01 61.28 0.00
2015 8 3 1.40 52.01 43.77 47.89 0.00
2015 8 4 0.00 71.58 43.77 59.22 0.00
2015 8 5 0.00 71.58 48.92 60.25 0.00
2015 8 6 0.00 69.52 44.80 58.19 0.00
2015 8 7 1.40 61.28 44.80 53.04 0.00
2015 8 8 0.10 64.37 44.80 53.04 0.00
2015 8 9 0.10 67.46 43.77 56.13 0.00
2015 8 10 0.10 71.58 54.07 61.28 0.00
2015 8 11 0.00 69.52 54.07 61.28 0.00
2015 8 12 0.40 69.52 50.98 57.16 0.00
2015 8 13 0.00 75.70 52.01 63.34 0.00
2015 8 14 0.00 76.73 56.13 65.40 0.00
2015 8 15 0.00 75.70 58.19 65.40 0.00
2015 8 16 0.10 72.61 56.13 64.37 0.00
2015 8 17 0.00 69.52 52.01 60.25 0.00
2015 8 18 0.00 63.34 43.77 54.07 0.00
2015 8 19 0.00 68.49 44.80 55.10 0.00
2015 8 20 0.00 68.49 47.89 58.19 0.00
2015 8 21 0.00 73.64 52.01 62.31 0.00
2015 8 22 0.00 67.46 49.95 58.19 0.00
2015 8 23 0.00 72.61 48.92 61.28 0.00
2015 8 24 0.00 77.76 56.13 65.40 0.00
2015 8 25 0.00 79.82 58.19 66.43 0.00
2015 8 26 0.30 62.31 47.89 53.04 0.00
2015 8 27 0.00 68.49 47.89 57.16 0.00
2015 8 28 0.00 74.67 50.98 62.31 0.00
2015 8 29 0.00 76.73 57.16 65.40 0.00
2015 8 30 0.00 71.58 48.92 60.25 0.00
2015 8 31 0.00 70.55 48.92 59.22 0.00
2015 9 1 0.00 72.61 54.07 61.28 0.00
2015 9 2 0.00 71.58 52.01 60.25 0.00
2015 9 3 0.00 70.55 52.01 59.22 0.00
2015 9 4 0.00 69.52 48.92 57.16 0.00
2015 9 5 0.00 65.40 36.56 50.98 0.00
2015 9 6 0.00 63.34 35.53 49.95 0.00
2015 9 7 0.00 65.40 43.77 53.04 0.00
2015 9 8 0.00 66.43 42.74 53.04 0.00
2015 9 9 0.00 69.52 44.80 57.16 0.00
2015 9 10 0.00 71.58 49.95 60.25 0.00
2015 9 11 0.00 73.64 49.95 60.25 0.00
2015 9 12 0.00 72.61 52.01 61.28 0.00
2015 9 13 0.00 72.61 52.01 60.25 0.00
2015 9 14 0.00 63.34 45.83 52.01 0.00
2015 9 15 0.00 53.04 41.71 45.83 0.00
2015 9 16 0.70 54.07 34.50 41.71 0.00
2015 9 17 0.00 56.13 36.56 44.80 0.00
2015 9 18 0.00 55.10 34.50 42.74 0.00
2015 9 19 0.00 58.19 34.50 45.83 0.00
2015 9 20 0.00 63.34 40.68 52.01 0.00
2015 9 21 0.00 70.55 47.89 58.19 0.00
2015 9 22 0.00 72.61 49.95 60.25 0.00
2015 9 23 0.00 71.58 48.92 59.22 0.00
2015 9 24 0.00 72.61 52.01 62.31 0.00
2015 9 25 0.00 73.64 54.07 63.34 0.00
2015 9 26 0.00 71.58 53.04 61.28 0.00
2015 9 27 0.00 70.55 54.07 60.25 0.00
2015 9 28 0.00 68.49 53.04 58.19 0.00
2015 9 29 0.00 68.49 48.92 58.19 0.00
2015 9 30 0.00 64.37 54.07 57.16 0.00
2015 10 1 0.00 71.58 49.95 60.25 0.00
2015 10 2 0.30 49.95 38.62 42.74 0.00
2015 10 3 0.70 45.83 38.62 40.68 0.00
2015 10 4 0.00 56.13 38.62 46.86 0.00
2015 10 5 0.00 54.07 43.77 47.89 0.00
2015 10 6 0.00 54.07 41.71 45.83 0.00
2015 10 7 0.00 57.16 39.65 47.89 0.00
2015 10 8 0.00 59.22 43.77 49.95 0.00
2015 10 9 0.00 61.28 42.74 50.98 0.00
2015 10 10 0.00 66.43 47.89 56.13 0.00
2015 10 11 0.00 59.22 43.77 50.98 0.00
2015 10 12 0.00 62.31 43.77 52.01 0.00
2015 10 13 0.00 65.40 47.89 55.10 0.00
2015 10 14 0.00 64.37 47.89 55.10 0.00
2015 10 15 0.00 65.40 48.92 55.10 0.00
2015 10 16 0.00 64.37 45.83 55.10 0.00
2015 10 17 0.20 56.13 44.80 48.92 0.00
2015 10 18 0.20 56.13 40.68 46.86 0.00
2015 10 19 0.20 47.89 35.53 41.71 0.00
2015 10 20 0.00 49.95 34.50 40.68 0.00
2015 10 21 0.00 45.83 33.47 37.59 0.00
2015 10 22 0.00 47.89 35.53 39.65 0.00
2015 10 23 0.00 48.92 33.47 38.62 0.00
2015 10 24 0.00 54.07 33.47 42.74 0.00
2015 10 25 0.00 50.98 39.65 44.80 0.00
2015 10 26 0.00 52.01 35.53 42.74 0.00
2015 10 27 0.00 41.71 30.38 34.50 0.00
2015 10 28 0.00 46.86 30.38 37.59 0.00
2015 10 29 0.30 35.53 29.35 31.41 0.00
2015 10 30 0.00 39.65 27.29 31.41 0.20
2015 10 31 0.00 46.86 32.44 38.62 0.00
2015 11 1 0.00 55.10 36.56 44.80 0.00
2015 11 2 0.00 56.13 36.56 43.77 0.00
2015 11 3 0.00 42.74 24.20 34.50 0.00
2015 11 4 0.10 35.53 22.14 25.23 0.00
2015 11 5 0.00 25.23 19.05 21.11 0.00
2015 11 6 0.20 27.29 15.96 21.11 0.00
2015 11 7 0.00 46.86 15.96 32.44 0.20
2015 11 8 0.00 44.80 29.35 35.53 0.20
2015 11 9 0.00 42.74 24.20 32.44 0.20
2015 11 10 0.80 30.38 19.05 24.20 0.20
2015 11 11 0.00 26.26 16.99 20.08 1.00
2015 11 12 0.00 34.50 16.99 25.23 1.00
2015 11 13 0.00 46.86 23.17 33.47 1.00
2015 11 14 0.00 50.98 32.44 39.65 1.00
2015 11 15 0.10 43.77 26.26 33.47 1.00
2015 11 16 0.30 33.47 16.99 25.23 1.00
2015 11 17 0.00 24.20 13.90 20.08 1.30
2015 11 18 0.00 29.35 23.17 26.26 1.40
2015 11 19 0.10 35.53 26.26 31.41 1.40
2015 11 20 0.10 32.44 12.87 25.23 1.50
2015 11 21 0.10 36.56 11.84 26.26 1.50
2015 11 22 0.00 45.83 26.26 34.50 1.60
2015 11 23 0.00 47.89 32.44 38.62 1.60
2015 11 24 0.00 40.68 30.38 33.47 1.60
2015 11 25 0.40 39.65 15.96 27.29 1.60
2015 11 26 0.00 22.14 6.69 12.87 2.00
2015 11 27 0.00 19.05 3.60 8.75 2.00
2015 11 28 0.20 16.99 4.63 9.78 2.00
2015 11 29 0.20 19.05 3.60 9.78 2.20
2015 11 30 0.00 22.14 6.69 10.81 2.40
2015 12 1 0.00 26.26 8.75 16.99 2.40
2015 12 2 0.00 36.56 18.02 28.32 2.40
2015 12 3 0.00 44.80 25.23 34.50 2.40
2015 12 4 0.00 39.65 22.14 31.41 2.40
2015 12 5 0.00 33.47 18.02 25.23 2.40
2015 12 6 0.00 44.80 28.32 34.50 2.40
2015 12 7 0.10 42.74 29.35 35.53 2.40
2015 12 8 0.00 41.71 31.41 35.53 2.50
2015 12 9 0.00 45.83 31.41 38.62 2.50
2015 12 10 0.40 41.71 21.11 33.47 2.50
2015 12 11 0.00 29.35 14.93 21.11 2.90
2015 12 12 0.00 26.26 12.87 18.02 2.80
2015 12 13 0.20 38.62 13.90 26.26 2.80
2015 12 14 0.50 21.11 14.93 16.99 3.00
2015 12 15 0.20 16.99 9.78 12.87 3.50
2015 12 16 0.40 25.23 9.78 12.87 3.70
2015 12 17 0.10 20.08 4.63 12.87 4.10
2015 12 18 0.10 36.56 19.05 28.32 4.10
2015 12 19 0.00 36.56 27.29 30.38 4.10
2015 12 20 0.60 29.35 21.11 23.17 4.10
2015 12 21 1.20 26.26 18.02 23.17 4.70
2015 12 22 0.70 27.29 16.99 23.17 5.90
2015 12 23 0.40 19.05 8.75 13.90 6.60
2015 12 24 0.00 22.14 5.66 11.84 7.00
2015 12 25 0.30 15.96 3.60 10.81 7.00
2015 12 26 0.00 15.96 -0.52 4.63 7.10
2015 12 27 0.00 31.41 -0.52 13.90 7.00
2015 12 28 0.00 26.26 11.84 16.99 7.00
2015 12 29 0.00 13.90 3.60 7.72 7.00
2015 12 30 0.10 18.02 0.51 7.72 7.00
2015 12 31 0.00 18.02 -1.55 5.66 7.10
2016 1 1 0.20 24.20 -0.52 12.87 6.90
2016 1 2 0.00 36.56 15.96 25.23 7.00
2016 1 3 0.00 41.71 28.32 33.47 7.00
2016 1 4 0.00 35.53 26.26 30.38 7.00
2016 1 5 0.10 30.38 25.23 27.29 7.00
2016 1 6 0.20 31.41 24.20 27.29 7.10
2016 1 7 0.30 32.44 20.08 24.20 7.30
2016 1 8 0.00 27.29 15.96 19.05 7.60
2016 1 9 0.00 22.14 12.87 15.96 7.60
2016 1 10 0.00 20.08 4.63 12.87 7.60
2016 1 11 0.00 29.35 4.63 15.96 7.50
2016 1 12 0.00 34.50 16.99 25.23 7.50
2016 1 13 0.00 41.71 22.14 30.38 7.50
2016 1 14 0.20 24.20 11.84 18.02 7.50
2016 1 15 0.20 22.14 16.99 18.02 7.60
2016 1 16 0.50 26.26 14.93 21.11 7.80
2016 1 17 0.00 31.41 20.08 24.20 8.20
2016 1 18 0.40 30.38 18.02 26.26 8.10
2016 1 19 0.20 34.50 13.90 24.20 8.50
2016 1 20 0.50 26.26 12.87 19.05 8.70
2016 1 21 0.00 33.47 11.84 22.14 9.20
2016 1 22 0.00 44.80 27.29 35.53 9.20
2016 1 23 0.30 40.68 25.23 30.38 9.20
2016 1 24 0.60 25.23 15.96 21.11 9.50
2016 1 25 0.00 21.11 11.84 15.96 10.00
2016 1 26 0.00 27.29 7.72 16.99 10.00
2016 1 27 0.00 39.65 16.99 27.29 10.00
2016 1 28 0.00 43.77 26.26 33.47 10.00
2016 1 29 0.40 37.59 24.20 30.38 10.00
2016 1 30 0.70 32.44 12.87 22.14 10.40
2016 1 31 0.30 26.26 7.72 13.90 11.10
2016 2 1 0.20 18.02 5.66 10.81 11.40
2016 2 2 0.00 14.93 2.57 6.69 11.60
2016 2 3 0.00 18.02 4.63 8.75 11.60
2016 2 4 0.40 20.08 5.66 14.93 11.60
2016 2 5 0.00 25.23 14.93 18.02 11.80
2016 2 6 0.00 36.56 16.99 26.26 11.80
2016 2 7 0.00 35.53 21.11 27.29 11.80
2016 2 8 0.00 39.65 23.17 33.47 11.80
2016 2 9 0.00 48.92 27.29 37.59 11.80
2016 2 10 0.00 55.10 32.44 40.68 11.80
2016 2 11 0.00 50.98 31.41 39.65 11.80
2016 2 12 0.00 54.07 34.50 42.74 11.80
2016 2 13 0.00 42.74 27.29 34.50 11.80
2016 2 14 0.30 30.38 26.26 28.32 11.80
2016 2 15 0.20 32.44 29.35 31.41 12.00
2016 2 16 0.00 47.89 29.35 34.50 12.10
2016 2 17 0.00 48.92 32.44 40.68 12.10
2016 2 18 0.90 37.59 22.14 28.32 12.10
2016 2 19 0.00 40.68 19.05 30.38 13.00
2016 2 20 0.00 36.56 26.26 30.38 13.00
2016 2 21 0.00 42.74 24.20 30.38 13.00
2016 2 22 0.00 30.38 16.99 23.17 13.00
2016 2 23 0.00 31.41 9.78 20.08 13.00
2016 2 24 0.00 40.68 18.02 27.29 13.00
2016 2 25 0.00 42.74 25.23 32.44 13.00
2016 2 26 0.00 49.95 28.32 37.59 13.00
2016 2 27 0.00 47.89 26.26 36.56 13.00
2016 2 28 0.00 41.71 23.17 32.44 13.00
2016 2 29 0.00 34.50 26.26 30.38 13.00
2016 3 1 0.00 44.80 26.26 35.53 13.00
2016 3 2 0.10 40.68 29.35 34.50 13.00
2016 3 3 0.00 53.04 30.38 40.68 13.10
2016 3 4 0.00 53.04 34.50 41.71 13.10
2016 3 5 0.00 48.92 37.59 41.71 13.10
2016 3 6 0.60 41.71 24.20 33.47 13.10
2016 3 7 0.10 35.53 19.05 25.23 13.60
2016 3 8 0.00 40.68 15.96 27.29 13.70
2016 3 9 0.20 36.56 23.17 28.32 13.70
2016 3 10 0.00 52.01 26.26 39.65 13.90
2016 3 11 0.00 52.01 35.53 41.71 13.90
2016 3 12 0.00 47.89 31.41 37.59 13.90
2016 3 13 0.00 42.74 29.35 34.50 13.90
2016 3 14 0.30 32.44 16.99 25.23 13.90
2016 3 15 0.20 23.17 15.96 19.05 14.10
2016 3 16 0.00 32.44 18.02 24.20 14.30
2016 3 17 0.00 37.59 24.20 29.35 14.30
2016 3 18 0.00 36.56 14.93 26.26 14.30
2016 3 19 0.00 45.83 22.14 33.47 14.30
2016 3 20 0.00 54.07 31.41 42.74 14.30
2016 3 21 0.00 49.95 36.56 42.74 14.30
2016 3 22 0.70 39.65 19.05 26.26 14.30
2016 3 23 0.20 31.41 19.05 23.17 14.90
2016 3 24 0.00 39.65 20.08 29.35 15.10
2016 3 25 0.10 28.32 14.93 22.14 15.10
2016 3 26 0.00 36.56 12.87 24.20 15.20
2016 3 27 0.00 45.83 23.17 33.47 15.20
2016 3 28 0.50 34.50 28.32 31.41 15.20
2016 3 29 0.50 32.44 22.14 25.23 15.60
2016 3 30 0.40 30.38 18.02 24.20 16.00
2016 3 31 0.40 36.56 24.20 28.32 16.40
2016 4 1 0.00 42.74 20.08 31.41 16.80
2016 4 2 0.00 50.98 27.29 37.59 16.80
2016 4 3 0.00 53.04 32.44 41.71 16.70
2016 4 4 0.00 54.07 34.50 42.74 16.10
2016 4 5 0.00 38.62 27.29 32.44 15.30
2016 4 6 0.00 50.98 26.26 38.62 15.30
2016 4 7 0.00 60.25 34.50 46.86 14.40
2016 4 8 0.00 59.22 40.68 47.89 13.70
2016 4 9 0.00 49.95 36.56 40.68 12.50
2016 4 10 0.00 52.01 34.50 40.68 12.00
2016 4 11 0.00 52.01 33.47 40.68 11.30
2016 4 12 0.00 57.16 35.53 43.77 10.80
2016 4 13 0.00 50.98 36.56 41.71 9.90
2016 4 14 0.70 40.68 22.14 32.44 9.10
2016 4 15 0.00 33.47 19.05 27.29 9.80
2016 4 16 0.00 40.68 23.17 30.38 9.80
2016 4 17 0.00 42.74 25.23 31.41 9.80
2016 4 18 0.00 41.71 23.17 31.41 9.80
2016 4 19 0.10 48.92 29.35 37.59 9.70
2016 4 20 0.00 56.13 35.53 45.83 9.20
2016 4 21 0.00 62.31 42.74 49.95 8.30
2016 4 22 0.00 61.28 43.77 52.01 6.90
2016 4 23 0.70 47.89 29.35 34.50 5.70
2016 4 24 0.20 46.86 29.35 34.50 6.40
2016 4 25 0.30 43.77 29.35 33.47 6.60
2016 4 26 0.80 37.59 28.32 31.41 6.90
2016 4 27 0.00 45.83 29.35 34.50 7.60
2016 4 28 0.30 38.62 28.32 32.44 7.60
2016 4 29 0.20 40.68 26.26 31.41 7.60
2016 4 30 0.00 41.71 24.20 32.44 7.80
2016 5 1 0.00 43.77 27.29 34.50 7.80
2016 5 2 0.00 50.98 28.32 39.65 8.00
2016 5 3 0.00 60.25 34.50 47.89 7.50
2016 5 4 0.00 62.31 42.74 52.01 6.60
2016 5 5 0.00 62.31 46.86 54.07 5.20
2016 5 6 0.50 53.04 35.53 42.74 3.50
2016 5 7 0.00 41.71 33.47 35.53 2.60
2016 5 8 0.90 38.62 32.44 34.50 2.30
2016 5 9 0.30 52.01 29.35 39.65 3.20
2016 5 10 0.00 40.68 24.20 32.44 2.00
2016 5 11 0.00 45.83 26.26 35.53 1.20
2016 5 12 0.00 58.19 32.44 45.83 0.70
2016 5 13 0.00 64.37 42.74 54.07 0.00
2016 5 14 0.00 65.40 48.92 56.13 0.00
2016 5 15 0.30 52.01 37.59 42.74 0.00
2016 5 16 0.40 41.71 33.47 36.56 0.00
2016 5 17 0.00 45.83 33.47 37.59 0.00
2016 5 18 0.00 56.13 34.50 44.80 0.00
2016 5 19 0.10 59.22 38.62 47.89 0.00
2016 5 20 0.00 56.13 39.65 48.92 0.00
2016 5 21 0.00 49.95 31.41 39.65 0.00
2016 5 22 0.10 42.74 29.35 34.50 0.00
2016 5 23 0.00  nan  nan  nan 0.00
2016 5 24 0.00  nan  nan  nan 0.00
2016 5 25 0.00  nan  nan  nan 0.00
2016 5 26 0.10 50.98 33.47 38.62 0.00
2016 5 27 0.00 52.01 35.53 42.74 0.00
2016 5 28 0.00 56.13 35.53 45.83 0.00
2016 5 29 0.00 63.34 41.71 48.92 0.00
2016 5 30 0.00 59.22 38.62 48.92 0.00
2016 5 31 0.00 59.22 40.68 49.95 0.00
2016 6 1 0.00 63.34 41.71 53.04 0.00
2016 6 2 0.10 68.49 49.95 58.19 0.00
2016 6 3 0.00 65.40 50.98 56.13 0.00
2016 6 4 0.00 70.55 48.92 59.22 0.00
2016 6 5 0.00 74.67 50.98 63.34 0.00
2016 6 6 0.00 72.61 57.16 63.34 0.00
2016 6 7 0.00 71.58 53.04 60.25 0.00
2016 6 8 0.00 71.58 50.98 61.28 0.00
2016 6 9 0.00 74.67 56.13 64.37 0.00
2016 6 10 0.00 71.58 53.04 62.31 0.00
2016 6 11 0.50 60.25 42.74 52.01 0.00
2016 6 12 0.00 63.34 39.65 52.01 0.00
2016 6 13 0.10 59.22 38.62 46.86 0.00
2016 6 14 0.00 64.37 39.65 54.07 0.00
2016 6 15 0.00 69.52 45.83 57.16 0.00
2016 6 16 0.00 64.37 45.83 56.13 0.00
2016 6 17 0.00 69.52 47.89 59.22 0.00
2016 6 18 0.00 73.64 49.95 62.31 0.00
2016 6 19 0.00 71.58 49.95 61.28 0.00
2016 6 20 0.00 79.82 57.16 68.49 0.00
2016 6 21 0.00 74.67 57.16 66.43 0.00
2016 6 22 0.00 76.73 56.13 66.43 0.00
2016 6 23 0.00 77.76 58.19 66.43 0.00
2016 6 24 0.00 73.64 52.01 62.31 0.00
2016 6 25 0.00 65.40 42.74 54.07 0.00
2016 6 26 0.00 73.64 44.80 60.25 0.00
2016 6 27 0.00 78.79 54.07 67.46 0.00
2016 6 28 0.00 78.79 57.16 68.49 0.00
2016 6 29 0.00 73.64 47.89 61.28 0.00
2016 6 30 0.00 67.46 49.95 58.19 0.00
2016 7 1 0.00 68.49 47.89 57.16 0.00
2016 7 2 0.00 70.55 47.89 58.19 0.00
2016 7 3 0.00 70.55 48.92 59.22 0.00
2016 7 4 0.00 74.67 55.10 63.34 0.00
2016 7 5 0.10 74.67 52.01 63.34 0.00
2016 7 6 0.00 71.58 49.95 61.28 0.00
2016 7 7 0.00 71.58 46.86 60.25 0.00
2016 7 8 0.00 75.70 53.04 64.37 0.00
2016 7 9 0.00 74.67 55.10 64.37 0.00
2016 7 10 0.00 71.58 41.71 57.16 0.00
2016 7 11 0.00 60.25 34.50 46.86 0.00
2016 7 12 0.00 71.58 42.74 58.19 0.00
2016 7 13 0.00 69.52 47.89 59.22 0.00
2016 7 14 0.00 74.67 50.98 63.34 0.00
2016 7 15 0.00 78.79 55.10 64.37 0.00
2016 7 16 0.00 74.67 55.10 64.37 0.00
2016 7 17 0.00 78.79 53.04 65.40 0.00
2016 7 18 0.00 73.64 55.10 63.34 0.00
2016 7 19 0.00 77.76 56.13 65.40 0.00
2016 7 20 0.00 77.76 55.10 66.43 0.00
2016 7 21 0.00 81.88 59.22 67.46 0.00
2016 7 22 0.00 80.85 58.19 67.46 0.00
2016 7 23 0.00 76.73 53.04 64.37 0.00
2016 7 24 0.00 80.85 53.04 65.40 0.00
2016 7 25 0.00 81.88 57.16 68.49 0.00
2016 7 26 0.00 81.88 59.22 68.49 0.00
2016 7 27 0.00 79.82 55.10 67.46 0.00
2016 7 28 0.00 80.85 59.22 69.52 0.00
2016 7 29 0.00 81.88 57.16 68.49 0.00
2016 7 30 0.00 81.88 57.16 66.43 0.00
2016 7 31 0.00 77.76 55.10 64.37 0.00
2016 8 1 0.00 79.82 55.10 66.43 0.00
2016 8 2 0.00 81.88 57.16 68.49 0.00
2016 8 3 0.00 76.73 56.13 65.40 0.00
2016 8 4 0.00 75.70 52.01 63.34 0.00
2016 8 5 0.00 72.61 53.04 60.25 0.00
2016 8 6 0.00 73.64 50.98 61.28 0.00
2016 8 7 0.00 70.55 55.10 61.28 0.00
2016 8 8 0.00 76.73 53.04 63.34 0.00
2016 8 9 0.10 75.70 54.07 63.34 0.00
2016 8 10 0.10 70.55 46.86 57.16 0.00
2016 8 11 0.30 66.43 44.80 54.07 0.00
2016 8 12 0.00 68.49 46.86 58.19 0.00
2016 8 13 0.00 72.61 48.92 60.25 0.00
2016 8 14 0.00 76.73 52.01 63.34 0.00
2016 8 15 0.00 71.58 53.04 62.31 0.00
2016 8 16 0.00 74.67 50.98 62.31 0.00
2016 8 17 0.00 74.67 54.07 63.34 0.00
2016 8 18 0.00 71.58 52.01 60.25 0.00
2016 8 19 0.10 71.58 50.98 60.25 0.00
2016 8 20 0.00 72.61 44.80 58.19 0.00
2016 8 21 0.00 75.70 52.01 62.31 0.00
2016 8 22 0.00 73.64 53.04 61.28 0.00
2016 8 23 0.00 68.49 47.89 57.16 0.00
2016 8 24 0.00 65.40 45.83 54.07 0.00
2016 8 25 0.00 66.43 43.77 53.04 0.00
2016 8 26 0.00 66.43 45.83 54.07 0.00
2016 8 27 0.00 69.52 44.80 56.13 0.00
2016 8 28 0.00 72.61 47.89 60.25 0.00
2016 8 29 0.00 76.73 50.98 62.31 0.00
2016 8 30 0.00 78.79 56.13 65.40 0.00
2016 8 31 0.00 78.79 58.19 66.43 0.00
2016 9 1 0.00 70.55 48.92 60.25 0.00
2016 9 2 0.00 72.61 47.89 59.22 0.00
2016 9 3 0.20 68.49 49.95 57.16 0.00
2016 9 4 0.00 65.40 42.74 53.04 0.00
2016 9 5 0.00 62.31 35.53 47.89 0.00
2016 9 6 0.00 65.40 40.68 53.04 0.00
2016 9 7 0.00 64.37 43.77 53.04 0.00
2016 9 8 0.00 64.37 45.83 53.04 0.00
2016 9 9 0.00 63.34 42.74 50.98 0.00
2016 9 10 0.00 68.49 41.71 54.07 0.00
2016 9 11 0.00 73.64 49.95 59.22 0.00
2016 9 12 0.00 68.49 41.71 56.13 0.00
2016 9 13 0.40 65.40 38.62 47.89 0.00
2016 9 14 0.10 54.07 34.50 41.71 0.00
2016 9 15 0.10 50.98 34.50 40.68 0.00
2016 9 16 0.00 58.19 33.47 43.77 0.00
2016 9 17 0.00 60.25 38.62 48.92 0.00
2016 9 18 0.00 68.49 44.80 56.13 0.00
2016 9 19 0.00 71.58 48.92 60.25 0.00
2016 9 20 0.00 70.55 48.92 59.22 0.00
2016 9 21 0.10 62.31 45.83 52.01 0.00
2016 9 22 1.70 59.22 32.44 45.83 0.00
2016 9 23 0.60 36.56 31.41 33.47 0.60
2016 9 24 1.10 44.80 31.41 35.53 0.90
2016 9 25 0.00 57.16 31.41 43.77 1.50
2016 9 26 0.00 62.31 39.65 50.98 0.70
2016 9 27 0.00 65.40 45.83 54.07 0.20
2016 9 28 0.00 66.43 47.89 56.13 0.00
2016 9 29 0.00 61.28 45.83 52.01 0.00
2016 9 30 0.00  nan  nan  nan 0.00
2016 10 1 0.00  nan  nan  nan 0.00
2016 10 2 0.10 57.16 41.71 48.92 0.00
2016 10 3 0.20 44.80 28.32 32.44 0.00
2016 10 4 0.00 41.71 26.26 32.44 0.10
2016 10 5 0.20 42.74 25.23 31.41 0.00
2016 10 6 0.00 40.68 24.20 31.41 0.20
2016 10 7 0.00 53.04 29.35 40.68 0.20
2016 10 8 0.00 59.22 39.65 48.92 0.10
2016 10 9 0.00 61.28 41.71 49.95 0.00
2016 10 10 0.00 58.19 42.74 49.95 0.00
2016 10 11 0.00 54.07 40.68 45.83 0.00
2016 10 12 0.00 53.04 36.56 44.80 0.00
2016 10 13 0.00 58.19 40.68 49.95 0.00
2016 10 14 0.00 55.10 44.80 50.98 0.00
2016 10 15 0.00 60.25 44.80 52.01 0.00
2016 10 16 0.00 55.10 39.65 47.89 0.00
2016 10 17 0.40 46.86 28.32 33.47 0.00
2016 10 18 0.00 40.68 27.29 32.44 0.10
2016 10 19 0.00 39.65 26.26 31.41 0.10
2016 10 20 0.00 52.01 26.26 40.68 0.10
2016 10 21 0.00 60.25 39.65 49.95 0.00
2016 10 22 0.00 59.22 43.77 49.95 0.00
2016 10 23 0.00 59.22 44.80 49.95 0.00
2016 10 24 0.20 48.92 40.68 43.77 0.00
2016 10 25 0.00 52.01 38.62 43.77 0.00
2016 10 26 0.00 58.19 37.59 47.89 0.00
2016 10 27 0.00 59.22 45.83 50.98 0.00
2016 10 28 0.10 59.22 41.71 49.95 0.00
2016 10 29 0.00 55.10 40.68 45.83 0.00
2016 10 30 0.10 49.95 38.62 47.89 0.00
2016 10 31 0.70 44.80 29.35 35.53 0.00
2016 11 1 0.10 40.68 28.32 34.50 0.20
2016 11 2 0.00 45.83 24.20 34.50 0.30
2016 11 3 0.00 53.04 33.47 42.74 0.20
2016 11 4 0.00 55.10 38.62 45.83 0.10
2016 11 5 0.00 53.04 38.62 44.80 0.00
2016 11 6 0.00 52.01 36.56 42.74 0.00
2016 11 7 0.00 52.01 38.62 43.77 0.00
2016 11 8 0.00 55.10 39.65 46.86 0.00
2016 11 9 0.00 55.10 40.68 46.86 0.00
2016 11 10 0.00 56.13 40.68 46.86 0.00
2016 11 11 0.00 54.07 40.68 45.83 0.00
2016 11 12 0.00 52.01 36.56 42.74 0.00
2016 11 13 0.00 46.86 36.56 39.65 0.00
2016 11 14 0.00 55.10 36.56 44.80 0.00
2016 11 15 0.00 58.19 42.74 49.95 0.00
2016 11 16 0.00 46.86 23.17 37.59 0.00
2016 11 17 0.10 25.23 14.93 18.02 0.00
2016 11 18 0.00 32.44 10.81 23.17 0.10
2016 11 19 0.00 47.89 31.41 38.62 0.10
2016 11 20 0.00 48.92 31.41 40.68 0.00
2016 11 21 1.20 37.59 27.29 32.44 0.00
2016 11 22 0.00 33.47 23.17 27.29 1.20
2016 11 23 0.50 40.68 19.05 27.29 1.20
2016 11 24 0.00 32.44 18.02 24.20 1.70
2016 11 25 0.00 40.68 26.26 33.47 1.70
2016 11 26 0.00 37.59 28.32 32.44 1.70
2016 11 27 0.50 28.32 16.99 22.14 1.70
2016 11 28 0.40 22.14 14.93 18.02 2.20
2016 11 29 0.00 23.17 8.75 14.93 2.60
2016 11 30 0.00 31.41 7.72 14.93 2.60
2016 12 1 0.00 25.23 10.81 15.96 2.60
2016 12 2 0.00 22.14 8.75 12.87 2.60
2016 12 3 0.00 20.08 9.78 15.96 2.60
2016 12 4 0.20 32.44 15.96 26.26 2.60
2016 12 5 0.00 29.35 4.63 13.90 2.80
2016 12 6 0.00 24.20 5.66 12.87 2.80
2016 12 7 0.00 13.90 0.51 6.69 2.80
2016 12 8 0.30 26.26 5.66 16.99 2.80
2016 12 9 0.20 35.53 25.23 29.35 3.10
2016 12 10 1.20 34.50 26.26 30.38 3.30
2016 12 11 0.00 30.38 19.05 23.17 4.40
2016 12 12 0.00 33.47 11.84 21.11 4.40
2016 12 13 0.00 30.38 12.87 23.17 4.40
2016 12 14 0.40 37.59 21.11 29.35 4.40
2016 12 15 0.20 39.65 32.44 35.53 4.70
2016 12 16 1.60 32.44 12.87 25.23 4.80
2016 12 17 0.00 12.87 -4.64 3.60 6.40
2016 12 18 0.00 22.14 -5.67 3.60 6.40
2016 12 19 0.20 34.50 7.72 20.08 6.40
2016 12 20 0.00 40.68 22.14 32.44 6.50
2016 12 21 0.00 28.32 21.11 25.23 6.50
2016 12 22 0.00 30.38 21.11 26.26 6.50
2016 12 23 0.00 35.53 16.99 25.23 6.50
2016 12 24 0.30 30.38 24.20 27.29 6.50
2016 12 25 0.70 26.26 3.60 10.81 6.50
2016 12 26 0.00 19.05 2.57 8.75 7.10
2016 12 27 0.00 28.32 6.69 24.20 7.10
2016 12 28 0.00 27.29 16.99 21.11 7.10
2016 12 29 0.00 41.71 20.08 30.38 7.10
2016 12 30 0.00 37.59 24.20 31.41 7.10
2016 12 31 0.00 31.41 18.02 24.20 7.10
2017 1 1 0.00 31.41 16.99 23.17 7.10
2017 1 2 0.60 24.20 12.87 15.96 7.10
2017 1 3 0.10 24.20 11.84 18.02 7.70
2017 1 4 1.50 27.29 18.02 24.20 7.80
2017 1 5 0.00 18.02 -9.79 6.69 9.20
2017 1 6 0.00 24.20 -11.85 5.66 9.20
2017 1 7 0.10 30.38 11.84 22.14 9.20
2017 1 8 0.60 37.59 27.29 31.41 9.30
2017 1 9 1.20 37.59 21.11 29.35 9.80
2017 1 10 1.00 26.26 20.08 24.20 11.00
2017 1 11 1.20 28.32 19.05 24.20 12.00
2017 1 12 0.00 27.29 19.05 23.17 13.10
2017 1 13 0.00 33.47 20.08 26.26 13.10
2017 1 14 0.00 34.50 18.02 24.20 13.10
2017 1 15 0.00 34.50 12.87 21.11 13.10
2017 1 16 0.00 32.44 8.75 16.99 13.10
2017 1 17 0.00 44.80 13.90 24.20 13.10
2017 1 18 0.00 45.83 22.14 30.38 13.10
2017 1 19 0.20 30.38 20.08 25.23 13.10
2017 1 20 0.20 27.29 19.05 22.14 13.20
2017 1 21 0.40 23.17 18.02 20.08 13.40
2017 1 22 0.20 25.23 12.87 19.05 13.80
2017 1 23 2.00 26.26 14.93 21.11 13.90
2017 1 24 0.10 16.99 10.81 12.87 15.50
2017 1 25 0.00 19.05 6.69 10.81 15.60
2017 1 26 0.00 21.11 4.63 8.75 15.60
2017 1 27 0.00 23.17 1.54 10.81 15.60
2017 1 28 0.00 31.41 12.87 22.14 15.60
2017 1 29 0.00 45.83 15.96 30.38 15.60
2017 1 30 0.00 46.86 28.32 33.47 15.60
2017 1 31 0.00 43.77 27.29 33.47 15.60
2017 2 1 0.00 42.74 28.32 34.50 15.60
2017 2 2 0.10 30.38 25.23 28.32 15.60
2017 2 3 0.10 37.59 27.29 30.38 15.70
2017 2 4 0.00 37.59 26.26 30.38 15.80
2017 2 5 0.10 40.68 26.26 33.47 15.80
2017 2 6 0.10 33.47 27.29 29.35 15.90
2017 2 7 0.60 36.56 29.35 31.41 15.90
2017 2 8 0.10 41.71 26.26 34.50 16.00
2017 2 9 0.00 48.92 35.53 42.74 16.00
2017 2 10 0.70 43.77 31.41 36.56 16.00
2017 2 11 0.60 32.44 14.93 25.23 16.50
2017 2 12 0.00 44.80 13.90 26.26 17.10
2017 2 13 0.00 42.74 20.08 28.32 17.10
2017 2 14 0.00 42.74 21.11 30.38 17.10
2017 2 15 0.00 47.89 27.29 36.56 17.10
2017 2 16 0.00 48.92 31.41 38.62 17.10
2017 2 17 0.00 39.65 29.35 33.47 17.10
2017 2 18 0.00 35.53 30.38 32.44 17.10
2017 2 19 0.50 33.47 25.23 30.38 17.10
2017 2 20 0.20 41.71 25.23 32.44 17.50
2017 2 21 0.80 43.77 23.17 33.47 17.60
2017 2 22 0.60 31.41 14.93 22.14 18.40
2017 2 23 0.10 15.96 9.78 12.87 19.00
2017 2 24 0.00 16.99 1.54 8.75 19.10
2017 2 25 0.20 20.08 1.54 8.75 19.10
2017 2 26 0.00 24.20 2.57 13.90 19.30
2017 2 27 1.50 22.14 5.66 15.96 19.30
2017 2 28 0.00 21.11 4.63 12.87 20.80
2017 3 1 0.00 24.20 11.84 15.96 20.80
2017 3 2 0.00 40.68 12.87 24.20 20.80
2017 3 3 0.00 44.80 21.11 32.44 20.80
2017 3 4 0.00 44.80 30.38 35.53 20.80
2017 3 5 0.10 40.68 10.81 31.41 20.80
2017 3 6 0.30 16.99 8.75 11.84 20.90
2017 3 7 0.00 31.41 14.93 22.14 21.20
2017 3 8 0.00 44.80 29.35 34.50 21.20
2017 3 9 0.00 47.89 31.41 38.62 21.00
2017 3 10 0.00 49.95 35.53 40.68 20.90
2017 3 11 0.00 47.89 31.41 36.56 20.60
2017 3 12 0.00 42.74 30.38 36.56 20.50
2017 3 13 0.00 48.92 30.38 38.62 20.50
2017 3 14 0.00 56.13 37.59 45.83 20.50
2017 3 15 0.00 56.13 39.65 47.89 20.10
2017 3 16 0.00 53.04 37.59 43.77 18.90
2017 3 17 0.00 56.13 38.62 46.86 18.60
2017 3 18 0.00 58.19 43.77 49.95 18.00
2017 3 19 0.00 55.10 37.59 45.83 17.40
2017 3 20 0.00 55.10 40.68 44.80 17.00
2017 3 21 0.00 55.10 40.68 45.83 16.50
2017 3 22 0.10 49.95 33.47 39.65 15.70
2017 3 23 0.80 34.50 27.29 29.35 15.20
2017 3 24 0.00 47.89 23.17 35.53 16.00
2017 3 25 0.50 38.62 25.23 32.44 16.00
2017 3 26 0.10 41.71 22.14 31.41 16.50
2017 3 27 1.20 36.56 27.29 30.38 16.60
2017 3 28 0.00 37.59 25.23 29.35 17.80
2017 3 29 0.00 45.83 23.17 33.47 17.80
2017 3 30 1.00 47.89 31.41 35.53 17.70
2017 3 31 0.00 45.83 27.29 33.47 18.70
2017 4 1 0.00 45.83 26.26 35.53 18.70
2017 4 2 0.20 35.53 27.29 31.41 18.50
2017 4 3 0.20 38.62 20.08 28.32 18.70
2017 4 4 0.00 33.47 14.93 23.17 18.90
2017 4 5 0.00 47.89 18.02 33.47 18.90
2017 4 6 0.00 55.10 31.41 43.77 18.70
2017 4 7 0.00 46.86 40.68 44.80 18.60
2017 4 8 0.80 44.80 22.14 33.47 18.10
2017 4 9 0.30 29.35 14.93 20.08 18.90
2017 4 10 0.00 43.77 14.93 31.41 19.20
2017 4 11 0.00 48.92 31.41 39.65 19.20
2017 4 12 0.00 57.16 31.41 44.80 19.20
2017 4 13 0.00 57.16 27.29 45.83 18.80
2017 4 14 0.00 45.83 24.20 31.41 17.60
2017 4 15 0.00 47.89 21.11 32.44 17.30
2017 4 16 0.00 54.07 31.41 43.77 17.10
2017 4 17 0.00 52.01 36.56 44.80 16.20
2017 4 18 0.60 53.04 29.35 39.65 15.60
2017 4 19 0.10 44.80 28.32 34.50 15.70
2017 4 20 0.30 43.77 26.26 33.47 15.70
2017 4 21 0.50 37.59 24.20 28.32 15.80
2017 4 22 0.00 48.92 22.14 36.56 16.30
2017 4 23 0.00 55.10 32.44 42.74 16.10
2017 4 24 0.70 40.68 27.29 32.44 15.80
2017 4 25 0.80 33.47 25.23 28.32 16.20
2017 4 26 0.30 39.65 25.23 31.41 17.00
2017 4 27 0.60 33.47 20.08 24.20 17.30
2017 4 28 0.60 27.29 16.99 22.14 17.90
2017 4 29 0.00 39.65 16.99 28.32 18.50
2017 4 30 0.00 43.77 23.17 34.50 18.60
2017 5 1 0.10 45.83 31.41 37.59 18.50
2017 5 2 0.00 44.80 32.44 37.59 18.00
2017 5 3 0.00 55.10 31.41 42.74 17.80
2017 5 4 0.00 65.40 38.62 50.98 17.10
2017 5 5 0.00 69.52 45.83 57.16 16.20
2017 5 6 0.00 60.25 40.68 52.01 14.60
2017 5 7 0.00 61.28 42.74 49.95 13.10
2017 5 8 0.20 56.13 38.62 45.83 11.40
2017 5 9 0.00 58.19 36.56 47.89 10.80
2017 5 10 0.00 57.16 37.59 46.86 9.30
2017 5 11 0.00 64.37 42.74 53.04 8.00
2017 5 12 0.00 64.37 45.83 54.07 6.60
2017 5 13 0.00 52.01 30.38 42.74 4.70
2017 5 14 0.00 55.10 30.38 43.77 3.80
2017 5 15 0.00 54.07 32.44 43.77 2.50
2017 5 16 0.20 46.86 30.38 37.59 1.70
2017 5 17 0.40 32.44 18.02 25.23 1.40
2017 5 18 0.20 34.50 16.99 25.23 1.80
2017 5 19 0.00 40.68 23.17 31.41 1.90
2017 5 20 0.00 49.95 29.35 40.68 1.90
2017 5 21 0.20 45.83 35.53 39.65 1.10
2017 5 22 0.00 56.13 34.50 45.83 0.80
2017 5 23 0.00 60.25 38.62 49.95 0.40
2017 5 24 0.00 64.37 42.74 53.04 0.00
2017 5 25 0.00 50.98 36.56 43.77 0.00
2017 5 26 0.00 47.89 33.47 41.71 0.00
2017 5 27 0.00 53.04 31.41 41.71 0.00
2017 5 28 0.00 60.25 37.59 48.92 0.00
2017 5 29 0.00 64.37 43.77 53.04 0.00
2017 5 30 0.00 67.46 46.86 56.13 0.00
2017 5 31 0.00 68.49 49.95 58.19 0.00
2017 6 1 0.20 64.37 42.74 52.01 0.00
2017 6 2 0.00 62.31 42.74 52.01 0.00
2017 6 3 0.00 69.52 45.83 59.22 0.00
2017 6 4 0.00 73.64 55.10 63.34 0.00
2017 6 5 0.00 70.55 50.98 60.25 0.00
2017 6 6 0.00 72.61 49.95 62.31 0.00
2017 6 7 0.00 73.64 55.10 63.34 0.00
2017 6 8 0.00 70.55 52.01 61.28 0.00
2017 6 9 0.00 70.55 43.77 58.19 0.00
2017 6 10 0.00 67.46 42.74 54.07 0.00
2017 6 11 0.00 66.43 44.80 55.10 0.00
2017 6 12 0.20 55.10 29.35 42.74 0.00
2017 6 13 0.20 49.95 31.41 37.59 0.00
2017 6 14 0.00 61.28 36.56 49.95 0.00
2017 6 15 0.00 67.46 45.83 57.16 0.00
2017 6 16 0.00 68.49 47.89 59.22 0.00
2017 6 17 0.00 61.28 46.86 53.04 0.00
2017 6 18 0.00 65.40 46.86 56.13 0.00
2017 6 19 0.00 73.64 47.89 62.31 0.00
2017 6 20 0.00 76.73 53.04 65.40 0.00
2017 6 21 0.00 77.76 56.13 66.43 0.00
2017 6 22 0.00 67.46 52.01 59.22 0.00
2017 6 23 0.00 66.43 44.80 56.13 0.00
2017 6 24 0.00 68.49 44.80 57.16 0.00
2017 6 25 0.00 71.58 47.89 61.28 0.00
2017 6 26 0.00 75.70 54.07 64.37 0.00
2017 6 27 0.00 68.49 49.95 60.25 0.00
2017 6 28 0.00 68.49 48.92 58.19 0.00
2017 6 29 0.00 63.34 45.83 55.10 0.00
2017 6 30 0.00 66.43 39.65 54.07 0.00
2017 7 1 0.00 73.64 45.83 60.25 0.00
2017 7 2 0.00 74.67 55.10 64.37 0.00
2017 7 3 0.00 75.70 55.10 65.40 0.00
2017 7 4 0.00 78.79 55.10 67.46 0.00
2017 7 5 0.00 81.88 60.25 68.49 0.00
2017 7 6 0.00 81.88 62.31 70.55 0.00
2017 7 7 0.00 78.79 55.10 68.49 0.00
2017 7 8 0.00 78.79 58.19 67.46 0.00
2017 7 9 0.00 77.76 57.16 67.46 0.00
2017 7 10 0.10 72.61 53.04 62.31 0.00
2017 7 11 0.00  nan  nan  nan 0.00
2017 7 12 0.00  nan  nan  nan 0.00
2017 7 13 0.00 75.70 53.04 62.31 0.00
2017 7 14 0.00 74.67 55.10 62.31 0.00
2017 7 15 0.00 77.76 55.10 66.43 0.00
2017 7 16 0.00 79.82 58.19 66.43 0.00
2017 7 17 0.00 78.79 56.13 64.37 0.00
2017 7 18 0.00 79.82 55.10 67.46 0.00
2017 7 19 0.20 75.70 55.10 63.34 0.00
2017 7 20 0.00 74.67 55.10 64.37 0.00
2017 7 21 0.00 75.70 56.13 64.37 0.00
2017 7 22 0.00 76.73 54.07 65.40 0.00
2017 7 23 0.00 77.76 57.16 64.37 0.00
2017 7 24 0.00 76.73 53.04 65.40 0.00
2017 7 25 0.10 62.31 50.98 55.10 0.00
2017 7 26 0.60 68.49 47.89 57.16 0.00
2017 7 27 0.00 70.55 48.92 60.25 0.00
2017 7 28 0.00 70.55 53.04 59.22 0.00
2017 7 29 0.00 73.64 52.01 63.34 0.00
2017 7 30 0.00 74.67 53.04 62.31 0.00
2017 7 31 0.00 73.64 53.04 62.31 0.00
2017 8 1 0.00 78.79 54.07 66.43 0.00
2017 8 2 0.00 76.73 57.16 66.43 0.00
2017 8 3 0.10 76.73 55.10 65.40 0.00
2017 8 4 0.00 74.67 56.13 63.34 0.00
2017 8 5 0.00 72.61 54.07 62.31 0.00
2017 8 6 0.00 72.61 50.98 60.25 0.00
2017 8 7 0.00 68.49 49.95 56.13 0.00
2017 8 8 0.10 64.37 48.92 56.13 0.00
2017 8 9 0.00 69.52 47.89 56.13 0.00
2017 8 10 0.00 69.52 44.80 58.19 0.00
2017 8 11 0.00 73.64 50.98 61.28 0.00
2017 8 12 0.00 73.64 49.95 61.28 0.00
2017 8 13 0.10 73.64 48.92 59.22 0.00
2017 8 14 0.30 71.58 45.83 58.19 0.00
2017 8 15 0.20 61.28 43.77 50.98 0.00
2017 8 16 0.00 68.49 43.77 55.10 0.00
2017 8 17 0.00 69.52 48.92 59.22 0.00
2017 8 18 0.00 73.64 49.95 61.28 0.00
2017 8 19 0.00 75.70 52.01 62.31 0.00
2017 8 20 0.00 75.70 53.04 63.34 0.00
2017 8 21 0.00 74.67 52.01 61.28 0.00
2017 8 22 0.00 72.61 53.04 58.19 0.00
2017 8 23 0.00 71.58 49.95 59.22 0.00
2017 8 24 0.00 71.58 48.92 58.19 0.00
2017 8 25 0.00 71.58 50.98 61.28 0.00
2017 8 26 0.00 77.76 57.16 64.37 0.00
2017 8 27 0.00 76.73 55.10 66.43 0.00
2017 8 28 0.00 78.79 55.10 66.43 0.00
2017 8 29 0.00 78.79 56.13 65.40 0.00
2017 8 30 0.30 76.73 49.95 62.31 0.00
2017 8 31 0.20 64.37 48.92 55.10 0.00
2017 9 1 0.00 71.58 47.89 59.22 0.00
2017 9 2 0.00 77.76 52.01 64.37 0.00
2017 9 3 0.00 78.79 57.16 66.43 0.00
2017 9 4 0.00 79.82 57.16 67.46 0.00
2017 9 5 0.00 77.76 55.10 64.37 0.00
2017 9 6 0.00 74.67 53.04 63.34 0.00
2017 9 7 0.00 73.64 52.01 61.28 0.00
2017 9 8 0.10 73.64 50.98 59.22 0.00
2017 9 9 0.00 66.43 49.95 56.13 0.00
2017 9 10 0.00 68.49 45.83 57.16 0.00
2017 9 11 0.00 74.67 50.98 61.28 0.00
2017 9 12 0.00 74.67 53.04 60.25 0.00
2017 9 13 0.00 68.49 48.92 57.16 0.00
2017 9 14 0.10 59.22 41.71 49.95 0.00
2017 9 15 1.10 44.80 31.41 38.62 0.00
2017 9 16 0.10 49.95 29.35 39.65 0.00
2017 9 17 0.00 57.16 39.65 47.89 0.00
2017 9 18 0.00 62.31 43.77 53.04 0.00
2017 9 19 0.20 50.98 30.38 37.59 0.00
2017 9 20 0.00 59.22 29.35 45.83 0.00
2017 9 21 0.40 58.19 28.32 45.83 0.00
2017 9 22 0.50 43.77 25.23 32.44 0.20
2017 9 23 0.30 38.62 24.20 29.35 0.10
2017 9 24 1.50 33.47 28.32 30.38 0.30
2017 9 25 0.00 45.83 27.29 33.47 1.30
2017 9 26 0.00 47.89 27.29 37.59 0.90
2017 9 27 0.00 54.07 31.41 42.74 0.70
2017 9 28 0.00 45.83 38.62 41.71 0.40
2017 9 29 0.00 55.10 38.62 44.80 0.10
2017 9 30 0.00 48.92 36.56 42.74 0.00
2017 10 1 0.20 37.59 23.17 32.44 0.00
2017 10 2 0.00 34.50 22.14 26.26 0.10
2017 10 3 0.00 46.86 22.14 35.53 0.10
2017 10 4 0.00 50.98 32.44 40.68 0.00
2017 10 5 0.00 53.04 32.44 40.68 0.00
2017 10 6 0.00 43.77 29.35 35.53 0.00
2017 10 7 0.00 57.16 33.47 45.83 0.00
2017 10 8 0.10 46.86 25.23 33.47 0.00
2017 10 9 0.00 41.71 22.14 30.38 0.10
2017 10 10 0.10 53.04 28.32 39.65 0.00
2017 10 11 0.00 57.16 37.59 44.80 0.00
2017 10 12 0.00 45.83 30.38 36.56 0.00
2017 10 13 0.00 48.92 29.35 38.62 0.00
2017 10 14 0.20 33.47 19.05 26.26 0.00
2017 10 15 0.00 57.16 25.23 42.74 0.20
2017 10 16 0.00 58.19 40.68 47.89 0.10
2017 10 17 0.00 62.31 41.71 49.95 0.00
2017 10 18 0.00 60.25 41.71 49.95 0.00
2017 10 19 0.00 59.22 44.80 49.95 0.00
2017 10 20 0.20 52.01 22.14 35.53 0.00
2017 10 21 0.00 34.50 20.08 28.32 0.20
2017 10 22 0.00 49.95 31.41 41.71 0.10
2017 10 23 0.00 48.92 34.50 40.68 0.00
2017 10 24 0.00 55.10 34.50 43.77 0.00
2017 10 25 0.00 58.19 41.71 47.89 0.00
2017 10 26 0.00 48.92 33.47 40.68 0.00
2017 10 27 0.00 48.92 30.38 38.62 0.00
2017 10 28 0.00 50.98 31.41 39.65 0.00
2017 10 29 0.00 54.07 36.56 44.80 0.00
2017 10 30 0.00 44.80 29.35 37.59 0.00
2017 10 31 0.00 42.74 28.32 34.50 0.00
2017 11 1 0.00 48.92 31.41 40.68 0.00
2017 11 2 0.00 49.95 35.53 41.71 0.00
2017 11 3 0.00 42.74 35.53 38.62 0.00
2017 11 4 0.20 39.65 30.38 35.53 0.00
2017 11 5 0.00 37.59 29.35 31.41 0.20
2017 11 6 0.20 31.41 21.11 27.29 0.20
2017 11 7 0.00 27.29 13.90 21.11 0.40
2017 11 8 0.00 45.83 14.93 34.50 0.40
2017 11 9 0.00 47.89 33.47 39.65 0.40
2017 11 10 0.00 44.80 31.41 37.59 0.40
2017 11 11 0.00 38.62 28.32 33.47 0.40
2017 11 12 0.00 47.89 29.35 38.62 0.40
2017 11 13 0.00 52.01 35.53 42.74 0.40
2017 11 14 0.00 43.77 31.41 37.59 0.30
2017 11 15 0.00 48.92 31.41 40.68 0.30
2017 11 16 0.20 42.74 36.56 40.68 0.20
2017 11 17 1.40 37.59 12.87 25.23 0.40
2017 11 18 0.00 35.53 9.78 20.08 1.80
2017 11 19 0.00 43.77 22.14 32.44 1.80
2017 11 20 0.00 46.86 31.41 36.56 1.80
2017 11 21 0.00 45.83 35.53 38.62 1.80
2017 11 22 0.00 52.01 36.56 42.74 1.70
2017 11 23 0.00 54.07 38.62 45.83 1.40
2017 11 24 0.00 45.83 34.50 40.68 1.30
2017 11 25 0.00 49.95 34.50 41.71 1.10
2017 11 26 0.00 57.16 42.74 47.89 1.00
2017 11 27 0.10 46.86 24.20 37.59 0.80
2017 11 28 0.00 40.68 19.05 30.38 0.90
2017 11 29 0.00 36.56 27.29 31.41 0.90
2017 11 30 0.00 44.80 29.35 35.53 0.90
2017 12 1 0.00 40.68 27.29 33.47 0.90
2017 12 2 0.00 44.80 31.41 37.59 0.90
2017 12 3 0.30 43.77 13.90 29.35 0.90
2017 12 4 0.00 19.05 5.66 12.87 1.20
2017 12 5 0.00 29.35 5.66 14.93 1.20
2017 12 6 0.00 24.20 8.75 15.96 1.20
2017 12 7 0.00 31.41 15.96 25.23 1.20
2017 12 8 0.00 37.59 19.05 27.29 1.20
2017 12 9 0.00 42.74 27.29 33.47 1.20
2017 12 10 0.00 43.77 30.38 35.53 1.20
2017 12 11 0.00 50.98 31.41 40.68 1.20
2017 12 12 0.00 50.98 35.53 41.71 1.20
2017 12 13 0.30 41.71 22.14 32.44 1.20
2017 12 14 0.00 31.41 15.96 23.17 1.50
2017 12 15 0.00 44.80 24.20 34.50 1.50
2017 12 16 0.00 36.56 16.99 25.23 1.50
2017 12 17 0.00 25.23 14.93 18.02 1.50
2017 12 18 0.00 35.53 21.11 28.32 1.50
2017 12 19 0.00 41.71 25.23 33.47 1.50
2017 12 20 0.40 39.65 11.84 27.29 1.50
2017 12 21 0.00 22.14 8.75 13.90 1.90
2017 12 22 0.10 31.41 7.72 20.08 1.90
2017 12 23 0.60 25.23 7.72 20.08 2.00
2017 12 24 0.40 28.32 8.75 20.08 2.50
2017 12 25 0.20 27.29 23.17 25.23 2.90
2017 12 26 0.00 33.47 21.11 26.26 3.10
2017 12 27 0.00 40.68 22.14 30.38 3.10
2017 12 28 0.00 42.74 27.29 33.47 3.10
2017 12 29 0.00 47.89 31.41 38.62 3.10
2017 12 30 0.00 41.71 26.26 36.56 3.10
2017 12 31 0.00 32.44 22.14 26.26 3.10
2018 1 1 0.00 36.56 22.14 29.35 3.10
2018 1 2 0.00 41.71 20.08 28.32 3.10
2018 1 3 0.00 47.89 28.32 35.53 3.10
2018 1 4 0.00 47.89 29.35 35.53 3.10
2018 1 5 0.00 45.83 30.38 36.56 3.10
2018 1 6 0.20 35.53 26.26 31.41 3.10
2018 1 7 0.00 39.65 22.14 28.32 3.30
2018 1 8 0.00 43.77 31.41 35.53 3.30
2018 1 9 1.00 34.50 31.41 32.44 3.30
2018 1 10 0.40 33.47 16.99 26.26 4.30
2018 1 11 0.10 34.50 15.96 23.17 4.70
2018 1 12 0.00 32.44 20.08 26.26 4.80
2018 1 13 0.00 33.47 23.17 27.29 4.80
2018 1 14 0.00 49.95 22.14 31.41 4.80
2018 1 15 0.00 40.68 19.05 29.35 4.80
2018 1 16 0.00 43.77 16.99 29.35 4.80
2018 1 17 0.00 41.71 24.20 30.38 4.80
2018 1 18 0.00 47.89 29.35 38.62 4.80
2018 1 19 0.30 38.62 21.11 33.47 4.80
2018 1 20 0.40 21.11 12.87 18.02 5.10
2018 1 21 0.00 16.99 6.69 11.84 5.50
2018 1 22 0.00 27.29 6.69 16.99 5.50
2018 1 23 0.00 31.41 18.02 21.11 5.50
2018 1 24 0.10 40.68 20.08 30.38 5.50
2018 1 25 0.30 31.41 15.96 24.20 5.60
2018 1 26 0.00 24.20 11.84 15.96 5.90
2018 1 27 0.00 31.41 10.81 21.11 5.90
2018 1 28 0.00 34.50 25.23 28.32 5.90
2018 1 29 0.00 46.86 26.26 35.53 5.90
2018 1 30 0.00 45.83 33.47 38.62 5.90
2018 1 31 0.00 38.62 29.35 33.47 5.90
2018 2 1 0.00 38.62 27.29 31.41 5.90
2018 2 2 0.00 34.50 30.38 32.44 5.90
2018 2 3 0.00 38.62 29.35 33.47 5.90
2018 2 4 0.00 33.47 30.38 31.41 5.90
2018 2 5 0.00 36.56 23.17 31.41 5.90
2018 2 6 0.00 26.26 19.05 22.14 5.90
2018 2 7 0.00 39.65 20.08 28.32 5.90
2018 2 8 0.00 44.80 28.32 34.50 5.90
2018 2 9 0.00 40.68 27.29 34.50 5.90
2018 2 10 0.00 28.32 9.78 20.08 5.90
2018 2 11 0.00 35.53 8.75 21.11 5.90
2018 2 12 0.00 32.44 19.05 23.17 5.90
2018 2 13 0.20 37.59 18.02 26.26 5.90
2018 2 14 0.20 35.53 20.08 27.29 6.00
2018 2 15 0.00 20.08 6.69 14.93 6.10
2018 2 16 0.00 32.44 5.66 18.02 6.10
2018 2 17 0.00 38.62 18.02 29.35 6.10
2018 2 18 0.60 39.65 16.99 28.32 6.10
2018 2 19 0.50 16.99 0.51 10.81 6.70
2018 2 20 0.00 21.11 -4.64 3.60 7.20
2018 2 21 0.00 22.14 -3.61 8.75 7.20
2018 2 22 0.00 20.08 4.63 12.87 7.20
2018 2 23 0.00 18.02 0.51 10.81 7.20
2018 2 24 0.10 19.05 -0.52 7.72 7.20
2018 2 25 0.10 23.17 3.60 11.84 7.20
2018 2 26 0.00 29.35 15.96 22.14 7.30
2018 2 27 0.00 33.47 16.99 24.20 7.30
2018 2 28 0.00 29.35 14.93 20.08 7.30
2018 3 1 0.20 34.50 19.05 25.23 7.30
2018 3 2 0.00 41.71 24.20 30.38 7.40
2018 3 3 0.00 38.62 26.26 31.41 7.40
2018 3 4 1.00 27.29 12.87 14.93 7.40
2018 3 5 0.10 22.14 7.72 13.90 8.40
2018 3 6 0.00 35.53 6.69 20.08 8.50
2018 3 7 0.00 45.83 18.02 30.38 8.50
2018 3 8 0.00 43.77 24.20 34.50 8.50
2018 3 9 0.00 43.77 29.35 34.50 8.50
2018 3 10 0.00 40.68 27.29 32.44 8.50
2018 3 11 0.00 46.86 26.26 34.50 8.40
2018 3 12 0.00 45.83 31.41 37.59 8.40
2018 3 13 0.00 49.95 31.41 39.65 8.30
2018 3 14 0.60 43.77 25.23 36.56 8.20
2018 3 15 0.30 36.56 19.05 25.23 8.70
2018 3 16 0.00 37.59 15.96 26.26 8.90
2018 3 17 0.60 29.35 18.02 24.20 8.90
2018 3 18 0.10 25.23 15.96 19.05 9.50
2018 3 19 0.00 33.47 13.90 22.14 9.60
2018 3 20 0.00 40.68 19.05 28.32 9.60
2018 3 21 0.00 45.83 29.35 35.53 9.60
2018 3 22 0.30 38.62 34.50 36.56 9.60
2018 3 23 0.50 41.71 27.29 32.44 9.90
2018 3 24 0.00 44.80 28.32 33.47 10.40
2018 3 25 0.30 37.59 15.96 26.26 10.40
2018 3 26 0.00 30.38 14.93 20.08 10.60
2018 3 27 0.00 36.56 12.87 25.23 10.60
2018 3 28 0.10 36.56 26.26 29.35 10.60
2018 3 29 0.00 39.65 25.23 31.41 10.70
2018 3 30 0.00 45.83 27.29 36.56 10.70
2018 3 31 0.00 50.98 33.47 41.71 10.50
2018 4 1 0.00 49.95 34.50 40.68 9.80
2018 4 2 0.10 42.74 9.78 30.38 9.70
2018 4 3 0.00 38.62 6.69 24.20 9.70
2018 4 4 0.00 42.74 29.35 34.50 9.70
2018 4 5 0.00 45.83 30.38 37.59 9.70
2018 4 6 0.30 40.68 32.44 35.53 9.60
2018 4 7 0.60 42.74 32.44 37.59 9.60
2018 4 8 0.00 34.50 26.26 29.35 9.60
2018 4 9 0.00 43.77 23.17 32.44 9.60
2018 4 10 0.00 52.01 31.41 43.77 9.60
2018 4 11 0.00 55.10 39.65 47.89 9.20
2018 4 12 0.40 48.92 16.99 27.29 8.80
2018 4 13 0.30 29.35 15.96 20.08 9.20
2018 4 14 0.00 42.74 21.11 31.41 9.50
2018 4 15 0.00 49.95 29.35 40.68 9.50
2018 4 16 0.00 54.07 22.14 40.68 9.10
2018 4 17 0.00 29.35 18.02 21.11 8.40
2018 4 18 0.00 43.77 15.96 31.41 8.90
2018 4 19 0.10 48.92 34.50 39.65 9.10
2018 4 20 0.00 42.74 31.41 37.59 8.60
2018 4 21 0.00 50.98 32.44 41.71 8.60
2018 4 22 0.00 58.19 36.56 47.89 7.70
2018 4 23 0.00 48.92 32.44 40.68 6.30
2018 4 24 0.00 48.92 28.32 37.59 5.70
2018 4 25 0.00 56.13 29.35 43.77 4.70
2018 4 26 0.00 59.22 36.56 47.89 3.50
2018 4 27 0.00 65.40 42.74 53.04 2.10
2018 4 28 0.00 62.31 46.86 53.04 0.70
2018 4 29 0.00 49.95 29.35 41.71 0.00
2018 4 30 1.20 39.65 26.26 29.35 0.00
2018 5 1 0.00 45.83 25.23 34.50 1.20
2018 5 2 0.30 40.68 30.38 34.50 0.80
2018 5 3 0.00 46.86 30.38 38.62 0.70
2018 5 4 0.00 56.13 35.53 45.83 0.00
2018 5 5 0.00 59.22 41.71 50.98 0.00
2018 5 6 0.00 64.37 46.86 56.13 0.00
2018 5 7 0.00 65.40 46.86 54.07 0.00
2018 5 8 0.00 64.37 43.77 53.04 0.00
2018 5 9 0.00 66.43 49.95 57.16 0.00
2018 5 10 0.00 55.10 40.68 48.92 0.00
2018 5 11 0.70 45.83 32.44 36.56 0.00
2018 5 12 0.40 43.77 28.32 34.50 0.00
2018 5 13 0.10 47.89 27.29 39.65 0.00
2018 5 14 0.20 49.95 33.47 40.68 0.00
2018 5 15 0.00 57.16 36.56 46.86 0.00
2018 5 16 0.00 63.34 41.71 53.04 0.00
2018 5 17 0.00 62.31 39.65 50.98 0.00
2018 5 18 0.10 49.95 36.56 42.74 0.00
2018 5 19 0.00 55.10 36.56 45.83 0.00
2018 5 20 0.00 58.19 42.74 47.89 0.00
2018 5 21 0.00 59.22 44.80 50.98 0.00
2018 5 22 0.00 54.07 38.62 45.83 0.00
2018 5 23 0.00 57.16 38.62 46.86 0.00
2018 5 24 0.00 65.40 42.74 54.07 0.00
2018 5 25 0.00 70.55 49.95 59.22 0.00
2018 5 26 0.00 66.43 45.83 54.07 0.00
2018 5 27 0.30 54.07 38.62 44.80 0.00
2018 5 28 0.00 52.01 36.56 42.74 0.00
2018 5 29 0.00 57.16 37.59 46.86 0.00
2018 5 30 0.00 66.43 43.77 54.07 0.00
2018 5 31 0.00 67.46 42.74 55.10 0.00
2018 6 1 0.00 52.01 36.56 43.77 0.00
2018 6 2 0.00 65.40 34.50 50.98 0.00
2018 6 3 0.00 70.55 46.86 59.22 0.00
2018 6 4 0.00 72.61 52.01 63.34 0.00
2018 6 5 0.00 72.61 53.04 62.31 0.00
2018 6 6 0.00 72.61 52.01 61.28 0.00
2018 6 7 0.00 69.52 49.95 59.22 0.00
2018 6 8 0.00 70.55 48.92 60.25 0.00
2018 6 9 0.00 71.58 52.01 62.31 0.00
2018 6 10 0.00 58.19 37.59 46.86 0.00
2018 6 11 0.00 63.34 36.56 50.98 0.00
2018 6 12 0.00 68.49 40.68 56.13 0.00
2018 6 13 0.00 75.70 52.01 64.37 0.00
2018 6 14 0.00 73.64 54.07 64.37 0.00
2018 6 15 0.00 72.61 53.04 62.31 0.00
2018 6 16 0.00 67.46 50.98 58.19 0.00
2018 6 17 0.10 65.40 45.83 54.07 0.00
2018 6 18 0.00 60.25 42.74 49.95 0.00
2018 6 19 0.00 59.22 41.71 48.92 0.00
2018 6 20 0.00 65.40 39.65 53.04 0.00
2018 6 21 0.00 72.61 50.98 61.28 0.00
2018 6 22 0.00 65.40 44.80 55.10 0.00
2018 6 23 0.00 66.43 44.80 56.13 0.00
2018 6 24 0.00 63.34 38.62 52.01 0.00
2018 6 25 0.00 71.58 43.77 59.22 0.00
2018 6 26 0.00 77.76 54.07 66.43 0.00
2018 6 27 0.00 79.82 55.10 67.46 0.00
2018 6 28 0.00 74.67 53.04 63.34 0.00
2018 6 29 0.00 62.31 43.77 53.04 0.00
2018 6 30 0.00 60.25 43.77 50.98 0.00
2018 7 1 0.00 66.43 42.74 56.13 0.00
2018 7 2 0.00 75.70 50.98 62.31 0.00
2018 7 3 0.00 75.70 52.01 62.31 0.00
2018 7 4 0.00 77.76 52.01 64.37 0.00
2018 7 5 0.00 76.73 54.07 65.40 0.00
2018 7 6 0.00 82.91 61.28 69.52 0.00
2018 7 7 0.00 81.88 61.28 69.52 0.00
2018 7 8 0.00 81.88 55.10 65.40 0.00
2018 7 9 0.20 79.82 59.22 66.43 0.00
2018 7 10 0.00 79.82 58.19 68.49 0.00
2018 7 11 0.00 72.61 56.13 63.34 0.00
2018 7 12 0.00 76.73 52.01 62.31 0.00
2018 7 13 0.00 80.85 55.10 67.46 0.00
2018 7 14 0.00 71.58 53.04 61.28 0.00
2018 7 15 0.00 78.79 52.01 65.40 0.00
2018 7 16 0.10 78.79 50.98 66.43 0.00
2018 7 17 0.00 74.67 48.92 63.34 0.00
2018 7 18 0.00 77.76 55.10 66.43 0.00
2018 7 19 0.00 78.79 57.16 67.46 0.00
2018 7 20 0.00 76.73 55.10 66.43 0.00
2018 7 21 0.00 78.79 53.04 65.40 0.00
2018 7 22 0.00 72.61 54.07 62.31 0.00
2018 7 23 0.00 78.79 50.98 64.37 0.00
2018 7 24 0.00 80.85 56.13 67.46 0.00
2018 7 25 0.00 78.79 57.16 66.43 0.00
2018 7 26 0.00 78.79 56.13 66.43 0.00
2018 7 27 0.00 78.79 57.16 67.46 0.00
2018 7 28 0.00 78.79 58.19 67.46 0.00
2018 7 29 0.00 76.73 55.10 64.37 0.00
2018 7 30 0.00 77.76 53.04 64.37 0.00
2018 7 31 0.00 81.88 56.13 68.49 0.00
2018 8 1 0.00 78.79 58.19 67.46 0.00
2018 8 2 0.40 70.55 49.95 60.25 0.00
2018 8 3 0.00 74.67 48.92 61.28 0.00
2018 8 4 0.30 75.70 47.89 62.31 0.00
2018 8 5 0.00 73.64 48.92 61.28 0.00
2018 8 6 0.20 72.61 48.92 61.28 0.00
2018 8 7 0.00 74.67 48.92 63.34 0.00
2018 8 8 0.00 77.76 50.98 65.40 0.00
2018 8 9 0.00 81.88 55.10 68.49 0.00
2018 8 10 0.00 83.94 59.22 70.55 0.00
2018 8 11 0.00 82.91 60.25 70.55 0.00
2018 8 12 0.00 80.85 58.19 66.43 0.00
2018 8 13 0.00 77.76 56.13 65.40 0.00
2018 8 14 0.00 77.76 55.10 64.37 0.00
2018 8 15 0.00 74.67 54.07 63.34 0.00
2018 8 16 0.00 75.70 55.10 62.31 0.00
2018 8 17 0.00 76.73 47.89 62.31 0.00
2018 8 18 0.00 67.46 45.83 57.16 0.00
2018 8 19 0.00 72.61 48.92 59.22 0.00
2018 8 20 0.20 73.64 54.07 59.22 0.00
2018 8 21 0.30 71.58 48.92 57.16 0.00
2018 8 22 0.40 66.43 45.83 53.04 0.00
2018 8 23 0.00 66.43 44.80 56.13 0.00
2018 8 24 0.00 71.58 50.98 60.25 0.00
2018 8 25 0.10 73.64 52.01 61.28 0.00
2018 8 26 0.00 71.58 47.89 60.25 0.00
2018 8 27 0.00 63.34 42.74 53.04 0.00
2018 8 28 0.00 62.31 36.56 50.98 0.00
2018 8 29 0.00 71.58 46.86 58.19 0.00
2018 8 30 0.00 71.58 52.01 60.25 0.00
2018 8 31 0.10 69.52 48.92 58.19 0.00
2018 9 1 0.00 69.52 46.86 56.13 0.00
2018 9 2 0.00 71.58 47.89 58.19 0.00
2018 9 3 0.00 71.58 49.95 60.25 0.00
2018 9 4 0.00 71.58 48.92 59.22 0.00
2018 9 5 0.00 68.49 50.98 58.19 0.00
2018 9 6 0.10 67.46 48.92 57.16 0.00
2018 9 7 0.00 71.58 50.98 59.22 0.00
2018 9 8 0.10 72.61 53.04 61.28 0.00
2018 9 9 0.00 72.61 49.95 59.22 0.00
2018 9 10 0.00 74.67 52.01 63.34 0.00
2018 9 11 0.00 73.64 50.98 61.28 0.00
2018 9 12 0.00 70.55 50.98 59.22 0.00
2018 9 13 0.00 68.49 48.92 57.16 0.00
2018 9 14 0.00 70.55 48.92 59.22 0.00
2018 9 15 0.00 71.58 50.98 61.28 0.00
2018 9 16 0.00 72.61 50.98 60.25 0.00
2018 9 17 0.00 71.58 49.95 59.22 0.00
2018 9 18 0.00 70.55 47.89 59.22 0.00
2018 9 19 0.10 67.46 45.83 56.13 0.00
2018 9 20 0.00 56.13 40.68 46.86 0.00
2018 9 21 0.00 67.46 40.68 54.07 0.00
2018 9 22 0.00 68.49 48.92 57.16 0.00
2018 9 23 0.00 66.43 44.80 54.07 0.00
2018 9 24 0.00 57.16 37.59 46.86 0.00
2018 9 25 0.00 58.19 33.47 43.77 0.00
2018 9 26 0.00 58.19 35.53 45.83 0.00
2018 9 27 0.00 63.34 40.68 50.98 0.00
2018 9 28 0.00 68.49 44.80 55.10 0.00
2018 9 29 0.00 67.46 48.92 57.16 0.00
2018 9 30 0.00 63.34 44.80 53.04 0.00
