2016 9 1  nan 73.64 50.98 61.28  nan
2016 9 2  nan 68.49 48.92 56.13  nan
2016 9 3  nan 63.34 45.83 50.98 0.00
2016 9 4  nan 59.22 42.74 50.98 0.00
2016 9 5  nan 65.40 42.74 53.04 0.00
2016 9 6 0.00  nan  nan  nan 0.00
2016 9 7 0.10  nan  nan  nan 0.00
2016 9 8 0.00 68.49 40.68 53.04 0.00
2016 9 9 0.00 58.19 36.56 45.83 0.00
2016 9 10 0.00 65.40 36.56 50.98 0.00
2016 9 11  nan 71.58 41.71 56.13 0.00
2016 9 12  nan 67.46 45.83 55.10 0.00
2016 9 13  nan 64.37 43.77 50.98 0.00
2016 9 14  nan 60.25 35.53 46.86 0.00
2016 9 15  nan 48.92 33.47 39.65 0.00
2016 9 16 0.00 56.13 31.41 42.74 0.00
2016 9 17  nan 60.25 35.53 45.83 0.00
2016 9 18  nan 66.43 39.65 52.01 0.00
2016 9 19  nan 71.58 45.83 57.16 0.00
2016 9 20  nan 70.55 46.86 57.16 0.00
2016 9 21  nan 56.13 43.77 50.98 0.00
2016 9 22  nan 70.55 45.83 55.10 0.00
2016 9 23 0.50 56.13 31.41 36.56 0.00
2016 9 24 0.00 68.49 31.41 33.47 0.00
2016 9 25 0.00 49.95 31.41 37.59 0.00
2016 9 26 0.00 60.25 32.44 45.83 0.00
2016 9 27 0.00 64.37 38.62 50.98 0.00
2016 9 28 0.00 70.55 43.77 55.10 0.00
2016 9 29 0.00 58.19 44.80 49.95 0.00
2016 9 30 0.00  nan  nan  nan 0.00
2016 10 1 0.00 60.25 39.65 47.89 0.00
2016 10 2 0.00 59.22 40.68 48.92 0.00
2016 10 3 0.70 50.98 26.26 35.53 0.00
2016 10 4 0.00 38.62 25.23 29.35 0.00
2016 10 5 0.10 43.77 26.26 32.44 0.00
2016 10 6 0.00 38.62 25.23 29.35 0.00
2016 10 7 0.00 46.86 23.17 34.50 0.00
2016 10 8 0.00 55.10 31.41 42.74 0.00
2016 10 9 0.00 59.22 40.68 46.86 0.00
2016 10 10 0.00 59.22 38.62 46.86 0.00
2016 10 11 0.60 54.07 31.41 40.68 0.00
2016 10 12 0.00 50.98 30.38 38.62 0.00
2016 10 13 0.00 58.19 34.50 45.83 0.00
2016 10 14 0.00 63.34 41.71 49.95 0.00
2016 10 15 0.00 63.34 44.80 52.01 0.00
2016 10 16 0.00 53.04 40.68 46.86 0.00
2016 10 17 0.20 45.83 24.20 33.47 0.00
2016 10 18 0.30 43.77 24.20 30.38 0.00
2016 10 19 0.00 35.53 20.08 27.29 0.00
2016 10 20 0.00 44.80 19.05 32.44 0.00
2016 10 21 0.00 55.10 33.47 43.77 0.00
2016 10 22 0.00 59.22 38.62 46.86 0.00
2016 10 23 0.00 61.28 40.68 48.92 0.00
2016 10 24 0.20 59.22 39.65 47.89 0.00
2016 10 25 0.00 48.92 36.56 40.68 0.00
2016 10 26 0.00 52.01 34.50 41.71 0.00
2016 10 27 0.00 59.22 39.65 48.92 0.00
2016 10 28 0.00 59.22 43.77 49.95 0.00
2016 10 29 0.10 54.07 39.65 43.77 0.00
2016 10 30 0.00 57.16 39.65 47.89 0.00
2016 10 31 0.40 47.89 29.35 35.53 0.00
2016 11 1 0.20 43.77 30.38 35.53 0.00
2016 11 2 0.00 42.74 28.32 32.44 0.00
2016 11 3 0.00 55.10 28.32 38.62 0.00
2016 11 4 0.00 57.16 36.56 43.77 0.00
2016 11 5 0.00 49.95 37.59 41.71 0.00
2016 11 6 0.00 47.89 33.47 38.62 0.00
2016 11 7 0.00 59.22 31.41 38.62 0.00
2016 11 8 0.00 57.16 27.29 40.68 0.00
2016 11 9 0.00 61.28  nan 42.74 0.00
2016 11 10 0.00 57.16 35.53 44.80 0.00
2016 11 11 0.00  nan  nan 41.71 0.00
2016 11 12 0.00  nan 30.38 40.68 0.00
2016 11 13 0.00  nan 31.41 37.59 0.00
2016 11 14 0.10  nan 29.35 40.68 0.00
2016 11 15 0.00 56.13 36.56 45.83 0.00
2016 11 16 0.00  nan 39.65 45.83 0.00
2016 11 17 0.20  nan 11.84 25.23 0.00
2016 11 18 0.00  nan  nan 16.99 0.10
2016 11 19 0.00  nan 19.05 33.47 0.10
2016 11 20 0.00  nan 25.23 40.68 0.20
2016 11 21 0.30 38.62 29.35 34.50 0.20
2016 11 22 0.20  nan 19.05 26.26 0.30
2016 11 23 0.40  nan 12.87 27.29 0.30
2016 11 24 0.10 35.53 10.81 18.02 0.70
2016 11 25 0.00  nan 12.87 26.26 0.70
2016 11 26 0.00  nan 18.02 31.41 0.80
2016 11 27 0.90  nan 16.99 24.20 0.90
2016 11 28 0.30  nan 13.90 18.02 1.70
2016 11 29 0.00  nan 8.75 13.90 1.90
2016 11 30 0.10  nan -2.58 10.81 1.90
2016 12 1 0.10  nan 6.69 14.93 2.00
2016 12 2 0.00  nan 4.63 12.87 2.00
2016 12 3 0.10 27.29 4.63 12.87 2.10
2016 12 4 0.10  nan 6.69 19.05 2.20
2016 12 5 0.00 23.17 -7.73 9.78 2.30
2016 12 6 0.10 16.99 -8.76 5.66 2.30
2016 12 7 0.00 15.96 -12.88 0.51 2.40
2016 12 8 0.40 24.20  nan 7.72 2.40
2016 12 9 0.20  nan 11.84 23.17 2.80
2016 12 10 0.60  nan 16.99 28.32 3.00
2016 12 11 0.20  nan 10.81 21.11 3.60
2016 12 12 0.00  nan 4.63 19.05 3.80
2016 12 13 0.00  nan 0.51 16.99 3.80
2016 12 14 0.30  nan  nan 24.20 3.80
2016 12 15 0.40  nan 22.14 33.47 4.10
2016 12 16 2.30  nan 14.93 27.29 4.50
2016 12 17 0.00 33.47 -10.82 1.54 6.80
2016 12 18 0.00 19.05 -9.79 1.54 6.80
2016 12 19 0.00 27.29 5.66 14.93 6.80
2016 12 20 0.10  nan 12.87 26.26 6.80
2016 12 21 0.00  nan  nan 24.20 6.80
2016 12 22 0.20 34.50 16.99 27.29 6.80
2016 12 23 0.00  nan 13.90 25.23 7.00
2016 12 24 0.10  nan 19.05 33.47 7.00
2016 12 25 0.80  nan 10.81 19.05 7.00
2016 12 26 0.00 33.47 3.60 10.81 7.80
2016 12 27 0.10 24.20 3.60 16.99 7.80
2016 12 28 0.10  nan 2.57 16.99 7.90
2016 12 29 0.00  nan  nan 18.02 7.90
2016 12 30 0.00 34.50 10.81 25.23 8.00
2016 12 31 0.00  nan 12.87 22.14 8.00
2017 1 1 0.00  nan 12.87 23.17 8.00
2017 1 2 1.10  nan 9.78 18.02 8.00
2017 1 3 0.30  nan  nan 14.93 9.10
2017 1 4 1.60  nan 7.72 20.08 9.40
2017 1 5 0.00  nan -12.88 -0.52 11.00
2017 1 6 0.00 11.84 -17.00 -2.58 11.00
2017 1 7 0.10  nan 1.54 12.87 11.00
2017 1 8 0.80 31.41 13.90 24.20 11.10
2017 1 9 1.30  nan 21.11 29.35 11.90
2017 1 10 0.60  nan 12.87 22.14 13.20
2017 1 11 1.40  nan 16.99 24.20 13.80
2017 1 12 0.70  nan 20.08 24.20 15.20
2017 1 13 0.40  nan 16.99 26.26 15.90
2017 1 14 0.00 36.56 20.08 26.26 16.30
2017 1 15 0.00  nan 13.90 24.20 16.30
2017 1 16 0.00  nan 11.84 19.05 16.30
2017 1 17 0.00  nan 10.81 20.08 16.30
2017 1 18 0.00  nan 13.90 22.14 16.30
2017 1 19 0.30  nan  nan 24.20 16.30
2017 1 20 0.10 25.23 13.90 21.11 16.60
2017 1 21 0.10 30.38 8.75 21.11 16.70
2017 1 22 0.10  nan 7.72 18.02 16.80
2017 1 23 0.40  nan 12.87 22.14 16.90
2017 1 24 0.20  nan 1.54 11.84 17.30
2017 1 25 0.10  nan -3.61 4.63 17.50
2017 1 26 0.00  nan -9.79 1.54 17.60
2017 1 27 0.00  nan -6.70 3.60 17.60
2017 1 28 0.00 25.23 0.51 12.87 17.60
2017 1 29 0.20  nan 10.81 21.11 17.70
2017 1 30 0.10 36.56 20.08 27.29 17.80
2017 1 31 0.00  nan 19.05 28.32 17.80
2017 2 1 0.50  nan 16.99 30.38 17.80
2017 2 2 0.50 30.38 24.20 26.26 17.80
2017 2 3 0.10  nan  nan 28.32 18.20
2017 2 4 0.20  nan 26.26 28.32 18.30
2017 2 5 0.20  nan  nan 31.41 18.50
2017 2 6 0.10 38.62 27.29 30.38 18.70
2017 2 7 0.30  nan  nan 30.38 18.80
2017 2 8 0.00  nan  nan 31.41 19.10
2017 2 9 0.20  nan 24.20 37.59 19.10
2017 2 10 0.10  nan 24.20 38.62 19.30
2017 2 11 1.10 33.47 16.99 26.26 19.40
2017 2 12 0.10  nan 9.78 26.26 20.50
2017 2 13 0.00  nan 14.93 26.26 20.60
2017 2 14 0.00  nan  nan 23.17 20.60
2017 2 15 0.10  nan  nan 26.26 20.60
2017 2 16 0.00 45.83 23.17 33.47 20.70
2017 2 17 0.10  nan  nan 33.47 20.70
2017 2 18 0.20  nan 26.26 32.44 20.80
2017 2 19 0.40  nan  nan 30.38 21.00
2017 2 20 0.10 37.59  nan 28.32 21.40
2017 2 21 0.00  nan 22.14 33.47 21.50
2017 2 22 0.40  nan  nan 25.23 21.50
2017 2 23 0.40  nan  nan 18.02 21.90
2017 2 24 0.00  nan  nan 8.75 22.30
2017 2 25 0.10  nan  nan 6.69 22.30
2017 2 26 0.00  nan  nan 9.78 22.40
2017 2 27 1.10  nan  nan 18.02 22.40
2017 2 28 0.00  nan  nan 10.81 23.50
2017 3 1 0.10  nan  nan 12.87 23.50
2017 3 2 0.10  nan  nan 18.02 23.60
2017 3 3 0.20  nan  nan 28.32 23.70
2017 3 4 0.00  nan  nan 34.50 23.90
2017 3 5 0.10  nan  nan 34.50 23.90
2017 3 6 0.00  nan  nan 12.87 24.00
2017 3 7 0.30  nan  nan 19.05 24.00
2017 3 8 0.00  nan  nan 30.38 24.20
2017 3 9 0.00  nan  nan 36.56 24.20
2017 3 10 0.10  nan  nan 37.59 24.30
2017 3 11 0.00  nan  nan 34.50 24.10
2017 3 12 0.00  nan  nan 31.41 24.10
2017 3 13 0.00  nan  nan 31.41 24.10
2017 3 14 0.00  nan  nan 39.65 24.10
2017 3 15 0.00  nan  nan 41.71 23.80
2017 3 16 0.00  nan  nan 41.71 23.50
2017 3 17 0.00  nan  nan 41.71 23.00
2017 3 18 0.00  nan  nan 46.86 22.60
2017 3 19 0.00 55.10 37.59 44.80 22.10
2017 3 20 0.00 55.10 35.53 44.80 21.60
2017 3 21 0.00 54.07 37.59 44.80 21.20
2017 3 22 0.00 52.01 36.56 43.77 20.70
2017 3 23 0.00 49.95 29.35 38.62 20.20
2017 3 24 0.00 43.77 27.29 33.47 19.90
2017 3 25 0.10 47.89 31.41 37.59 19.80
2017 3 26 0.00 39.65 26.26 31.41 19.80
2017 3 27 0.10 44.80 26.26 33.47 19.80
2017 3 28 0.10 36.56 28.32 32.44 19.70
2017 3 29 0.00 42.74 23.17 32.44 19.80
2017 3 30 0.10 47.89 30.38 38.62 19.80
2017 3 31 0.40 46.86 24.20 33.47 19.60
2017 4 1 0.10 42.74 23.17 32.44 19.80
2017 4 2 0.10 39.65 24.20 32.44 19.90
2017 4 3 0.20 37.59 16.99 27.29 20.00
2017 4 4 0.10 28.32 12.87 22.14 20.20
2017 4 5 0.20 38.62 10.81 26.26 20.30
2017 4 6 0.00 50.98 24.20 38.62 20.50
2017 4 7 0.00 54.07 36.56 43.77 20.30
2017 4 8 0.10 49.95 33.47 39.65 20.00
2017 4 9 0.50 35.53 13.90 24.20 19.40
2017 4 10 0.00 40.68 10.81 26.26 19.90
2017 4 11 0.10 49.95 24.20 37.59 20.10
2017 4 12 0.00 55.10 30.38 43.77 19.90
2017 4 13 0.00 61.28 38.62 49.95 19.40
2017 4 14 0.00 52.01 28.32 42.74 18.50
2017 4 15 0.00 45.83 24.20 34.50 17.80
2017 4 16 0.00 49.95 29.35 39.65 17.40
2017 4 17 0.00 55.10 35.53 44.80 17.10
2017 4 18 0.10 55.10 33.47 45.83 16.60
2017 4 19 0.00 43.77 28.32 34.50 16.10
2017 4 20 0.30 50.98 26.26 36.56 16.30
2017 4 21 0.30 33.47 20.08 27.29 15.90
2017 4 22 0.00 48.92 20.08 34.50 16.10
2017 4 23 0.10 55.10 32.44 43.77 16.30
2017 4 24 0.90 43.77 28.32 33.47 15.80
2017 4 25 0.00 41.71 24.20 29.35 16.40
2017 4 26 0.70 40.68 22.14 29.35 16.40
2017 4 27 0.40 35.53 21.11 28.32 17.10
2017 4 28 0.20 33.47 20.08 25.23 17.50
2017 4 29 0.00 36.56 15.96 24.20 17.50
2017 4 30 0.00 40.68 14.93 29.35 17.60
2017 5 1 0.10 44.80 30.38 35.53 17.60
2017 5 2 0.00 43.77 30.38 34.50 17.50
2017 5 3 0.00 46.86 28.32 37.59 17.50
2017 5 4 0.00 59.22 32.44 45.83 17.20
2017 5 5 0.00 64.37 38.62 52.01 16.80
2017 5 6 0.00 69.52 41.71 53.04 15.80
2017 5 7 0.30 61.28 36.56 44.80 14.80
2017 5 8 0.00 62.31 38.62 47.89 13.90
2017 5 9 0.00 62.31 36.56 44.80 13.00
2017 5 10 0.10 52.01 33.47 38.62 12.00
2017 5 11 0.00 57.16 31.41 44.80 11.30
2017 5 12 0.00 62.31 38.62 50.98 10.30
2017 5 13 0.00 63.34 33.47 49.95 9.00
2017 5 14 0.00 58.19 30.38 46.86 7.60
2017 5 15 0.00 59.22 38.62 47.89 6.60
2017 5 16 0.00 53.04 31.41 40.68 5.40
2017 5 17 0.40 43.77 23.17 30.38 4.50
2017 5 18 0.70 34.50 24.20 27.29 4.90
2017 5 19 0.30 37.59 22.14 28.32 5.50
2017 5 20 0.10 45.83 22.14 33.47 5.80
2017 5 21 0.10 49.95 31.41 36.56 5.70
2017 5 22 0.20 47.89 27.29 34.50 5.60
2017 5 23 0.00 49.95 26.26 38.62 5.60
2017 5 24 0.00 65.40 38.62 50.98 5.10
2017 5 25 0.10 58.19 32.44 41.71 4.10
2017 5 26 0.30 60.25 33.47 42.74 2.70
2017 5 27 0.10 46.86 31.41 36.56 1.90
2017 5 28 0.00 56.13 31.41 42.74 1.30
2017 5 29 0.00 56.13 35.53 45.83 0.30
2017 5 30 0.00 63.34 36.56 49.95 0.00
2017 5 31 0.00 65.40 41.71 52.01 0.00
2017 6 1 0.10 65.40 42.74 53.04 0.00
2017 6 2 0.00 60.25 39.65 48.92 0.00
2017 6 3 0.00 66.43 40.68 53.04 0.00
2017 6 4 0.10 71.58 43.77 57.16 0.00
2017 6 5 0.10 70.55 47.89 56.13 0.00
2017 6 6 0.00 70.55 46.86 56.13 0.00
2017 6 7 0.00 69.52 45.83 55.10 0.00
2017 6 8 0.00 73.64 46.86 59.22 0.00
2017 6 9 0.00 71.58 47.89 60.25 0.00
2017 6 10 0.00 72.61 44.80 59.22 0.00
2017 6 11 0.00 71.58 47.89 59.22 0.00
2017 6 12 0.00 71.58 34.50 54.07 0.00
2017 6 13 0.00 56.13 33.47 42.74 0.00
2017 6 14 0.00 64.37 34.50 48.92 0.00
2017 6 15 0.00 70.55 40.68 56.13 0.00
2017 6 16 0.00 70.55 44.80 58.19 0.00
2017 6 17 0.00 60.25 45.83 53.04 0.00
2017 6 18 0.00 66.43 39.65 54.07 0.00
2017 6 19 0.00 69.52 42.74 57.16 0.00
2017 6 20 0.10 75.70 50.98 62.31 0.00
2017 6 21 0.00 74.67 50.98 60.25 0.00
2017 6 22 0.00 71.58 46.86 61.28 0.00
2017 6 23 0.00  nan  nan  nan 0.00
2017 6 24 0.00  nan  nan  nan 0.00
2017 6 25 0.00 67.46 43.77 56.13 0.00
2017 6 26 0.00 72.61 45.83 60.25 0.00
2017 6 27 0.00 72.61 46.86 59.22 0.00
2017 6 28 0.00 72.61 43.77 57.16 0.00
2017 6 29 0.00 64.37 40.68 52.01 0.00
2017 6 30 0.00 62.31 38.62 49.95 0.00
2017 7 1 0.00 71.58 41.71 57.16 0.00
2017 7 2 0.00 73.64 49.95 60.25 0.00
2017 7 3 0.00 72.61 47.89 59.22 0.00
2017 7 4 0.00 74.67 47.89 62.31 0.00
2017 7 5 0.00 79.82 52.01 65.40 0.00
2017 7 6 0.00 79.82 54.07 65.40 0.00
2017 7 7 0.00 76.73 53.04 64.37 0.00
2017 7 8 0.00 74.67 50.98 63.34 0.00
2017 7 9 0.10 78.79 54.07 65.40 0.00
2017 7 10 0.00 73.64 54.07 62.31 0.00
2017 7 11 0.00 71.58 49.95 57.16 0.00
2017 7 12 0.00 70.55 48.92 56.13 0.00
2017 7 13 0.20 72.61 47.89 59.22 0.00
2017 7 14 0.00 77.76 49.95 63.34 0.00
2017 7 15 0.00 76.73 50.98 64.37 0.00
2017 7 16 0.00  nan  nan  nan 0.00
2017 7 17 0.00  nan  nan  nan 0.00
2017 7 18 0.00  nan  nan  nan 0.00
2017 7 19 0.00  nan  nan  nan 0.00
2017 7 20 0.20  nan  nan  nan 0.00
2017 7 21 0.00  nan  nan  nan 0.00
2017 7 22 0.00  nan  nan  nan 0.00
2017 7 23 0.00  nan  nan  nan 0.00
2017 7 24 0.00  nan  nan  nan 0.00
2017 7 25 0.10 63.34 53.04 57.16 0.00
2017 7 26 0.60 64.37 50.98 55.10 0.00
2017 7 27 0.30 70.55 48.92 56.13 0.00
2017 7 28 0.00 71.58 49.95 60.25 0.00
2017 7 29 0.00 69.52 50.98 59.22 0.00
2017 7 30 0.00 71.58 48.92 59.22 0.00
2017 7 31 0.10 71.58 50.98 60.25 0.00
2017 8 1 0.00 73.64 49.95 61.28 0.00
2017 8 2 0.00 73.64 53.04 61.28 0.00
2017 8 3 0.00 71.58 50.98 60.25 0.00
2017 8 4 0.10 74.67 49.95 59.22 0.00
2017 8 5 0.10 70.55 49.95 57.16 0.00
2017 8 6 0.00 67.46 49.95 58.19 0.00
2017 8 7 0.20 63.34 42.74 50.98 0.00
2017 8 8 1.50 59.22 42.74 48.92 0.00
2017 8 9 0.70 63.34 41.71 48.92 0.00
2017 8 10 0.00 64.37 44.80 53.04 0.00
2017 8 11 0.00 68.49 44.80 57.16 0.00
2017 8 12 0.00 66.43 48.92 56.13 0.00
2017 8 13 0.10 67.46 45.83 54.07 0.00
2017 8 14 0.30 68.49 44.80 54.07 0.00
2017 8 15 0.00 63.34 41.71 48.92 0.00
2017 8 16 0.00 62.31 39.65 49.95 0.00
2017 8 17 0.00 66.43 44.80 55.10 0.00
2017 8 18 0.00 70.55 43.77 57.16 0.00
2017 8 19 0.00 71.58 47.89 59.22 0.00
2017 8 20 0.00 73.64 48.92 58.19 0.00
2017 8 21 0.00 70.55 47.89 58.19 0.00
2017 8 22 0.10 71.58 49.95 59.22 0.00
2017 8 23 0.10 68.49 43.77 53.04 0.00
2017 8 24 0.10 66.43 44.80 53.04 0.00
2017 8 25 0.10 68.49 45.83 57.16 0.00
2017 8 26 0.00 72.61 49.95 60.25 0.00
2017 8 27 0.00 73.64 49.95 61.28 0.00
2017 8 28 0.00 74.67 50.98 62.31 0.00
2017 8 29 0.00 75.70 52.01 62.31 0.00
2017 8 30 0.00 73.64 50.98 61.28 0.00
2017 8 31 0.00 70.55 47.89 57.16 0.00
2017 9 1 0.00 68.49 43.77 56.13 0.00
2017 9 2 0.00 75.70 48.92 61.28 0.00
2017 9 3 0.00 75.70 50.98 63.34 0.00
2017 9 4 0.00 74.67 50.98 62.31 0.00
2017 9 5 0.00 66.43 45.83 55.10 0.00
2017 9 6 0.00 70.55 43.77 57.16 0.00
2017 9 7 0.00 71.58 48.92 59.22 0.00
2017 9 8 0.00 72.61 52.01 59.22 0.00
2017 9 9 0.00 73.64 49.95 57.16 0.00
2017 9 10 0.20 68.49 47.89 57.16 0.00
2017 9 11 0.00 68.49 44.80 56.13 0.00
2017 9 12 0.00 71.58 49.95 59.22 0.00
2017 9 13 0.00 70.55 47.89 56.13 0.00
2017 9 14 0.10 65.40 42.74 52.01 0.00
2017 9 15 0.70 46.86 36.56 40.68 0.00
2017 9 16 0.00 50.98 33.47 39.65 0.00
2017 9 17 0.00 59.22 34.50 45.83 0.00
2017 9 18 0.10 62.31 38.62 49.95 0.00
2017 9 19 0.30 59.22 30.38 40.68 0.00
2017 9 20 0.20 58.19 29.35 44.80 0.00
2017 9 21 0.00 65.40 47.89 56.13 0.00
2017 9 22 0.00 55.10 37.59 47.89 0.00
2017 9 23 0.50 42.74 33.47 37.59 0.00
2017 9 24 0.00 45.83 29.35 35.53 0.00
2017 9 25 0.00 41.71 28.32 33.47 0.00
2017 9 26 0.10 53.04 26.26 37.59 0.00
2017 9 27 0.00 56.13 32.44 43.77 0.00
2017 9 28 0.20 52.01 34.50 41.71 0.00
2017 9 29 0.30 44.80 34.50 39.65 0.00
2017 9 30 0.80 54.07 33.47 40.68 0.00
2017 10 1 1.30 33.47 27.29 30.38 0.00
2017 10 2 0.50 34.50 22.14 27.29 1.00
2017 10 3 0.00 48.92 19.05 33.47 1.30
2017 10 4 0.00 61.28 38.62 48.92 1.30
2017 10 5 0.00 61.28 35.53 45.83 0.70
2017 10 6 0.00 41.71 29.35 34.50 0.20
2017 10 7 0.10 54.07 30.38 41.71 0.00
2017 10 8 0.20 57.16 26.26 39.65 0.00
2017 10 9 0.10 38.62 19.05 26.26 0.00
2017 10 10 0.10 48.92 20.08 34.50 0.00
2017 10 11 0.00 56.13 33.47 43.77 0.00
2017 10 12 0.00 53.04 32.44 41.71 0.00
2017 10 13 0.00 52.01 29.35 38.62 0.00
2017 10 14 0.00 38.62 21.11 27.29 0.00
2017 10 15 0.00 49.95 23.17 36.56 0.00
2017 10 16 0.00 58.19 36.56 44.80 0.00
2017 10 17 0.00 57.16 34.50 44.80 0.00
2017 10 18 0.00 59.22 35.53 45.83 0.00
2017 10 19 0.10 61.28 40.68 47.89 0.00
2017 10 20 0.30 58.19 23.17 41.71 0.00
2017 10 21 0.00 31.41 18.02 24.20 0.20
2017 10 22 0.00 43.77 25.23 35.53 0.00
2017 10 23 0.00 45.83 29.35 37.59 0.00
2017 10 24 0.00 48.92 27.29 36.56 0.00
2017 10 25 0.00 56.13 32.44 42.74 0.00
2017 10 26 0.00 41.71 20.08 32.44 0.00
2017 10 27 0.00 37.59 19.05 29.35 0.00
2017 10 28 0.00 40.68 29.35 33.47 0.00
2017 10 29 0.00 52.01 31.41 39.65 0.00
2017 10 30 0.00 35.53 28.32 30.38 0.00
2017 10 31 0.00 38.62 24.20 31.41 0.00
2017 11 1 0.10 47.89 33.47 39.65 0.00
2017 11 2 0.00 53.04 35.53 41.71 0.10
2017 11 3 0.00 49.95 35.53 40.68 0.00
2017 11 4 0.70 39.65 31.41 35.53 0.00
2017 11 5 0.50 36.56 28.32 31.41 0.50
2017 11 6 0.10 40.68 22.14 29.35 0.90
2017 11 7 0.00 29.35 13.90 22.14 1.00
2017 11 8 0.00 34.50 13.90 25.23 1.00
2017 11 9 0.00 42.74 24.20 33.47 1.00
2017 11 10 0.00 43.77 31.41 36.56 1.00
2017 11 11 0.00 37.59 23.17 30.38 1.00
2017 11 12 0.00 44.80 24.20 34.50 1.00
2017 11 13 0.00 49.95 33.47 40.68 1.00
2017 11 14 0.00 45.83 25.23 36.56 1.00
2017 11 15 0.00 43.77 22.14 33.47 1.00
2017 11 16 0.10 48.92 35.53 39.65 1.10
2017 11 17 0.70 39.65 14.93 29.35 1.10
2017 11 18 0.00 24.20 9.78 15.96 1.80
2017 11 19 0.10 34.50 16.99 24.20 1.80
2017 11 20 0.10 40.68 24.20 30.38 1.90
2017 11 21 0.10 37.59 27.29 33.47 2.00
2017 11 22 0.00 40.68 31.41 36.56 2.10
2017 11 23 0.00 47.89 33.47 39.65 2.10
2017 11 24 0.00 47.89 30.38 37.59 2.10
2017 11 25 0.00 45.83 28.32 35.53 2.10
2017 11 26 0.00 54.07 35.53 43.77 2.10
2017 11 27 0.00 52.01 29.35 40.68 2.10
2017 11 28 0.00 39.65 25.23 30.38 2.00
2017 11 29 0.00 40.68 25.23 31.41 2.00
2017 11 30 0.00 42.74 26.26 33.47 2.00
2017 12 1 0.00 33.47 28.32 31.41 2.00
2017 12 2 0.10 43.77 29.35 36.56 2.00
2017 12 3 0.10 42.74 19.05 35.53 2.10
2017 12 4 0.30 20.08 6.69 13.90 2.20
2017 12 5 0.00 23.17 2.57 10.81 2.40
2017 12 6 0.00 18.02 2.57 10.81 2.40
2017 12 7 0.20 16.99 1.54 11.84 2.40
2017 12 8 0.00 32.44 11.84 20.08 2.60
2017 12 9 0.00 35.53 15.96 24.20 2.60
2017 12 10 0.00 38.62 16.99 26.26 2.60
2017 12 11 0.00 41.71 22.14 30.38 2.50
2017 12 12 0.00 43.77 26.26 33.47 2.50
2017 12 13 0.10 38.62 24.20 29.35 2.50
2017 12 14 0.00 24.20 12.87 19.05 2.60
2017 12 15 0.10 36.56 18.02 27.29 2.60
2017 12 16 0.00  nan 13.90 28.32 2.50
2017 12 17 0.00 26.26 14.93 19.05 2.50
2017 12 18 0.00 34.50 20.08 25.23 2.50
2017 12 19 0.00 38.62 20.08 28.32 2.50
2017 12 20 0.00 41.71 26.26 31.41 2.50
2017 12 21 0.20 27.29 3.60 15.96 2.60
2017 12 22 0.10 24.20 3.60 13.90 2.60
2017 12 23 1.10 23.17 2.57 15.96 2.60
2017 12 24 0.40 19.05 -1.55 11.84 3.70
2017 12 25 0.50 27.29 18.02 23.17 4.10
2017 12 26 0.00 31.41 0.51 21.11 4.60
2017 12 27 0.10  nan 7.72 24.20 4.60
2017 12 28 0.00 36.56 12.87 27.29 4.70
2017 12 29 0.00 41.71 13.90 31.41 4.70
2017 12 30 0.00  nan 10.81 33.47 4.70
2017 12 31 0.00  nan 0.51 20.08 4.70
2018 1 1 0.10 29.35 1.54 23.17 4.50
2018 1 2 0.00  nan -5.67 14.93 4.50
2018 1 3 0.00  nan 9.78 27.29 4.50
2018 1 4 0.00  nan 14.93 29.35 4.50
2018 1 5 0.00 38.62 14.93 31.41 4.50
2018 1 6 0.40 34.50 26.26 29.35 4.50
2018 1 7 0.00 28.32 22.14 25.23 4.90
2018 1 8 0.10 40.68 24.20 31.41 4.90
2018 1 9 0.40 37.59 29.35 33.47 5.00
2018 1 10 0.80 33.47 15.96 27.29 5.40
2018 1 11 0.20 24.20 12.87 18.02 6.20
2018 1 12 0.60 29.35 12.87 23.17 6.40
2018 1 13 0.00  nan 14.93 23.17 7.00
2018 1 14 0.00  nan 15.96 24.20 7.00
2018 1 15 0.00 26.26 2.57 15.96 7.00
2018 1 16 0.00 31.41 1.54 15.96 7.00
2018 1 17 0.00 35.53 12.87 23.17 7.00
2018 1 18 0.00 38.62 21.11 30.38 7.00
2018 1 19 0.00 41.71 28.32 33.47 7.00
2018 1 20 0.50 33.47 20.08 29.35 7.00
2018 1 21 0.20  nan 7.72 14.93 7.50
2018 1 22 0.10 40.68 1.54 10.81 7.50
2018 1 23 0.00 38.62 12.87 15.96 7.60
2018 1 24 0.00 32.44 15.96 23.17 7.70
2018 1 25 0.10 39.65 20.08 29.35 7.70
2018 1 26 0.00 20.08 8.75 13.90 7.70
2018 1 27 0.10 23.17 7.72 16.99 7.70
2018 1 28 0.00 29.35 19.05 24.20 7.80
2018 1 29 0.00 36.56 21.11 29.35 7.80
2018 1 30 0.00 40.68 16.99 33.47 7.80
2018 1 31 0.00 35.53 16.99 30.38 7.80
2018 2 1 0.00  nan 22.14 26.26 7.80
2018 2 2 0.10  nan 27.29 30.38 7.80
2018 2 3 0.10  nan 18.02 31.41 7.90
2018 2 4 0.20 33.47 19.05 31.41 8.00
2018 2 5 0.20  nan 22.14 28.32 8.10
2018 2 6 0.10 28.32 8.75 23.17 8.30
2018 2 7 0.00 32.44 14.93 25.23 8.30
2018 2 8 0.00  nan 19.05 30.38 8.30
2018 2 9 0.00  nan 28.32 32.44 8.30
2018 2 10 0.00  nan -3.61 16.99 8.30
2018 2 11 0.00 43.77  nan 15.96 8.30
2018 2 12 0.50  nan 20.08 24.20 8.30
2018 2 13 0.10 30.38 11.84 25.23 8.80
2018 2 14 0.60  nan 20.08 26.26 8.90
2018 2 15 0.60  nan 4.63 16.99 9.50
2018 2 16 0.10 24.20 -3.61 14.93 10.10
2018 2 17 0.10 33.47 13.90 23.17 10.20
2018 2 18 0.10 39.65 15.96 30.38 10.30
2018 2 19 0.60 30.38 -5.67 14.93 10.30
2018 2 20 0.00 23.17 -6.70 0.51 10.80
2018 2 21 0.00  nan -5.67 8.75 10.80
2018 2 22 0.30 24.20 -3.61 13.90 10.80
2018 2 23 0.20  nan 0.51 15.96 11.10
2018 2 24 0.00  nan -4.64 6.69 11.30
2018 2 25 0.20 33.47 6.69 11.84 11.40
2018 2 26 0.00 34.50  nan 22.14 11.50
2018 2 27 0.00  nan 15.96 25.23 11.50
2018 2 28 0.00 23.17  nan 16.99 11.50
2018 3 1 0.00  nan 12.87 26.26 11.50
2018 3 2 0.10 42.74 21.11 34.50 11.60
2018 3 3 0.00  nan 19.05 38.62 11.60
2018 3 4 0.00  nan 9.78 23.17 11.60
2018 3 5 0.10 18.02 7.72 11.84 11.60
2018 3 6 0.10 26.26  nan 14.93 11.70
2018 3 7 0.10 46.86 8.75 22.14 11.80
2018 3 8 0.00  nan 12.87 31.41 11.90
2018 3 9 0.00 41.71 16.99 32.44 11.90
2018 3 10 0.00 34.50 14.93 25.23 11.90
2018 3 11 0.00 45.83 18.02 30.38 11.90
2018 3 12 0.00  nan 24.20 31.41 11.90
2018 3 13 0.00 46.86  nan 33.47 11.90
2018 3 14 0.00  nan 29.35 39.65 11.90
2018 3 15 0.20  nan 26.26 30.38 11.80
2018 3 16 0.20  nan  nan 25.23 11.90
2018 3 17 0.00  nan 13.90 33.47 12.10
2018 3 18 0.20  nan 18.02 25.23 12.10
2018 3 19 0.20 28.32  nan 20.08 12.10
2018 3 20 0.20  nan 15.96 24.20 12.30
2018 3 21 0.00  nan 20.08 30.38 12.50
2018 3 22 0.10  nan 32.44 40.68 12.60
2018 3 23 1.00 37.59 18.02 32.44 12.60
2018 3 24 0.00 42.74 23.17 32.44 13.20
2018 3 25 0.00 44.80 15.96 34.50 13.20
2018 3 26 0.30  nan 13.90 22.14 13.20
2018 3 27 0.20 35.53 12.87 24.20 13.50
2018 3 28 0.70 30.38 18.02 24.20 13.70
2018 3 29 0.30 32.44 15.96 24.20 14.40
2018 3 30 0.00  nan 13.90 32.44 14.70
2018 3 31 0.00  nan 30.38 37.59 14.70
2018 4 1 0.00  nan 21.11 37.59 14.70
2018 4 2 0.00 46.86 12.87 35.53 14.70
2018 4 3 0.10 31.41 5.66 20.08 14.70
2018 4 4 0.10  nan 23.17 31.41 14.80
2018 4 5 0.00  nan 27.29 35.53 14.90
2018 4 6 0.70 35.53 31.41 33.47 14.90
2018 4 7 0.10  nan 32.44 35.53 15.60
2018 4 8 0.20  nan  nan 29.35 15.70
2018 4 9 0.30  nan  nan 29.35 15.80
2018 4 10 0.10 49.95 22.14 37.59 16.10
2018 4 11 0.00  nan 36.56 44.80 16.00
2018 4 12 0.00  nan 15.96 35.53 15.60
2018 4 13 0.10 28.32 15.96 21.11 15.40
2018 4 14 0.00  nan 18.02 29.35 15.40
2018 4 15 0.00 46.86 23.17 36.56 15.40
2018 4 16 0.00 54.07 34.50 45.83 15.30
2018 4 17 0.10  nan 15.96 28.32 14.80
2018 4 18 0.00 39.65 10.81 28.32 14.80
2018 4 19 0.10 59.22 32.44 44.80 15.00
2018 4 20 0.30  nan 28.32 33.47 14.60
2018 4 21 0.00 60.25 25.23 32.44 14.70
2018 4 22 0.00 53.04 29.35 41.71 14.70
2018 4 23 0.00  nan 29.35 42.74 14.20
2018 4 24 0.00 42.74 22.14 32.44 13.40
2018 4 25 0.00 54.07 20.08 36.56 13.30
2018 4 26 0.00 47.89 20.08 38.62 12.70
2018 4 27 0.00 57.16 31.41 44.80 12.10
2018 4 28 0.00 63.34 40.68 48.92 11.40
2018 4 29 0.00  nan 36.56 47.89 10.60
2018 4 30 0.00 49.95 25.23 37.59 9.80
2018 5 1 0.10  nan  nan 33.47 9.50
2018 5 2 0.30  nan 31.41 34.50 9.50
2018 5 3 0.10  nan 31.41 34.50 9.30
2018 5 4 0.00  nan  nan 40.68 9.30
2018 5 5 0.00  nan 31.41 45.83 9.00
2018 5 6 0.00 63.34 40.68 52.01 8.10
2018 5 7 0.00  nan 42.74 52.01 6.90
2018 5 8 0.00 65.40 32.44 48.92 6.20
2018 5 9 0.00 62.31 39.65 52.01 5.10
2018 5 10 0.00 67.46 38.62 52.01 4.30
2018 5 11 0.00 62.31 39.65 47.89 2.90
2018 5 12 0.00 63.34 40.68 50.98 1.70
2018 5 13 0.00 57.16 36.56 42.74 0.60
2018 5 14 0.00 55.10 33.47 42.74 0.00
2018 5 15 0.00 64.37 34.50 48.92 0.00
2018 5 16 0.00 66.43 38.62 53.04 0.00
2018 5 17 0.00 67.46 43.77 54.07 0.00
2018 5 18 0.00 63.34 39.65 49.95 0.00
2018 5 19 0.00  nan 34.50 41.71 0.00
2018 5 20 0.20  nan 33.47 42.74 0.00
2018 5 21 0.00 66.43 38.62 52.01 0.00
2018 5 22 0.10 64.37 36.56 48.92 0.00
2018 5 23 0.00 60.25 36.56 48.92 0.00
2018 5 24 0.00 64.37 39.65 52.01 0.00
2018 5 25 0.10 70.55 44.80 58.19 0.00
2018 5 26 0.00 73.64 48.92 60.25 0.00
2018 5 27 0.00 70.55 47.89 57.16 0.00
2018 5 28 0.00 62.31 35.53 47.89 0.00
2018 5 29 0.00 54.07 35.53 44.80 0.00
2018 5 30 0.00 67.46 39.65 53.04 0.00
2018 5 31 0.00 70.55 46.86 59.22 0.00
2018 6 1 0.00 61.28 34.50 48.92 0.00
2018 6 2 0.00 61.28 26.26 46.86 0.00
2018 6 3 0.00 70.55 41.71 55.10 0.00
2018 6 4 0.00 71.58 43.77 58.19 0.00
2018 6 5 0.00 75.70 50.98 61.28 0.00
2018 6 6 0.00 74.67 48.92 61.28 0.00
2018 6 7 0.00 74.67 49.95 61.28 0.00
2018 6 8 0.00 73.64 46.86 60.25 0.00
2018 6 9 0.00 75.70 50.98 63.34 0.00
2018 6 10 0.00 71.58 38.62 58.19 0.00
2018 6 11 0.00 65.40 33.47 50.98 0.00
2018 6 12 0.00 70.55 40.68 56.13 0.00
2018 6 13 0.00 75.70 48.92 62.31 0.00
2018 6 14 0.00 74.67 54.07 64.37 0.00
2018 6 15 0.00 73.64 55.10 62.31 0.00
2018 6 16 0.00 64.37 48.92 56.13 0.00
2018 6 17 0.30 63.34 47.89 52.01 0.00
2018 6 18 0.00 65.40 45.83 55.10 0.00
2018 6 19 0.00 60.25 42.74 49.95 0.00
2018 6 20 0.00 63.34 39.65 50.98 0.00
2018 6 21 0.00 72.61 43.77 58.19 0.00
2018 6 22 0.00 64.37 43.77 55.10 0.00
2018 6 23 0.00 68.49 40.68 54.07 0.00
2018 6 24 0.00 58.19 39.65 46.86 0.00
2018 6 25 0.00 70.55 38.62 56.13 0.00
2018 6 26 0.00 78.79  nan 42.74 0.00
2018 6 27 0.00 80.85 52.01 66.43 0.00
2018 6 28 0.00 80.85 53.04 66.43 0.00
2018 6 29 0.00 73.64 45.83 58.19 0.00
2018 6 30 0.00 59.22 41.71 48.92 0.00
2018 7 1 0.00 69.52 39.65 55.10 0.00
2018 7 2 0.00 76.73 44.80 60.25 0.00
2018 7 3 0.00 75.70 52.01 63.34 0.00
2018 7 4 0.00 76.73 54.07 65.40 0.00
2018 7 5 0.00 80.85 57.16 65.40 0.00
2018 7 6 0.00 77.76 52.01 65.40 0.00
2018 7 7 0.00 80.85 57.16 66.43 0.00
2018 7 8 0.00 80.85 54.07 66.43 0.00
2018 7 9 0.00 80.85 55.10 68.49 0.00
2018 7 10 0.00 81.88 55.10 65.40 0.00
2018 7 11 0.30 76.73 49.95 57.16 0.00
2018 7 12 0.10 71.58 48.92 59.22 0.00
2018 7 13 0.00 75.70 52.01 64.37 0.00
2018 7 14 0.00 79.82 53.04 65.40 0.00
2018 7 15 0.00 70.55 53.04 59.22 0.00
2018 7 16 0.00 75.70 53.04 63.34 0.00
2018 7 17 0.00 75.70 52.01 61.28 0.00
2018 7 18 0.00 77.76 50.98 63.34 0.00
2018 7 19 0.00 79.82 50.98 66.43 0.00
2018 7 20 0.00 82.91 56.13 67.46 0.00
2018 7 21 0.10 81.88 54.07 64.37 0.00
2018 7 22 0.10 74.67 50.98 60.25 0.00
2018 7 23 0.10 73.64 50.98 60.25 0.00
2018 7 24 0.00 76.73 50.98 64.37 0.00
2018 7 25 0.00 75.70 49.95 62.31 0.00
2018 7 26 0.00 74.67 48.92 61.28 0.00
2018 7 27 0.00 71.58 49.95 60.25 0.00
2018 7 28 0.00 77.76 50.98 61.28 0.00
2018 7 29 0.00 74.67 48.92 60.25 0.00
2018 7 30 0.00 69.52 44.80 57.16 0.00
2018 7 31 0.00 76.73 48.92 62.31 0.00
2018 8 1 0.00 67.46 52.01 59.22 0.00
2018 8 2 0.00 76.73 49.95 62.31 0.00
2018 8 3 0.10 68.49 47.89 55.10 0.00
2018 8 4 0.00 77.76 47.89 61.28 0.00
2018 8 5 0.00 76.73  nan 59.22 0.00
2018 8 6 0.00 70.55 47.89 58.19 0.00
2018 8 7 0.10 76.73 47.89 61.28 0.00
2018 8 8 0.00 77.76 49.95 63.34 0.00
2018 8 9 0.00 78.79 52.01 65.40 0.00
2018 8 10 0.00 78.79 50.98 64.37 0.00
2018 8 11 0.00 80.85 53.04 66.43 0.00
2018 8 12 0.00 83.94 56.13 68.49 0.00
2018 8 13 0.00 81.88 52.01 62.31 0.00
2018 8 14 0.00 73.64 50.98 61.28 0.00
2018 8 15 0.00 75.70 47.89 61.28 0.00
2018 8 16 0.00 77.76 52.01 62.31 0.00
2018 8 17 0.50 74.67 49.95 58.19 0.00
2018 8 18 0.00 65.40 42.74 53.04 0.00
2018 8 19 0.00 58.19  nan 47.89 0.00
2018 8 20 0.10  nan 40.68 55.10 0.00
2018 8 21 0.70 58.19 45.83 50.98 0.00
2018 8 22 0.40 65.40 43.77 52.01 0.00
2018 8 23 0.00 63.34 41.71 50.98 0.00
2018 8 24 0.10 70.55 44.80 53.04 0.00
2018 8 25 0.00  nan 45.83 58.19 0.00
2018 8 26 0.10 72.61 45.83 58.19 0.00
2018 8 27 0.10 66.43 44.80 54.07 0.00
2018 8 28 0.00 64.37 39.65 50.98 0.00
2018 8 29 0.00 70.55 43.77 56.13 0.00
2018 8 30 0.00 71.58 46.86 59.22 0.00
2018 8 31 0.00 72.61 49.95 59.22 0.00
2018 9 1 0.00 67.46 46.86 55.10 0.00
2018 9 2 0.00 68.49 43.77 55.10 0.00
2018 9 3 0.00 65.40 45.83 54.07 0.00
2018 9 4 0.10 69.52 44.80 57.16 0.00
2018 9 5 0.00 66.43  nan 46.86 0.00
2018 9 6 0.00 66.43 45.83 53.04 0.00
2018 9 7 0.00 78.79 44.80 56.13 0.00
2018 9 8 0.00 72.61 46.86 56.13 0.00
2018 9 9 0.00 70.55 45.83 57.16 0.00
2018 9 10 0.00 74.67 47.89 59.22 0.00
2018 9 11 0.00 75.70 53.04 61.28 0.00
2018 9 12 0.00 74.67 49.95 60.25 0.00
2018 9 13 0.00 72.61 48.92 59.22 0.00
2018 9 14 0.00 74.67 46.86 59.22 0.00
2018 9 15 0.00 77.76 48.92 61.28 0.00
2018 9 16 0.00 75.70 49.95 61.28 0.00
2018 9 17 0.00 73.64 48.92 58.19 0.00
2018 9 18 0.00 73.64 48.92 59.22 0.00
2018 9 19 0.00 70.55 49.95 57.16 0.00
2018 9 20 0.00 59.22 37.59 48.92 0.00
2018 9 21 0.00 66.43 34.50 49.95 0.00
2018 9 22 0.00 69.52 43.77 55.10 0.00
2018 9 23 0.10 69.52 42.74 55.10 0.00
2018 9 24 0.30 61.28 33.47 46.86 0.00
2018 9 25 0.00 62.31 28.32 39.65 0.00
2018 9 26 0.00 59.22 33.47 44.80 0.00
2018 9 27 0.00 61.28 35.53 47.89 0.00
2018 9 28 0.00 66.43 40.68 50.98 0.00
2018 9 29 0.00 66.43 46.86 56.13 0.00
2018 9 30 0.00 67.46 45.83 55.10 0.00
