2014 10 15  nan 61.28 45.83 48.92  nan
2014 10 16 0.10 56.13 43.77 48.92 0.00
2014 10 17 0.00 55.10 44.80 47.89 0.00
2014 10 18 0.00 49.95 42.74 45.83 0.00
2014 10 19 0.00 53.04 42.74 45.83 0.00
2014 10 20 0.00 52.01 42.74 45.83 0.00
2014 10 21 0.00 49.95 42.74 44.80 0.00
2014 10 22 0.00 50.98 40.68 44.80 0.00
2014 10 23 0.00 56.13 42.74 49.95 0.00
2014 10 24 0.00 59.22 47.89 52.01 0.00
2014 10 25 0.00 55.10 43.77 49.95 0.00
2014 10 26 0.00 49.95 36.56 43.77 0.00
2014 10 27 0.00 40.68 32.44 36.56 0.00
2014 10 28 0.00 44.80 33.47 39.65 0.00
2014 10 29 0.00 49.95 38.62 44.80 0.00
2014 10 30 0.00 52.01 42.74 46.86 0.00
2014 10 31 0.00 50.98 43.77 46.86 0.00
2014 11 1 0.10 45.83 34.50 41.71 0.00
2014 11 2 0.40 34.50 22.14 29.35 0.00
2014 11 3 0.00 30.38 20.08 24.20 0.10
2014 11 4 0.10 40.68 21.11 31.41 0.20
2014 11 5 0.00 45.83 32.44 38.62 0.20
2014 11 6 0.00 52.01 40.68 45.83 0.00
2014 11 7 0.00 50.98 37.59 44.80 0.00
2014 11 8 0.00 47.89 34.50 42.74 0.00
2014 11 9 0.00 52.01 43.77 46.86 0.00
2014 11 10 0.00 45.83 25.23 37.59 0.00
2014 11 11 0.00 44.80 31.41 37.59 0.00
2014 11 12 0.00 39.65 29.35 33.47 0.00
2014 11 13 0.10 39.65 30.38 33.47 0.00
2014 11 14 0.30 34.50 28.32 31.41 0.00
2014 11 15 0.10 34.50 12.87 27.29 0.70
2014 11 16 0.00 23.17 4.63 14.93 0.70
2014 11 17 0.00 28.32 16.99 23.17 0.70
2014 11 18 0.00 37.59 22.14 30.38 0.70
2014 11 19 0.00 39.65 29.35 33.47 0.70
2014 11 20 0.00 39.65 27.29 32.44 0.70
2014 11 21 0.10 37.59 27.29 31.41 0.70
2014 11 22 0.00 42.74 23.17 32.44 0.80
2014 11 23 0.10 24.20 13.90 19.05 0.70
2014 11 24 0.00 23.17 15.96 19.05 0.80
2014 11 25 0.00 35.53 18.02 30.38 0.80
2014 11 26 0.00 42.74 33.47 38.62 0.80
2014 11 27 0.00 49.95 38.62 45.83 0.80
2014 11 28 0.00 48.92 36.56 43.77 0.80
2014 11 29 0.00 40.68 33.47 36.56 0.80
2014 11 30 0.00 36.56 30.38 33.47 0.80
2014 12 1 0.00 38.62 27.29 33.47 0.80
2014 12 2 0.00 45.83 28.32 37.59 0.80
2014 12 3 0.10 40.68 26.26 34.50 0.80
2014 12 4 0.10 37.59 31.41 34.50 0.80
2014 12 5 0.00 36.56 29.35 31.41 0.80
2014 12 6 0.00 35.53 29.35 31.41 0.80
2014 12 7 0.00 38.62 29.35 33.47 0.80
2014 12 8 0.00 43.77 31.41 35.53 0.80
2014 12 9 0.00 41.71 31.41 35.53 0.80
2014 12 10 0.00 41.71 32.44 35.53 0.80
2014 12 11 0.00 42.74 34.50 36.56 0.80
2014 12 12 0.00 40.68 31.41 35.53 0.80
2014 12 13 0.50 31.41 18.02 25.23 0.80
2014 12 14 0.10 25.23 14.93 19.05 1.10
2014 12 15 0.00 32.44 13.90 23.17 1.20
2014 12 16 0.00 31.41 22.14 26.26 1.00
2014 12 17 0.20 27.29 20.08 23.17 1.00
2014 12 18 0.00 25.23 18.02 21.11 1.20
2014 12 19 0.00 31.41 16.99 24.20 1.20
2014 12 20 0.00 34.50 26.26 29.35 1.20
2014 12 21 0.10 38.62 26.26 33.47 1.20
2014 12 22 0.00 34.50 15.96 27.29 0.90
2014 12 23 0.00 25.23 11.84 16.99 0.80
2014 12 24 0.00 39.65 22.14 30.38 0.80
2014 12 25 0.30 23.17 8.75 14.93 0.80
2014 12 26 0.00 12.87 1.54 8.75 1.10
2014 12 27 0.10 23.17 0.51 10.81 1.10
2014 12 28 0.00 25.23 14.93 21.11 1.20
2014 12 29 0.00 19.05 6.69 11.84 1.20
2014 12 30 0.20 8.75 0.51 5.66 1.20
2014 12 31 0.70 14.93 2.57 8.75 1.30
2015 1 1 0.60 18.02 8.75 11.84 2.20
2015 1 2 0.00 27.29 8.75 15.96 2.90
2015 1 3 0.00 29.35 19.05 25.23 2.90
2015 1 4 0.00 39.65 24.20 33.47 2.90
2015 1 5 0.00 44.80 30.38 37.59 2.90
2015 1 6 0.00 47.89 34.50 40.68 2.90
2015 1 7 0.00 48.92 37.59 41.71 2.90
2015 1 8 0.00 49.95 36.56 40.68 2.90
2015 1 9 0.00 41.71 33.47 36.56 2.90
2015 1 10 0.10 40.68 28.32 33.47 2.90
2015 1 11 0.10 36.56 26.26 29.35 2.90
2015 1 12 0.30 31.41 25.23 28.32 2.90
2015 1 13 0.30 25.23 20.08 22.14 3.20
2015 1 14 0.00 30.38 21.11 25.23 3.50
2015 1 15 0.00 41.71 28.32 34.50 3.50
2015 1 16 0.00 43.77 31.41 37.59 3.50
2015 1 17 0.00 39.65 27.29 33.47 3.50
2015 1 18 0.00 45.83 33.47 38.62 3.50
2015 1 19 0.00 43.77 26.26 35.53 3.50
2015 1 20 0.00 33.47 22.14 27.29 3.50
2015 1 21 0.00 26.26 8.75 18.02 3.50
2015 1 22 0.00 28.32 5.66 18.02 3.50
2015 1 23 0.00 35.53 21.11 28.32 3.50
2015 1 24 0.00 41.71 21.11 33.47 3.50
2015 1 25 0.00 42.74 33.47 38.62 3.50
2015 1 26 0.00 47.89 35.53 40.68 3.50
2015 1 27 0.00 39.65 29.35 33.47 3.50
2015 1 28 0.00 36.56 26.26 30.38 3.50
2015 1 29 0.30 37.59 26.26 30.38 3.50
2015 1 30 0.50 30.38 24.20 26.26 3.70
2015 1 31 0.20 29.35 24.20 27.29 4.30
2015 2 1 0.00 35.53 24.20 30.38 4.50
2015 2 2 0.00 40.68 30.38 34.50 4.50
2015 2 3 0.00 40.68 31.41 35.53 4.50
2015 2 4 0.00 43.77 33.47 37.59 4.50
2015 2 5 0.00 49.95 38.62 42.74 4.50
2015 2 6 0.00 46.86 37.59 40.68 4.40
2015 2 7 0.00 47.89 36.56 41.71 4.00
2015 2 8 0.00 45.83 34.50 39.65 3.70
2015 2 9 0.00 44.80 36.56 39.65 3.70
2015 2 10 0.00 40.68 25.23 31.41 3.70
2015 2 11 0.00 34.50 21.11 28.32 3.60
2015 2 12 0.00 45.83 28.32 38.62 3.60
2015 2 13 0.00 48.92 36.56 42.74 3.60
2015 2 14 0.00 53.04 39.65 44.80 3.60
2015 2 15 0.00 43.77 27.29 35.53 3.60
2015 2 16 0.00 29.35 14.93 23.17 3.60
2015 2 17 0.00 33.47 14.93 25.23 3.60
2015 2 18 0.00 44.80 30.38 38.62 3.60
2015 2 19 0.00 46.86 36.56 40.68 3.60
2015 2 20 0.00 39.65 23.17 33.47 3.60
2015 2 21 0.00 29.35 21.11 24.20 3.50
2015 2 22 0.50 21.11 11.84 16.99 3.40
2015 2 23 0.20 29.35 11.84 18.02 4.20
2015 2 24 0.00 31.41 13.90 23.17 4.40
2015 2 25 0.00 33.47 23.17 28.32 4.40
2015 2 26 0.10 29.35 18.02 22.14 4.40
2015 2 27 0.10 29.35 14.93 19.05 4.50
2015 2 28 0.30 26.26 16.99 21.11 4.60
2015 3 1 0.50 28.32 19.05 23.17 4.90
2015 3 2 1.20 29.35 18.02 25.23 5.40
2015 3 3 0.30 25.23 9.78 18.02 6.50
2015 3 4 0.00 27.29 9.78 16.99 6.80
2015 3 5 0.00 36.56 22.14 29.35 6.80
2015 3 6 0.00 39.65 28.32 32.44 6.80
2015 3 7 0.00 42.74 29.35 34.50 6.80
2015 3 8 0.00 43.77 30.38 35.53 6.80
2015 3 9 0.00 40.68 29.35 33.47 6.80
2015 3 10 0.00 45.83 32.44 37.59 6.70
2015 3 11 0.00 44.80 34.50 39.65 6.70
2015 3 12 0.10 37.59 30.38 33.47 6.70
2015 3 13 0.00 41.71 29.35 34.50 6.90
2015 3 14 0.00 47.89 32.44 39.65 6.90
2015 3 15 0.00 52.01 38.62 44.80 6.80
2015 3 16 0.00 53.04 39.65 45.83 6.70
2015 3 17 0.00 54.07 40.68 45.83 6.60
2015 3 18 0.00 47.89 33.47 40.68 6.50
2015 3 19 0.00 39.65 28.32 34.50 6.40
2015 3 20 0.00 46.86 30.38 37.59 6.40
2015 3 21 0.00  nan  nan  nan 6.40
2015 3 22 0.00  nan  nan  nan 6.30
2015 3 23 0.00 46.86 31.41 37.59 6.10
2015 3 24 0.00 44.80 30.38 36.56 6.10
2015 3 25 0.00 36.56 27.29 30.38 6.00
2015 3 26 0.00 49.95 27.29 38.62 6.00
2015 3 27 0.00 54.07 39.65 45.83 5.90
2015 3 28 0.00 57.16 43.77 49.95 5.60
2015 3 29 0.00 55.10 40.68 46.86 5.10
2015 3 30 0.00 56.13 43.77 47.89 4.80
2015 3 31 0.00 54.07 41.71 47.89 4.40
2015 4 1 0.00 45.83 33.47 40.68 3.60
2015 4 2 0.10 38.62 18.02 30.38 3.10
2015 4 3 0.00 33.47 14.93 26.26 2.90
2015 4 4 0.00 43.77 29.35 37.59 2.80
2015 4 5 0.00 46.86 33.47 39.65 2.40
2015 4 6 0.00 45.83 31.41 37.59 1.90
2015 4 7 0.00 42.74 28.32 34.50 1.50
2015 4 8 0.00 31.41 22.14 26.26 1.20
2015 4 9 0.00 39.65 23.17 31.41 1.10
2015 4 10 0.00 46.86 30.38 38.62 1.00
2015 4 11 0.00 47.89 36.56 41.71 0.70
2015 4 12 0.00 46.86 33.47 39.65 0.40
2015 4 13 0.00 52.01 35.53 43.77 0.20
2015 4 14 0.00 50.98 15.96 40.68 0.00
2015 4 15 0.00 23.17 11.84 15.96 0.00
2015 4 16 0.20 29.35 12.87 20.08 0.00
2015 4 17 0.40 34.50 22.14 27.29 0.30
2015 4 18 0.00 44.80 28.32 35.53 0.90
2015 4 19 0.00 46.86 28.32 37.59 0.90
2015 4 20 0.00 48.92 36.56 42.74 0.20
2015 4 21 0.00 53.04 40.68 44.80 0.00
2015 4 22 0.00 49.95 36.56 42.74 0.00
2015 4 23 0.00 46.86 35.53 39.65 0.00
2015 4 24 0.00 45.83 32.44 38.62 0.00
2015 4 25 0.90 39.65 27.29 32.44 0.00
2015 4 26 0.00 35.53 26.26 30.38 0.50
2015 4 27 0.00 44.80 28.32 35.53 0.40
2015 4 28 0.00 48.92 32.44 40.68 0.00
2015 4 29 0.00 57.16 41.71 48.92 0.00
2015 4 30 0.00 58.19 46.86 52.01 0.00
2015 5 1 0.00 59.22 44.80 50.98 0.00
2015 5 2 0.00 60.25 47.89 52.01 0.00
2015 5 3 0.00 55.10 42.74 47.89 0.00
2015 5 4 0.70 46.86 36.56 40.68 0.00
2015 5 5 0.00 44.80 36.56 38.62 0.00
2015 5 6 0.10 46.86 35.53 40.68 0.00
2015 5 7 0.00 47.89 35.53 40.68 0.00
2015 5 8 0.10 42.74 23.17 34.50 0.00
2015 5 9 0.30 39.65 22.14 29.35 0.00
2015 5 10 0.00 43.77 27.29 33.47 0.00
2015 5 11 0.00 49.95 31.41 41.71 0.00
2015 5 12 0.00 54.07 41.71 46.86 0.00
2015 5 13 0.00 50.98 37.59 43.77 0.00
2015 5 14 0.80 42.74 31.41 37.59 0.00
2015 5 15 0.60 35.53 26.26 30.38 0.10
2015 5 16 0.10 40.68 26.26 33.47 0.30
2015 5 17 0.00 47.89 34.50 40.68 0.10
2015 5 18 0.10 45.83 33.47 39.65 0.00
2015 5 19 0.00 44.80 32.44 37.59 0.00
2015 5 20 0.00 49.95 35.53 42.74 0.00
2015 5 21 0.00 49.95 39.65 44.80 0.00
2015 5 22 0.20 48.92 31.41 39.65 0.00
2015 5 23 0.30 39.65 29.35 32.44 0.00
2015 5 24 0.30 47.89 29.35 36.56 0.20
2015 5 25 0.10 47.89 35.53 41.71 0.00
2015 5 26 0.00 50.98 39.65 43.77 0.00
2015 5 27 0.00 55.10 40.68 46.86 0.00
2015 5 28 0.00 55.10 41.71 46.86 0.00
2015 5 29 0.00 56.13 39.65 47.89 0.00
2015 5 30 0.00 61.28 46.86 53.04 0.00
2015 5 31 0.00 66.43 53.04 59.22 0.00
2015 6 1 0.00 67.46 52.01 59.22 0.00
2015 6 2 0.00 63.34 48.92 55.10 0.00
2015 6 3 0.00 60.25 48.92 54.07 0.00
2015 6 4 0.00 61.28 47.89 54.07 0.00
2015 6 5 0.50 50.98 37.59 42.74 0.00
2015 6 6 0.60 46.86 35.53 41.71 0.00
2015 6 7 0.40 53.04 36.56 44.80 0.00
2015 6 8 0.00 61.28 43.77 53.04 0.00
2015 6 9 0.00 65.40 46.86 55.10 0.00
2015 6 10 0.30 56.13 44.80 48.92 0.00
2015 6 11 0.00 53.04 43.77 46.86 0.00
2015 6 12 0.00 59.22 42.74 49.95 0.00
2015 6 13 0.40 63.34 45.83 55.10 0.00
2015 6 14 0.20 64.37 45.83 55.10 0.00
2015 6 15 0.00 66.43 50.98 59.22 0.00
2015 6 16 0.00 69.52 57.16 62.31 0.00
2015 6 17 0.00 71.58 57.16 64.37 0.00
2015 6 18 0.00 71.58 59.22 65.40 0.00
2015 6 19 0.00 71.58 60.25 65.40 0.00
2015 6 20 0.00 74.67 61.28 67.46 0.00
2015 6 21 0.00 73.64 61.28 67.46 0.00
2015 6 22 0.00 73.64 60.25 67.46 0.00
2015 6 23 0.00 73.64 61.28 66.43 0.00
2015 6 24 0.00 71.58 61.28 64.37 0.00
2015 6 25 0.00 74.67 59.22 66.43 0.00
2015 6 26 0.00 74.67 61.28 66.43 0.00
2015 6 27 0.00 74.67 61.28 67.46 0.00
2015 6 28 0.00 75.70 62.31 67.46 0.00
2015 6 29 0.00 76.73 64.37 68.49 0.00
2015 6 30 0.00 78.79 63.34 68.49 0.00
2015 7 1 0.00 75.70 61.28 67.46 0.00
2015 7 2 0.00 74.67 59.22 66.43 0.00
2015 7 3 0.10 73.64 57.16 65.40 0.00
2015 7 4 0.40 70.55 50.98 62.31 0.00
2015 7 5 0.70 66.43 48.92 57.16 0.00
2015 7 6 0.20 62.31 47.89 55.10 0.00
2015 7 7 0.20 57.16 45.83 50.98 0.00
2015 7 8 0.00 61.28 48.92 54.07 0.00
2015 7 9 0.60 61.28 40.68 48.92 0.00
2015 7 10 0.00 58.19 41.71 49.95 0.00
2015 7 11 0.00 62.31 43.77 54.07 0.00
2015 7 12 0.00 65.40 49.95 57.16 0.00
2015 7 13 0.00 66.43 53.04 59.22 0.00
2015 7 14 0.10 64.37 49.95 56.13 0.00
2015 7 15 0.00 66.43 49.95 57.16 0.00
2015 7 16 0.00 67.46 55.10 60.25 0.00
2015 7 17 0.00 69.52 56.13 61.28 0.00
2015 7 18 0.10 65.40 48.92 55.10 0.00
2015 7 19 0.10 60.25 47.89 53.04 0.00
2015 7 20 0.10 62.31 47.89 53.04 0.00
2015 7 21 0.00 62.31 46.86 54.07 0.00
2015 7 22 0.00 65.40 50.98 57.16 0.00
2015 7 23 0.00 66.43 52.01 59.22 0.00
2015 7 24 0.00 68.49 55.10 60.25 0.00
2015 7 25 0.00 69.52 55.10 61.28 0.00
2015 7 26 0.00 70.55 58.19 63.34 0.00
2015 7 27 0.00 68.49 54.07 60.25 0.00
2015 7 28 0.00 67.46 49.95 58.19 0.00
2015 7 29 0.00 69.52 54.07 61.28 0.00
2015 7 30 0.00 72.61 56.13 63.34 0.00
2015 7 31 0.00 71.58 58.19 63.34 0.00
2015 8 1 0.10 68.49 56.13 60.25 0.00
2015 8 2 1.70 57.16 46.86 52.01 0.00
2015 8 3 0.00 63.34 48.92 55.10 0.00
2015 8 4 0.00 68.49 55.10 61.28 0.00
2015 8 5 0.00 70.55 58.19 62.31 0.00
2015 8 6 0.00 69.52 56.13 62.31 0.00
2015 8 7 0.50 59.22 45.83 52.01 0.00
2015 8 8 0.00 58.19 46.86 53.04 0.00
2015 8 9 0.00 63.34 49.95 56.13 0.00
2015 8 10 0.00 67.46 53.04 58.19 0.00
2015 8 11 0.00 60.25 49.95 54.07 0.00
2015 8 12 0.00 61.28 48.92 54.07 0.00
2015 8 13 0.60 65.40 50.98 58.19 0.00
2015 8 14 0.00 70.55 59.22 64.37 0.00
2015 8 15 0.00 72.61 54.07 64.37 0.00
2015 8 16 0.00 72.61 61.28 65.40 0.00
2015 8 17 0.00 72.61 59.22 64.37 0.00
2015 8 18 0.00 67.46 54.07 60.25 0.00
2015 8 19 0.00 64.37 47.89 57.16 0.00
2015 8 20 0.00 69.52 56.13 61.28 0.00
2015 8 21 0.00 70.55 54.07 61.28 0.00
2015 8 22 0.00 69.52 57.16 61.28 0.00
2015 8 23 0.20 69.52 53.04 59.22 0.00
2015 8 24 0.60 68.49 49.95 61.28 0.00
2015 8 25 0.20 70.55 49.95 62.31 0.00
2015 8 26 0.40 57.16 47.89 50.98 0.00
2015 8 27 0.00 63.34 52.01 57.16 0.00
2015 8 28 0.00 65.40 53.04 58.19 0.00
2015 8 29 0.00 68.49 56.13 61.28 0.00
2015 8 30 0.00 68.49 53.04 59.22 0.00
2015 8 31 0.20 64.37 52.01 57.16 0.00
2015 9 1 0.00 66.43 47.89 57.16 0.00
2015 9 2 0.00 64.37 53.04 57.16 0.00
2015 9 3 0.00 61.28 50.98 55.10 0.00
2015 9 4 0.00 60.25 48.92 53.04 0.00
2015 9 5 0.00 58.19 46.86 52.01 0.00
2015 9 6 0.00 61.28 46.86 53.04 0.00
2015 9 7 0.00 60.25 47.89 54.07 0.00
2015 9 8 0.00 63.34 49.95 56.13 0.00
2015 9 9 0.00 66.43 54.07 59.22 0.00
2015 9 10 0.00 66.43 55.10 59.22 0.00
2015 9 11 0.00 67.46 54.07 60.25 0.00
2015 9 12 0.00 70.55 57.16 62.31 0.00
2015 9 13 0.00 70.55 52.01 61.28 0.00
2015 9 14 0.30 57.16 42.74 49.95 0.00
2015 9 15 0.60 49.95 42.74 45.83 0.00
2015 9 16 0.00 53.04 44.80 47.89 0.00
2015 9 17 0.00  nan  nan  nan 0.00
2015 9 18 0.00  nan  nan  nan 0.00
2015 9 19 0.00 59.22 46.86 52.01 0.00
2015 9 20 0.00 62.31 48.92 55.10 0.00
2015 9 21 0.00 64.37 53.04 57.16 0.00
2015 9 22 0.00 62.31 52.01 55.10 0.00
2015 9 23 0.00 64.37 50.98 57.16 0.00
2015 9 24 0.00 66.43 55.10 59.22 0.00
2015 9 25 0.00 67.46 55.10 59.22 0.00
2015 9 26 0.00 66.43 54.07 58.19 0.00
2015 9 27 0.00 65.40 54.07 58.19 0.00
2015 9 28 0.00 65.40 52.01 58.19 0.00
2015 9 29 0.00 64.37 54.07 58.19 0.00
2015 9 30 0.00 64.37 53.04 58.19 0.00
2015 10 1 0.10 64.37 52.01 58.19 0.00
2015 10 2 0.10 54.07 40.68 48.92 0.00
2015 10 3 0.00 52.01 37.59 44.80 0.00
2015 10 4 0.10 55.10 41.71 46.86 0.00
2015 10 5 2.20 43.77 36.56 39.65 0.00
2015 10 6 0.00 45.83 36.56 39.65 0.00
2015 10 7 0.00 52.01 36.56 43.77 0.00
2015 10 8 0.00 54.07 42.74 47.89 0.00
2015 10 9 0.10 56.13 44.80 50.98 0.00
2015 10 10 0.00 58.19 47.89 52.01 0.00
2015 10 11 0.00 59.22 47.89 53.04 0.00
2015 10 12 0.00 61.28 48.92 54.07 0.00
2015 10 13 0.00 61.28 50.98 55.10 0.00
2015 10 14 0.00 61.28 52.01 55.10 0.00
2015 10 15 0.00 59.22 49.95 53.04 0.00
2015 10 16 0.00 57.16 44.80 49.95 0.00
2015 10 17 0.40 45.83 40.68 42.74 0.00
2015 10 18 0.70 50.98 38.62 43.77 0.00
2015 10 19 1.50 42.74 34.50 38.62 0.00
2015 10 20 0.50 39.65 32.44 36.56 0.00
2015 10 21 0.30 36.56 32.44 35.53 0.00
2015 10 22 0.30 42.74 33.47 36.56 0.00
2015 10 23 0.00 40.68 32.44 36.56 0.00
2015 10 24 0.00 44.80 34.50 39.65 0.00
2015 10 25 0.10 45.83 35.53 40.68 0.00
2015 10 26 0.20 46.86 33.47 40.68 0.00
2015 10 27 0.00 45.83 33.47 39.65 0.00
2015 10 28 0.00 45.83 34.50 40.68 0.00
2015 10 29 0.40 37.59 28.32 33.47 0.00
2015 10 30 0.00 35.53 26.26 30.38 0.30
2015 10 31 0.00 46.86 31.41 39.65 0.30
2015 11 1 0.00 53.04 40.68 45.83 0.00
2015 11 2 0.00 47.89 36.56 42.74 0.00
2015 11 3 0.50 38.62 27.29 33.47 0.00
2015 11 4 0.10 30.38 21.11 25.23 0.40
2015 11 5 0.10 31.41 18.02 23.17 0.50
2015 11 6 0.00 27.29 16.99 22.14 0.60
2015 11 7 0.00 33.47 18.02 25.23 0.60
2015 11 8 0.00 36.56 25.23 32.44 0.60
2015 11 9 0.00 36.56 29.35 33.47 0.50
2015 11 10 0.70 31.41 15.96 24.20 0.30
2015 11 11 0.00 30.38 15.96 25.23 1.00
2015 11 12 0.00 36.56 26.26 30.38 1.00
2015 11 13 0.00 39.65 27.29 32.44 1.00
2015 11 14 0.00 40.68 29.35 34.50 1.00
2015 11 15 0.40 37.59 25.23 30.38 1.00
2015 11 16 0.20 27.29 18.02 22.14 1.40
2015 11 17 0.00 31.41 18.02 26.26 1.60
2015 11 18 0.00 34.50 25.23 31.41 1.60
2015 11 19 0.00 42.74 28.32 36.56 1.60
2015 11 20 0.00 39.65 22.14 32.44 1.60
2015 11 21 0.00 38.62 19.05 30.38 1.50
2015 11 22 0.00 43.77 33.47 37.59 1.50
2015 11 23 0.10 43.77 33.47 38.62 1.50
2015 11 24 0.00 35.53 30.38 33.47 1.50
2015 11 25 0.00 35.53 18.02 28.32 1.50
2015 11 26 0.00 25.23 14.93 19.05 1.50
2015 11 27 0.10 22.14 11.84 15.96 1.50
2015 11 28 0.00 20.08 9.78 14.93 1.60
2015 11 29 0.20 19.05 4.63 10.81 1.60
2015 11 30 0.00 24.20 5.66 15.96 1.70
2015 12 1 0.00 31.41 15.96 24.20 1.70
2015 12 2 0.00 38.62 26.26 32.44 1.70
2015 12 3 0.00 41.71 29.35 35.53 1.70
2015 12 4 0.00 36.56 27.29 32.44 1.70
2015 12 5 0.00 30.38 20.08 24.20 1.70
2015 12 6 0.00 42.74 25.23 37.59 1.70
2015 12 7 0.00 43.77 33.47 39.65 1.70
2015 12 8 0.00 44.80 34.50 38.62 1.70
2015 12 9 0.00 49.95 36.56 44.80 1.70
2015 12 10 0.10 46.86 31.41 37.59 1.60
2015 12 11 0.10 31.41 16.99 24.20 1.60
2015 12 12 0.00 19.05 14.93 16.99 1.70
2015 12 13 0.00 41.71 15.96 29.35 1.70
2015 12 14 0.90 24.20 10.81 15.96 1.70
2015 12 15 0.00 16.99 7.72 11.84 2.50
2015 12 16 0.00 19.05 5.66 11.84 2.50
2015 12 17 0.00 27.29 9.78 18.02 2.50
2015 12 18 0.00 40.68 24.20 32.44 2.50
2015 12 19 0.00 37.59 28.32 32.44 2.50
2015 12 20 0.00 28.32 20.08 23.17 2.50
2015 12 21 0.00 30.38 20.08 25.23 2.50
2015 12 22 0.90 30.38 22.14 25.23 2.50
2015 12 23 0.00 24.20 7.72 15.96 3.40
2015 12 24 0.20 22.14 7.72 14.93 3.40
2015 12 25 0.70 15.96 3.60 10.81 3.60
2015 12 26 0.00 7.72 -0.52 3.60 4.30
2015 12 27 0.00 28.32 6.69 19.05 4.30
2015 12 28 0.00 22.14 11.84 16.99 4.30
2015 12 29 0.00 19.05 8.75 12.87 4.30
2015 12 30 0.20 16.99 6.69 10.81 4.30
2015 12 31 0.00 12.87 2.57 5.66 4.50
2016 1 1 0.00 18.02 1.54 11.84 4.50
2016 1 2 0.00 36.56 14.93 27.29 4.50
2016 1 3 0.00 37.59 27.29 32.44 4.50
2016 1 4 0.10 30.38 22.14 25.23 4.50
2016 1 5 0.20 29.35 22.14 24.20 4.60
2016 1 6 0.10 30.38 19.05 24.20 4.80
2016 1 7 0.10 24.20 13.90 19.05 4.90
2016 1 8 0.10 21.11 12.87 15.96 5.00
2016 1 9 0.00 22.14 10.81 14.93 5.10
2016 1 10 0.00 21.11 9.78 14.93 5.10
2016 1 11 0.00 30.38 16.99 26.26 5.10
2016 1 12 0.00 39.65 27.29 31.41 5.10
2016 1 13 0.00 39.65 29.35 32.44 5.10
2016 1 14 0.00 31.41 16.99 22.14 5.10
2016 1 15 0.10 25.23 15.96 21.11 5.10
2016 1 16 0.00 30.38 15.96 25.23 5.20
2016 1 17 0.00 34.50 24.20 29.35 5.20
2016 1 18 0.00 35.53 22.14 29.35 5.20
2016 1 19 0.20 34.50 20.08 25.23 5.20
2016 1 20 0.00 27.29 15.96 22.14 5.20
2016 1 21 0.00 33.47 16.99 26.26 5.20
2016 1 22 0.00 41.71 30.38 35.53 5.20
2016 1 23 0.00 37.59 25.23 33.47 5.20
2016 1 24 0.10 26.26 14.93 21.11 5.20
2016 1 25 0.00 20.08 11.84 14.93 5.30
2016 1 26 0.00 30.38 13.90 23.17 5.30
2016 1 27 0.00 41.71 28.32 35.53 5.30
2016 1 28 0.00 43.77 34.50 38.62 5.30
2016 1 29 0.00 43.77 31.41 36.56 5.30
2016 1 30 0.00 40.68 20.08 32.44 5.30
2016 1 31 0.90 26.26 13.90 20.08 5.30
2016 2 1 0.20 23.17 4.63 13.90 6.00
2016 2 2 0.00 8.75 1.54 3.60 6.20
2016 2 3 0.00 14.93 0.51 8.75 6.20
2016 2 4 0.30 24.20 11.84 15.96 6.20
2016 2 5 0.00 26.26 12.87 19.05 6.50
2016 2 6 0.00 38.62 25.23 31.41 6.50
2016 2 7 0.00 36.56 28.32 32.44 6.50
2016 2 8 0.00 41.71 31.41 36.56 6.50
2016 2 9 0.00 48.92 35.53 41.71 6.50
2016 2 10 0.00 48.92 37.59 42.74 6.50
2016 2 11 0.00 49.95 37.59 42.74 6.50
2016 2 12 0.00 53.04 38.62 44.80 6.50
2016 2 13 0.00 45.83 32.44 39.65 6.50
2016 2 14 0.00  nan  nan  nan 6.50
2016 2 15 0.00  nan  nan  nan 6.50
2016 2 16 0.00 49.95 35.53 42.74 6.50
2016 2 17 0.00 45.83 37.59 41.71 6.50
2016 2 18 0.20 38.62 26.26 32.44 6.50
2016 2 19 0.00 39.65 28.32 34.50 6.70
2016 2 20 0.00 44.80 31.41 36.56 6.70
2016 2 21 0.00 40.68 29.35 34.50 6.70
2016 2 22 0.10 30.38 15.96 24.20 6.70
2016 2 23 0.00 24.20 12.87 18.02 6.80
2016 2 24 0.00 36.56 18.02 28.32 6.80
2016 2 25 0.00 41.71 31.41 35.53 6.80
2016 2 26 0.00 44.80 32.44 38.62 6.80
2016 2 27 0.00 47.89 35.53 41.71 6.70
2016 2 28 0.00 42.74 31.41 36.56 6.60
2016 2 29 0.00 43.77 32.44 36.56 6.60
2016 3 1 0.00 45.83 32.44 38.62 6.60
2016 3 2 0.00 43.77 35.53 39.65 6.60
2016 3 3 0.00 49.95 36.56 41.71 6.60
2016 3 4 0.00 46.86 35.53 40.68 6.50
2016 3 5 0.00 43.77 34.50 38.62 6.50
2016 3 6 0.10 35.53 23.17 31.41 6.40
2016 3 7 0.30 35.53 19.05 26.26 6.50
2016 3 8 0.00 35.53 21.11 27.29 6.80
2016 3 9 0.00 40.68 26.26 32.44 6.80
2016 3 10 0.00 46.86 30.38 38.62 6.70
2016 3 11 0.00 45.83 34.50 40.68 6.50
2016 3 12 0.20 40.68 28.32 33.47 6.30
2016 3 13 0.00 40.68 28.32 34.50 6.50
2016 3 14 0.10 39.65 21.11 32.44 6.50
2016 3 15 0.00 34.50 16.99 26.26 6.60
2016 3 16 0.00 36.56 18.02 29.35 6.60
2016 3 17 0.00 44.80 31.41 36.56 6.60
2016 3 18 0.00 43.77 30.38 35.53 6.30
2016 3 19 0.00 43.77 29.35 35.53 6.10
2016 3 20 0.00 47.89 32.44 41.71 5.90
2016 3 21 0.00 47.89 38.62 42.74 5.60
2016 3 22 0.20 39.65 16.99 29.35 5.20
2016 3 23 0.00 30.38 14.93 23.17 5.40
2016 3 24 0.00 38.62 20.08 29.35 5.50
2016 3 25 0.00 36.56 19.05 29.35 5.20
2016 3 26 0.20 27.29 16.99 21.11 5.20
2016 3 27 0.00 41.71 20.08 31.41 5.40
2016 3 28 0.10 40.68 28.32 33.47 5.40
2016 3 29 0.30 28.32 16.99 21.11 5.40
2016 3 30 0.00 33.47 15.96 23.17 5.70
2016 3 31 0.20 34.50 21.11 26.26 5.50
2016 4 1 0.00 33.47 19.05 27.29 5.60
2016 4 2 0.00 44.80 26.26 35.53 5.50
2016 4 3 0.00 49.95 36.56 41.71 5.50
2016 4 4 0.00 49.95 38.62 44.80 5.40
2016 4 5 0.00 45.83 31.41 38.62 5.10
2016 4 6 0.00 49.95 34.50 42.74 4.60
2016 4 7 0.00 50.98 38.62 44.80 3.70
2016 4 8 0.10 49.95 34.50 40.68 3.10
2016 4 9 0.00 40.68 32.44 35.53 2.80
2016 4 10 0.00 44.80 32.44 37.59 2.80
2016 4 11 0.00 47.89 33.47 38.62 2.30
2016 4 12 0.00 48.92 36.56 40.68 2.00
2016 4 13 0.00 48.92 38.62 42.74 1.80
2016 4 14 0.00 45.83 30.38 39.65 1.30
2016 4 15 0.70 30.38 21.11 24.20 1.10
2016 4 16 0.00 34.50 21.11 26.26 1.80
2016 4 17 0.00 30.38 20.08 24.20 1.20
2016 4 18 0.00 34.50 19.05 27.29 1.10
2016 4 19 0.00 43.77 26.26 35.53 1.00
2016 4 20 0.00 52.01 38.62 44.80 0.90
2016 4 21 0.00 55.10 41.71 47.89 0.60
2016 4 22 0.00 55.10 43.77 48.92 0.00
2016 4 23 0.00 43.77 30.38 38.62 0.00
2016 4 24 0.00 46.86 29.35 38.62 0.00
2016 4 25 0.30 38.62 24.20 30.38 0.00
2016 4 26 0.30 36.56 23.17 29.35 0.10
2016 4 27 0.40 40.68 28.32 32.44 0.00
2016 4 28 0.50 37.59 25.23 29.35 0.30
2016 4 29 0.00 40.68 24.20 30.38 0.80
2016 4 30 0.30 36.56 25.23 29.35 0.80
2016 5 1 0.10 37.59 22.14 28.32 1.00
2016 5 2 0.50 42.74 29.35 34.50 1.00
2016 5 3 0.00 50.98 33.47 42.74 1.50
2016 5 4 0.00 55.10 41.71 48.92 1.20
2016 5 5 0.00 57.16 44.80 49.95 0.20
2016 5 6 0.00 48.92 30.38 40.68 0.00
2016 5 7 0.10 38.62 30.38 33.47 0.00
2016 5 8 0.10 43.77 29.35 35.53 0.00
2016 5 9 0.00 53.04 34.50 43.77 0.00
2016 5 10 0.10 43.77 32.44 37.59 0.00
2016 5 11 0.00 46.86 30.38 38.62 0.00
2016 5 12 0.00 55.10 37.59 46.86 0.00
2016 5 13 0.00 62.31 46.86 55.10 0.00
2016 5 14 0.00 61.28 46.86 54.07 0.00
2016 5 15 0.00 53.04 36.56 45.83 0.00
2016 5 16 0.20 44.80 31.41 36.56 0.00
2016 5 17 0.00 42.74 30.38 36.56 0.00
2016 5 18 0.00 46.86 34.50 40.68 0.00
2016 5 19 0.00 53.04 38.62 45.83 0.00
2016 5 20 0.00 54.07 42.74 47.89 0.00
2016 5 21 0.00 49.95 36.56 43.77 0.00
2016 5 22 0.00 47.89 33.47 39.65 0.00
2016 5 23 0.00 50.98 34.50 43.77 0.00
2016 5 24 0.00 49.95 36.56 42.74 0.00
2016 5 25 0.00 50.98 35.53 42.74 0.00
2016 5 26 0.00 49.95 36.56 40.68 0.00
2016 5 27 0.10 49.95 35.53 41.71 0.00
2016 5 28 0.10 53.04 37.59 45.83 0.00
2016 5 29 0.00 61.28 42.74 50.98 0.00
2016 5 30 0.00 57.16 44.80 49.95 0.00
2016 5 31 0.00 61.28 44.80 52.01 0.00
2016 6 1 0.00 63.34 45.83 54.07 0.00
2016 6 2 0.00 68.49 49.95 59.22 0.00
2016 6 3 0.00 68.49 53.04 60.25 0.00
2016 6 4 0.00 69.52 52.01 60.25 0.00
2016 6 5 0.00 72.61 58.19 64.37 0.00
2016 6 6 0.00 71.58 58.19 65.40 0.00
2016 6 7 0.00 69.52 56.13 62.31 0.00
2016 6 8 0.00 69.52 55.10 61.28 0.00
2016 6 9 0.00 72.61 59.22 64.37 0.00
2016 6 10 0.00 70.55 58.19 63.34 0.00
2016 6 11 0.00 63.34 52.01 57.16 0.00
2016 6 12 0.00 64.37 49.95 56.13 0.00
2016 6 13 0.00 57.16 41.71 49.95 0.00
2016 6 14 0.00 61.28 44.80 54.07 0.00
2016 6 15 0.00 63.34 48.92 55.10 0.00
2016 6 16 0.00 62.31 45.83 54.07 0.00
2016 6 17 0.00 65.40 52.01 58.19 0.00
2016 6 18 0.00 70.55 55.10 62.31 0.00
2016 6 19 0.00 75.70 60.25 66.43 0.00
2016 6 20 0.00 78.79 62.31 70.55 0.00
2016 6 21 0.00 80.85 64.37 71.58 0.00
2016 6 22 0.00 74.67 62.31 67.46 0.00
2016 6 23 0.00 74.67 58.19 66.43 0.00
2016 6 24 0.00 71.58 61.28 65.40 0.00
2016 6 25 0.00 71.58 57.16 63.34 0.00
2016 6 26 0.00 73.64 57.16 64.37 0.00
2016 6 27 0.00 76.73 59.22 67.46 0.00
2016 6 28 0.00 77.76 59.22 66.43 0.00
2016 6 29 0.10 72.61 48.92 61.28 0.00
2016 6 30 0.30 66.43 47.89 56.13 0.00
2016 7 1 0.80 54.07 45.83 48.92 0.00
2016 7 2 0.40 60.25 43.77 52.01 0.00
2016 7 3 0.00 64.37 47.89 55.10 0.00
2016 7 4 0.00 68.49 55.10 61.28 0.00
2016 7 5 0.00 69.52 56.13 62.31 0.00
2016 7 6 0.00 69.52 54.07 61.28 0.00
2016 7 7 0.00 68.49 55.10 62.31 0.00
2016 7 8 0.00 70.55 56.13 62.31 0.00
2016 7 9 0.00 70.55 57.16 63.34 0.00
2016 7 10 0.00 69.52 55.10 61.28 0.00
2016 7 11 0.00 62.31 50.98 56.13 0.00
2016 7 12 0.00 70.55 52.01 61.28 0.00
2016 7 13 0.00 71.58 57.16 63.34 0.00
2016 7 14 0.00 73.64 57.16 64.37 0.00
2016 7 15 0.00 75.70 60.25 67.46 0.00
2016 7 16 0.00 72.61 60.25 65.40 0.00
2016 7 17 0.00 71.58 56.13 63.34 0.00
2016 7 18 0.40 67.46 49.95 58.19 0.00
2016 7 19 0.10 68.49 50.98 57.16 0.00
2016 7 20 0.10 68.49 49.95 59.22 0.00
2016 7 21 0.00 70.55 58.19 62.31 0.00
2016 7 22 0.00 71.58 58.19 63.34 0.00
2016 7 23 0.00 76.73 61.28 66.43 0.00
2016 7 24 0.00 74.67 62.31 66.43 0.00
2016 7 25 0.00 76.73 61.28 66.43 0.00
2016 7 26 0.00 73.64 57.16 65.40 0.00
2016 7 27 0.00 78.79 60.25 68.49 0.00
2016 7 28 0.00 80.85 64.37 70.55 0.00
2016 7 29 0.00 80.85 63.34 69.52 0.00
2016 7 30 0.00 72.61 57.16 64.37 0.00
2016 7 31 0.00 67.46 53.04 59.22 0.00
2016 8 1 0.10 71.58 55.10 62.31 0.00
2016 8 2 0.00 73.64 59.22 63.34 0.00
2016 8 3 0.50 70.55 52.01 60.25 0.00
2016 8 4 0.00  nan  nan  nan 0.00
2016 8 5 0.10  nan  nan  nan 0.00
2016 8 6 0.00 63.34 49.95 57.16 0.00
2016 8 7 0.00 68.49 54.07 61.28 0.00
2016 8 8 0.00 70.55 57.16 62.31 0.00
2016 8 9 0.00 69.52 56.13 61.28 0.00
2016 8 10 0.10 64.37 52.01 56.13 0.00
2016 8 11 0.00 67.46 52.01 58.19 0.00
2016 8 12 0.00 68.49 53.04 60.25 0.00
2016 8 13 0.00 72.61 56.13 61.28 0.00
2016 8 14 0.00 71.58 55.10 63.34 0.00
2016 8 15 0.10 74.67 48.92 61.28 0.00
2016 8 16 0.10 70.55 50.98 59.22 0.00
2016 8 17 0.40 64.37 46.86 58.19 0.00
2016 8 18 0.10 64.37 52.01 56.13 0.00
2016 8 19 0.00 67.46 53.04 59.22 0.00
2016 8 20 0.00 68.49 55.10 60.25 0.00
2016 8 21 0.00 68.49 54.07 59.22 0.00
2016 8 22 0.20 62.31 44.80 54.07 0.00
2016 8 23 0.20 58.19 42.74 50.98 0.00
2016 8 24 0.00 62.31 48.92 54.07 0.00
2016 8 25 0.20 61.28 41.71 50.98 0.00
2016 8 26 0.00 58.19 42.74 49.95 0.00
2016 8 27 0.00 53.04 45.83 48.92 0.00
2016 8 28 0.00 61.28 46.86 53.04 0.00
2016 8 29 0.00 66.43 50.98 58.19 0.00
2016 8 30 0.00 66.43 53.04 59.22 0.00
2016 8 31 0.00 68.49 54.07 59.22 0.00
2016 9 1 0.10 68.49 47.89 58.19 0.00
2016 9 2 0.00 62.31 50.98 55.10 0.00
2016 9 3 0.00 60.25 50.98 54.07 0.00
2016 9 4 0.00 59.22 45.83 53.04 0.00
2016 9 5 0.00 60.25 45.83 52.01 0.00
2016 9 6 0.00 62.31 48.92 54.07 0.00
2016 9 7 0.00 65.40 49.95 56.13 0.00
2016 9 8 0.00 67.46 53.04 59.22 0.00
2016 9 9 0.00 65.40 50.98 57.16 0.00
2016 9 10 0.00 68.49 49.95 58.19 0.00
2016 9 11 0.00 65.40 53.04 59.22 0.00
2016 9 12 0.00 61.28 48.92 54.07 0.00
2016 9 13 0.00 57.16 45.83 49.95 0.00
2016 9 14 0.10 54.07 41.71 46.86 0.00
2016 9 15 0.00 55.10 39.65 45.83 0.00
2016 9 16 0.00 55.10 39.65 46.86 0.00
2016 9 17 0.00 59.22 43.77 50.98 0.00
2016 9 18 0.00 65.40 50.98 57.16 0.00
2016 9 19 0.00 68.49 55.10 60.25 0.00
2016 9 20 0.00 59.22 42.74 50.98 0.00
2016 9 21 1.20 54.07 42.74 47.89 0.00
2016 9 22 2.10 48.92 33.47 45.83 0.00
2016 9 23 0.10 40.68 32.44 35.53 0.00
2016 9 24 0.00 44.80 31.41 37.59 0.00
2016 9 25 0.00 48.92 32.44 40.68 0.00
2016 9 26 0.00 54.07 41.71 47.89 0.00
2016 9 27 0.00 58.19 45.83 50.98 0.00
2016 9 28 0.00 58.19 43.77 50.98 0.00
2016 9 29 0.30 52.01 43.77 45.83 0.00
2016 9 30 0.20 52.01 40.68 44.80 0.00
2016 10 1 0.20 54.07 40.68 46.86 0.00
2016 10 2 0.20 52.01 41.71 46.86 0.00
2016 10 3 0.50 42.74 29.35 34.50 0.00
2016 10 4 0.10 41.71 28.32 35.53 0.00
2016 10 5 0.00 45.83 29.35 38.62 0.00
2016 10 6 0.00 41.71 29.35 34.50 0.00
2016 10 7 0.00 45.83 31.41 38.62 0.00
2016 10 8 0.00 52.01 38.62 45.83 0.00
2016 10 9 0.00 54.07 43.77 47.89 0.00
2016 10 10 0.00 53.04 44.80 48.92 0.00
2016 10 11 0.00 52.01 40.68 46.86 0.00
2016 10 12 0.00 53.04 43.77 47.89 0.00
2016 10 13 0.00 55.10 43.77 48.92 0.00
2016 10 14 0.00 53.04 46.86 49.95 0.00
2016 10 15 0.00 55.10 45.83 49.95 0.00
2016 10 16 0.00 53.04 42.74 46.86 0.00
2016 10 17 0.00 52.01 34.50 42.74 0.00
2016 10 18 0.00 47.89 31.41 40.68 0.00
2016 10 19 0.00 39.65 27.29 33.47 0.00
2016 10 20 0.00 47.89 30.38 40.68 0.00
2016 10 21 0.00 55.10 43.77 49.95 0.00
2016 10 22 0.00 54.07 44.80 49.95 0.00
2016 10 23 0.00 57.16 46.86 49.95 0.00
2016 10 24 1.10 49.95 38.62 44.80 0.00
2016 10 25 0.10 46.86 38.62 40.68 0.00
2016 10 26 0.00 48.92 38.62 43.77 0.00
2016 10 27 0.00 54.07 45.83 49.95 0.00
2016 10 28 0.00 55.10 43.77 48.92 0.00
2016 10 29 0.00 50.98 42.74 45.83 0.00
2016 10 30 0.00 49.95 42.74 46.86 0.00
2016 10 31 0.00 46.86 38.62 41.71 0.00
2016 11 1 0.00 42.74 33.47 36.56 0.00
2016 11 2 0.00 41.71 30.38 35.53 0.00
2016 11 3 0.00 47.89 34.50 40.68 0.00
2016 11 4 0.10 41.71 35.53 38.62 0.00
2016 11 5 0.00 40.68 35.53 37.59 0.00
2016 11 6 0.00 46.86 36.56 40.68 0.00
2016 11 7 0.00 46.86 37.59 40.68 0.00
2016 11 8 0.10 46.86 38.62 41.71 0.00
2016 11 9 0.00 49.95 38.62 42.74 0.00
2016 11 10 0.00 47.89 39.65 42.74 0.00
2016 11 11 0.00 48.92 38.62 41.71 0.00
2016 11 12 0.00 45.83 37.59 40.68 0.00
2016 11 13 0.00 45.83 36.56 40.68 0.00
2016 11 14 0.00 53.04 40.68 47.89 0.00
2016 11 15 0.00 56.13 45.83 50.98 0.00
2016 11 16 0.00 45.83 33.47 40.68 0.00
2016 11 17 0.00 33.47 12.87 19.05 0.00
2016 11 18 0.00 38.62 12.87 22.14 0.00
2016 11 19 0.00 44.80 36.56 40.68 0.00
2016 11 20 0.10 42.74 32.44 38.62 0.00
2016 11 21 1.00 34.50 27.29 30.38 0.00
2016 11 22 0.00 34.50 24.20 27.29 0.90
2016 11 23 0.00 34.50 19.05 28.32 0.90
2016 11 24 0.00 31.41 16.99 25.23 0.90
2016 11 25 0.00 36.56 24.20 30.38 0.90
2016 11 26 0.00 36.56 26.26 31.41 0.90
2016 11 27 0.30 26.26 16.99 20.08 0.90
2016 11 28 0.00 23.17 12.87 18.02 1.20
2016 11 29 0.00 18.02 10.81 12.87 1.20
2016 11 30 0.00 22.14 8.75 15.96 1.20
2016 12 1 0.00 25.23 13.90 19.05 1.20
2016 12 2 0.00 20.08 10.81 13.90 1.20
2016 12 3 0.00 28.32 12.87 22.14 1.20
2016 12 4 0.00 40.68 25.23 33.47 1.20
2016 12 5 0.00 35.53 22.14 29.35 1.20
2016 12 6 0.00 26.26 8.75 21.11 1.20
2016 12 7 0.00 15.96 3.60 8.75 1.20
2016 12 8 0.00 34.50 6.69 27.29 1.20
2016 12 9 0.00 40.68 29.35 35.53 1.20
2016 12 10 0.00 44.80 33.47 38.62 1.20
2016 12 11 0.00 36.56 29.35 32.44 1.10
2016 12 12 0.00 37.59 27.29 31.41 1.10
2016 12 13 0.00 36.56 26.26 30.38 1.10
2016 12 14 0.00 45.83 30.38 38.62 0.80
2016 12 15 0.20 46.86 29.35 36.56 0.50
2016 12 16 1.30 32.44 16.99 28.32 0.50
2016 12 17 0.00 16.99 5.66 10.81 1.80
2016 12 18 0.00 19.05 4.63 11.84 1.80
2016 12 19 0.20 37.59 14.93 29.35 1.80
2016 12 20 0.00 44.80 32.44 37.59 2.00
2016 12 21 0.00 38.62 27.29 34.50 2.00
2016 12 22 0.30 32.44 26.26 28.32 2.00
2016 12 23 0.10 38.62 23.17 27.29 2.30
2016 12 24 1.00 26.26 13.90 24.20 2.40
2016 12 25 0.10 15.96 5.66 11.84 3.10
2016 12 26 0.00 19.05 3.60 9.78 3.10
2016 12 27 0.00 37.59 13.90 31.41 3.10
2016 12 28 0.00 35.53 27.29 32.44 3.10
2016 12 29 0.00 38.62 26.26 32.44 3.10
2016 12 30 0.00 39.65 29.35 36.56 3.10
2016 12 31 0.00 34.50 24.20 27.29 3.10
2017 1 1 0.00 27.29 21.11 23.17 3.10
2017 1 2 0.00 22.14 19.05 20.08 3.10
2017 1 3 0.00 28.32 18.02 23.17 3.10
2017 1 4 0.00 32.44 24.20 27.29 3.10
2017 1 5 0.80 29.35 4.63 21.11 3.10
2017 1 6 0.00 23.17 1.54 10.81 3.90
2017 1 7 0.00 37.59 22.14 27.29 3.90
2017 1 8 0.00 37.59 29.35 33.47 3.90
2017 1 9 0.20 33.47 22.14 28.32 3.90
2017 1 10 0.10 33.47 23.17 26.26 4.10
2017 1 11 0.10 27.29 23.17 24.20 4.10
2017 1 12 0.50 25.23 23.17 24.20 4.20
2017 1 13 0.30 30.38 23.17 26.26 4.70
2017 1 14 0.10 31.41 24.20 25.23 5.00
2017 1 15 0.30 30.38 23.17 27.29 5.10
2017 1 16 0.00 29.35 22.14 25.23 5.40
2017 1 17 0.00 34.50 20.08 25.23 5.40
2017 1 18 0.00 38.62 25.23 31.41 5.40
2017 1 19 0.10 34.50 19.05 24.20 5.40
2017 1 20 0.20 22.14 16.99 20.08 5.50
2017 1 21 0.10 22.14 14.93 19.05 5.70
2017 1 22 0.10 25.23 14.93 20.08 5.80
2017 1 23 0.80 24.20 13.90 20.08 5.90
2017 1 24 0.00 20.08 7.72 12.87 6.60
2017 1 25 0.00 14.93 4.63 7.72 6.60
2017 1 26 0.00 11.84 1.54 5.66 6.60
2017 1 27 0.20 27.29 0.51 12.87 6.60
2017 1 28 0.00 33.47 22.14 27.29 6.80
2017 1 29 0.00 37.59 23.17 31.41 6.80
2017 1 30 0.00 42.74 31.41 36.56 6.80
2017 1 31 0.00 44.80 35.53 38.62 6.80
2017 2 1 0.00 43.77 33.47 37.59 6.80
2017 2 2 0.00 38.62 28.32 33.47 6.80
2017 2 3 0.00 35.53 28.32 30.38 6.80
2017 2 4 0.00 38.62 27.29 32.44 6.80
2017 2 5 0.00 43.77 29.35 35.53 6.80
2017 2 6 0.00 33.47 26.26 28.32 6.80
2017 2 7 0.00 38.62 27.29 33.47 6.80
2017 2 8 0.00 42.74 33.47 37.59 6.80
2017 2 9 0.00 48.92 37.59 42.74 6.80
2017 2 10 0.00 43.77 33.47 39.65 6.80
2017 2 11 0.50 36.56 24.20 31.41 6.80
2017 2 12 0.20 33.47 24.20 29.35 7.30
2017 2 13 0.00 33.47 23.17 29.35 7.50
2017 2 14 0.00 33.47 22.14 27.29 7.50
2017 2 15 0.00 38.62 23.17 31.41 7.50
2017 2 16 0.00 43.77 31.41 36.56 7.50
2017 2 17 0.00 37.59 27.29 30.38 7.40
2017 2 18 0.50 31.41 26.26 29.35 7.40
2017 2 19 0.20 36.56 26.26 30.38 7.70
2017 2 20 0.00 41.71 27.29 33.47 7.80
2017 2 21 0.00 39.65 30.38 34.50 7.80
2017 2 22 0.00 38.62 14.93 30.38 7.80
2017 2 23 0.00 22.14 8.75 13.90 7.80
2017 2 24 0.00 18.02 6.69 10.81 7.80
2017 2 25 0.00 20.08 6.69 12.87 7.80
2017 2 26 0.00 25.23 7.72 16.99 7.80
2017 2 27 0.20 24.20 19.05 21.11 7.80
2017 2 28 0.00 26.26 9.78 18.02 8.00
2017 3 1 0.00 27.29 7.72 19.05 8.00
2017 3 2 0.00 35.53 21.11 27.29 8.00
2017 3 3 0.00 40.68 26.26 33.47 8.00
2017 3 4 0.00 37.59 30.38 33.47 8.00
2017 3 5 0.00 36.56 19.05 30.38 8.00
2017 3 6 0.00 19.05 7.72 12.87 8.00
2017 3 7 0.00 36.56 14.93 27.29 8.00
2017 3 8 0.00 45.83 30.38 38.62 8.00
2017 3 9 0.00 48.92 35.53 42.74 7.90
2017 3 10 0.00 50.98 38.62 43.77 7.80
2017 3 11 0.00 46.86 33.47 40.68 7.60
2017 3 12 0.00 47.89 36.56 40.68 7.60
2017 3 13 0.00 49.95 32.44 41.71 7.50
2017 3 14 0.00 54.07 40.68 46.86 7.40
2017 3 15 0.00 54.07 43.77 47.89 7.30
2017 3 16 0.00 54.07 40.68 46.86 7.00
2017 3 17 0.00 55.10 42.74 47.89 6.70
2017 3 18 0.00 54.07 44.80 48.92 6.40
2017 3 19 0.00 54.07 40.68 46.86 5.90
2017 3 20 0.00 53.04 43.77 45.83 5.50
2017 3 21 0.00 50.98 40.68 44.80 5.10
2017 3 22 0.50 47.89 28.32 38.62 4.70
2017 3 23 0.10 36.56 24.20 27.29 4.70
2017 3 24 0.00 42.74 25.23 34.50 4.80
2017 3 25 0.10 42.74 27.29 34.50 4.80
2017 3 26 0.00 41.71 25.23 33.47 4.90
2017 3 27 0.20 40.68 26.26 32.44 4.80
2017 3 28 0.00 34.50 24.20 27.29 5.00
2017 3 29 0.00 44.80 25.23 35.53 5.00
2017 3 30 0.20 46.86 27.29 38.62 5.00
2017 3 31 0.70 33.47 24.20 27.29 4.70
2017 4 1 0.60 35.53 21.11 29.35 5.40
2017 4 2 0.00 45.83 28.32 34.50 6.00
2017 4 3 0.10 34.50 21.11 27.29 6.00
2017 4 4 0.00 28.32 19.05 23.17 6.10
2017 4 5 0.00 39.65 19.05 31.41 6.10
2017 4 6 0.00 49.95 33.47 41.71 6.00
2017 4 7 0.00 45.83 39.65 42.74 5.60
2017 4 8 0.00 44.80 23.17 37.59 5.60
2017 4 9 0.00 34.50 16.99 26.26 5.50
2017 4 10 0.00 42.74 23.17 33.47 5.50
2017 4 11 0.00 46.86 32.44 39.65 5.50
2017 4 12 0.00 52.01 34.50 43.77 5.00
2017 4 13 0.00 52.01 40.68 45.83 4.10
2017 4 14 0.00 49.95 35.53 41.71 3.20
2017 4 15 0.00 47.89 33.47 40.68 2.70
2017 4 16 0.00 52.01 35.53 43.77 2.20
2017 4 17 0.00 52.01 40.68 45.83 1.80
2017 4 18 0.00 52.01 38.62 45.83 1.50
2017 4 19 0.00 47.89 34.50 39.65 1.10
2017 4 20 0.00 48.92 26.26 37.59 0.90
2017 4 21 0.00 43.77 23.17 31.41 0.70
2017 4 22 0.00 45.83 23.17 35.53 0.30
2017 4 23 0.00 52.01 38.62 45.83 0.00
2017 4 24 0.00 46.86 29.35 40.68 0.00
2017 4 25 0.10 34.50 26.26 30.38 0.00
2017 4 26 0.20 42.74 25.23 34.50 0.00
2017 4 27 0.10 36.56 22.14 30.38 0.20
2017 4 28 0.20 27.29 15.96 21.11 0.00
2017 4 29 0.00 34.50 19.05 26.26 0.20
2017 4 30 0.00 45.83 22.14 34.50 0.20
2017 5 1 0.00 50.98 36.56 41.71 0.00
2017 5 2 0.00 52.01 37.59 43.77 0.00
2017 5 3 0.00 52.01 35.53 43.77 0.00
2017 5 4 0.00 60.25 42.74 50.98 0.00
2017 5 5 0.00 63.34 49.95 56.13 0.00
2017 5 6 0.00 60.25 42.74 50.98 0.00
2017 5 7 0.00 55.10 39.65 45.83 0.00
2017 5 8 0.00 54.07 35.53 43.77 0.00
2017 5 9 0.00 48.92 36.56 40.68 0.00
2017 5 10 0.00 43.77 32.44 37.59 0.00
2017 5 11 0.00 57.16 38.62 47.89 0.00
2017 5 12 0.00 58.19 45.83 50.98 0.00
2017 5 13 0.00 55.10 41.71 46.86 0.00
2017 5 14 0.00 53.04 39.65 45.83 0.00
2017 5 15 0.10 50.98 32.44 41.71 0.00
2017 5 16 0.00 45.83 32.44 37.59 0.00
2017 5 17 0.40 37.59 20.08 28.32 0.00
2017 5 18 0.00 34.50 18.02 26.26 0.30
2017 5 19 0.10 40.68 23.17 30.38 0.00
2017 5 20 0.00 46.86 29.35 38.62 0.00
2017 5 21 0.00 50.98 35.53 42.74 0.00
2017 5 22 0.00 55.10 35.53 44.80 0.00
2017 5 23 0.00 57.16 34.50 46.86 0.00
2017 5 24 0.00 66.43 49.95 57.16 0.00
2017 5 25 0.00 59.22 43.77 49.95 0.00
2017 5 26 0.00 57.16 42.74 48.92 0.00
2017 5 27 0.00 55.10 34.50 44.80 0.00
2017 5 28 0.00 57.16 39.65 47.89 0.00
2017 5 29 0.00 62.31 44.80 53.04 0.00
2017 5 30 0.00 64.37 48.92 56.13 0.00
2017 5 31 0.00 64.37 44.80 55.10 0.00
2017 6 1 0.10 58.19 42.74 49.95 0.00
2017 6 2 0.00 63.34 47.89 54.07 0.00
2017 6 3 0.00 66.43 49.95 58.19 0.00
2017 6 4 0.00 69.52 56.13 62.31 0.00
2017 6 5 0.00 68.49 55.10 61.28 0.00
2017 6 6 0.00 69.52 55.10 61.28 0.00
2017 6 7 0.00 69.52 57.16 62.31 0.00
2017 6 8 0.00 65.40 55.10 59.22 0.00
2017 6 9 0.00 67.46 49.95 58.19 0.00
2017 6 10 0.00 66.43 49.95 57.16 0.00
2017 6 11 0.00 62.31 46.86 54.07 0.00
2017 6 12 0.00 50.98 37.59 44.80 0.00
2017 6 13 0.00 57.16 35.53 46.86 0.00
2017 6 14 0.00 64.37 46.86 56.13 0.00
2017 6 15 0.00 70.55 52.01 61.28 0.00
2017 6 16 0.00 73.64 57.16 64.37 0.00
2017 6 17 0.00 74.67 56.13 65.40 0.00
2017 6 18 0.00 71.58 54.07 62.31 0.00
2017 6 19 0.00 74.67 55.10 64.37 0.00
2017 6 20 0.00 76.73 63.34 68.49 0.00
2017 6 21 0.00 76.73 62.31 68.49 0.00
2017 6 22 0.00 76.73 58.19 67.46 0.00
2017 6 23 0.00 73.64 54.07 63.34 0.00
2017 6 24 0.00 73.64 58.19 64.37 0.00
2017 6 25 0.00 73.64 56.13 64.37 0.00
2017 6 26 0.00 74.67 60.25 65.40 0.00
2017 6 27 0.00 72.61 58.19 64.37 0.00
2017 6 28 0.00 72.61 57.16 63.34 0.00
2017 6 29 0.00 72.61 53.04 61.28 0.00
2017 6 30 0.00 68.49 52.01 59.22 0.00
2017 7 1 0.00 73.64 55.10 64.37 0.00
2017 7 2 0.00 73.64 57.16 63.34 0.00
2017 7 3 0.00 75.70 58.19 65.40 0.00
2017 7 4 0.00 77.76 61.28 67.46 0.00
2017 7 5 0.00 78.79 62.31 68.49 0.00
2017 7 6 0.00 79.82 59.22 68.49 0.00
2017 7 7 0.00 77.76 58.19 67.46 0.00
2017 7 8 0.00 74.67 62.31 67.46 0.00
2017 7 9 0.00 75.70 56.13 64.37 0.00
2017 7 10 0.00 72.61 58.19 62.31 0.00
2017 7 11 0.40 69.52 48.92 59.22 0.00
2017 7 12 0.00 63.34 49.95 56.13 0.00
2017 7 13 0.00 68.49 54.07 59.22 0.00
2017 7 14 0.00 74.67 57.16 63.34 0.00
2017 7 15 0.00 72.61 59.22 64.37 0.00
2017 7 16 0.00 73.64 60.25 65.40 0.00
2017 7 17 0.00 73.64 59.22 64.37 0.00
2017 7 18 0.00 75.70 59.22 65.40 0.00
2017 7 19 0.10 72.61 59.22 64.37 0.00
2017 7 20 0.50 74.67 49.95 61.28 0.00
2017 7 21 0.60 68.49 49.95 58.19 0.00
2017 7 22 0.00 69.52 53.04 61.28 0.00
2017 7 23 0.00 73.64 58.19 64.37 0.00
2017 7 24 0.30 69.52 52.01 60.25 0.00
2017 7 25 0.40 60.25 50.98 53.04 0.00
2017 7 26 0.00 66.43 50.98 57.16 0.00
2017 7 27 0.00 67.46 56.13 61.28 0.00
2017 7 28 0.30 64.37 49.95 57.16 0.00
2017 7 29 0.00 67.46 53.04 60.25 0.00
2017 7 30 0.10 70.55 54.07 60.25 0.00
2017 7 31 0.00 70.55 55.10 62.31 0.00
2017 8 1 0.00 71.58 58.19 63.34 0.00
2017 8 2 0.00 73.64 56.13 64.37 0.00
2017 8 3 0.00 70.55 56.13 63.34 0.00
2017 8 4 0.30 69.52 48.92 60.25 0.00
2017 8 5 0.00 65.40 50.98 57.16 0.00
2017 8 6 0.20 65.40 48.92 55.10 0.00
2017 8 7 0.30 62.31 49.95 55.10 0.00
2017 8 8 0.10 62.31 47.89 56.13 0.00
2017 8 9 0.00  nan  nan  nan 0.00
2017 8 10 0.00  nan  nan  nan 0.00
2017 8 11 0.60 64.37 46.86 56.13 0.00
2017 8 12 0.00 63.34 50.98 57.16 0.00
2017 8 13 0.00 66.43 52.01 58.19 0.00
2017 8 14 0.00 64.37 53.04 58.19 0.00
2017 8 15 0.00 57.16 49.95 53.04 0.00
2017 8 16 0.00 64.37 48.92 55.10 0.00
2017 8 17 0.00 67.46 53.04 59.22 0.00
2017 8 18 0.00 70.55 56.13 62.31 0.00
2017 8 19 0.00 72.61 58.19 62.31 0.00
2017 8 20 0.00 70.55 56.13 60.25 0.00
2017 8 21 0.10 67.46 54.07 59.22 0.00
2017 8 22 0.00 64.37 53.04 57.16 0.00
2017 8 23 0.00 68.49 53.04 59.22 0.00
2017 8 24 0.00 65.40 50.98 57.16 0.00
2017 8 25 0.00 68.49 54.07 60.25 0.00
2017 8 26 0.00 72.61 57.16 64.37 0.00
2017 8 27 0.00 73.64 60.25 65.40 0.00
2017 8 28 0.00 73.64 59.22 64.37 0.00
2017 8 29 0.00 74.67 60.25 65.40 0.00
2017 8 30 0.10 73.64 57.16 62.31 0.00
2017 8 31 0.00 67.46 54.07 58.19 0.00
2017 9 1 0.00 66.43 50.98 58.19 0.00
2017 9 2 0.00 71.58 56.13 62.31 0.00
2017 9 3 0.00 75.70 59.22 65.40 0.00
2017 9 4 0.00 75.70 61.28 66.43 0.00
2017 9 5 0.00 73.64 60.25 64.37 0.00
2017 9 6 0.00 71.58 59.22 63.34 0.00
2017 9 7 0.00 67.46 50.98 59.22 0.00
2017 9 8 0.00 66.43 54.07 58.19 0.00
2017 9 9 0.20 59.22 47.89 52.01 0.00
2017 9 10 0.20 60.25 47.89 54.07 0.00
2017 9 11 0.20 65.40 50.98 58.19 0.00
2017 9 12 0.10 66.43 54.07 59.22 0.00
2017 9 13 0.00 66.43 48.92 57.16 0.00
2017 9 14 1.20 58.19 37.59 47.89 0.00
2017 9 15 0.00 52.01 40.68 44.80 0.00
2017 9 16 0.00 49.95 37.59 43.77 0.00
2017 9 17 0.00 54.07 44.80 48.92 0.00
2017 9 18 0.00 56.13 44.80 50.98 0.00
2017 9 19 0.00 56.13 42.74 48.92 0.00
2017 9 20 0.00 56.13 44.80 50.98 0.00
2017 9 21 0.00 56.13 43.77 48.92 0.00
2017 9 22 0.10 49.95 38.62 42.74 0.00
2017 9 23 0.00 46.86 28.32 38.62 0.00
2017 9 24 0.10 40.68 26.26 31.41 0.00
2017 9 25 0.00 40.68 28.32 33.47 0.00
2017 9 26 0.00 45.83 31.41 38.62 0.00
2017 9 27 0.50 41.71 32.44 36.56 0.00
2017 9 28 0.10 40.68 33.47 36.56 0.00
2017 9 29 0.00 50.98 35.53 43.77 0.00
2017 9 30 0.00 53.04 42.74 46.86 0.00
2017 10 1 0.00 52.01 29.35 42.74 0.00
2017 10 2 0.10 30.38 25.23 27.29 0.00
2017 10 3 0.00 47.89 25.23 37.59 0.00
2017 10 4 0.00 54.07 44.80 48.92 0.00
2017 10 5 0.00 55.10 42.74 48.92 0.00
2017 10 6 0.10 44.80 35.53 40.68 0.00
2017 10 7 0.00 58.19 41.71 49.95 0.00
2017 10 8 0.00 55.10 22.14 45.83 0.00
2017 10 9 0.00 33.47 21.11 27.29 0.00
2017 10 10 0.00 43.77 27.29 35.53 0.00
2017 10 11 0.00 48.92 39.65 44.80 0.00
2017 10 12 0.00 50.98 39.65 44.80 0.00
2017 10 13 0.00 49.95 39.65 44.80 0.00
2017 10 14 0.00 43.77 29.35 36.56 0.00
2017 10 15 0.00 53.04 33.47 45.83 0.00
2017 10 16 0.00 57.16 44.80 49.95 0.00
2017 10 17 0.00 57.16 44.80 50.98 0.00
2017 10 18 0.00 56.13 45.83 49.95 0.00
2017 10 19 0.00 54.07 44.80 48.92 0.00
2017 10 20 0.00 50.98 25.23 41.71 0.00
2017 10 21 0.00 38.62 19.05 29.35 0.00
2017 10 22 0.00 53.04 37.59 45.83 0.00
2017 10 23 0.00 53.04 39.65 45.83 0.00
2017 10 24 0.00 52.01 36.56 44.80 0.00
2017 10 25 0.00 53.04 41.71 46.86 0.00
2017 10 26 0.00 52.01 34.50 43.77 0.00
2017 10 27 0.00 48.92 32.44 40.68 0.00
2017 10 28 0.00 44.80 34.50 39.65 0.00
2017 10 29 0.00 52.01 39.65 45.83 0.00
2017 10 30 0.00 52.01 41.71 45.83 0.00
2017 10 31 0.00 48.92 39.65 42.74 0.00
2017 11 1 0.00 52.01 38.62 44.80 0.00
2017 11 2 0.00 48.92 35.53 42.74 0.00
2017 11 3 0.00 41.71 32.44 36.56 0.00
2017 11 4 0.00 44.80 34.50 37.59 0.00
2017 11 5 0.10 40.68 31.41 34.50 0.00
2017 11 6 0.00 39.65 29.35 33.47 0.00
2017 11 7 0.00 39.65 20.08 31.41 0.00
2017 11 8 0.00 46.86 22.14 37.59 0.00
2017 11 9 0.00 41.71 36.56 38.62 0.00
2017 11 10 0.00 47.89 36.56 41.71 0.00
2017 11 11 0.00 41.71 34.50 36.56 0.00
2017 11 12 0.00 44.80 34.50 41.71 0.00
2017 11 13 0.00 47.89 40.68 43.77 0.00
2017 11 14 0.00 47.89 34.50 40.68 0.00
2017 11 15 0.00 47.89 33.47 39.65 0.00
2017 11 16 0.00 43.77 37.59 39.65 0.00
2017 11 17 0.20 40.68 14.93 31.41 0.00
2017 11 18 0.00 35.53 13.90 26.26 0.20
2017 11 19 0.00 43.77 31.41 37.59 0.20
2017 11 20 0.00 45.83 38.62 41.71 0.00
2017 11 21 0.00 44.80 38.62 41.71 0.00
2017 11 22 0.00 50.98 39.65 44.80 0.00
2017 11 23 0.00 56.13 42.74 48.92 0.00
2017 11 24 0.00 54.07 42.74 47.89 0.00
2017 11 25 0.00 49.95 41.71 45.83 0.00
2017 11 26 0.00 54.07 44.80 48.92 0.00
2017 11 27 0.00 45.83 28.32 40.68 0.00
2017 11 28 0.00 37.59 25.23 32.44 0.00
2017 11 29 0.00 44.80 32.44 37.59 0.00
2017 11 30 0.00 44.80 33.47 39.65 0.00
2017 12 1 0.00 43.77 36.56 38.62 0.00
2017 12 2 0.00 42.74 36.56 38.62 0.00
2017 12 3 0.00 38.62 14.93 32.44 0.00
2017 12 4 0.00 21.11 11.84 15.96 0.00
2017 12 5 0.00 29.35 11.84 22.14 0.00
2017 12 6 0.00 28.32 10.81 21.11 0.00
2017 12 7 0.00 28.32 8.75 20.08 0.00
2017 12 8 0.00 36.56 27.29 31.41 0.00
2017 12 9 0.00 43.77 32.44 37.59 0.00
2017 12 10 0.00 44.80 32.44 38.62 0.00
2017 12 11 0.00 47.89 37.59 41.71 0.00
2017 12 12 0.00 44.80 37.59 40.68 0.00
2017 12 13 0.00 46.86 27.29 39.65 0.00
2017 12 14 0.00 31.41 20.08 25.23 0.00
2017 12 15 0.00 44.80 29.35 38.62 0.00
2017 12 16 0.00 43.77 22.14 31.41 0.00
2017 12 17 0.00 30.38 19.05 24.20 0.00
2017 12 18 0.00 36.56 23.17 30.38 0.00
2017 12 19 0.00 42.74 30.38 36.56 0.00
2017 12 20 0.10 38.62 21.11 31.41 0.00
2017 12 21 0.30 21.11 10.81 12.87 0.10
2017 12 22 0.00 30.38 13.90 23.17 0.40
2017 12 23 0.00 34.50 26.26 29.35 0.40
2017 12 24 0.00 36.56 23.17 30.38 0.40
2017 12 25 0.00 37.59 29.35 33.47 0.40
2017 12 26 0.00 38.62 30.38 34.50 0.40
2017 12 27 0.00 43.77 33.47 37.59 0.40
2017 12 28 0.00 44.80 34.50 39.65 0.40
2017 12 29 0.00 47.89 39.65 43.77 0.40
2017 12 30 0.00 49.95 39.65 44.80 0.40
2017 12 31 0.00 42.74 30.38 36.56 0.40
2018 1 1 0.00 40.68 32.44 35.53 0.30
2018 1 2 0.00 35.53 27.29 32.44 0.10
2018 1 3 0.00  nan  nan  nan 0.00
2018 1 4 0.00  nan  nan  nan 0.00
2018 1 5 0.00 44.80 31.41 37.59 0.00
2018 1 6 0.20 40.68 25.23 34.50 0.00
2018 1 7 0.00 39.65 23.17 31.41 0.20
2018 1 8 0.00 44.80 31.41 37.59 0.20
2018 1 9 0.30 35.53 30.38 33.47 0.20
2018 1 10 0.00 33.47 21.11 27.29 0.50
2018 1 11 0.00 33.47 19.05 26.26 0.50
2018 1 12 0.00 34.50 25.23 29.35 0.50
2018 1 13 0.00 37.59 25.23 31.41 0.50
2018 1 14 0.00 44.80 29.35 37.59 0.50
2018 1 15 0.00 37.59 21.11 31.41 0.40
2018 1 16 0.00 34.50 18.02 28.32 0.40
2018 1 17 0.00 37.59 27.29 31.41 0.40
2018 1 18 0.00 46.86 33.47 39.65 0.40
2018 1 19 0.00 39.65 32.44 35.53 0.40
2018 1 20 0.90 32.44 12.87 24.20 0.40
2018 1 21 0.00 14.93 8.75 11.84 1.00
2018 1 22 0.00 29.35 12.87 21.11 1.00
2018 1 23 0.00 30.38 15.96 23.17 1.00
2018 1 24 0.00 38.62 25.23 33.47 1.00
2018 1 25 0.00 34.50 16.99 28.32 1.00
2018 1 26 0.00 26.26 13.90 18.02 0.90
2018 1 27 0.00 33.47 14.93 26.26 0.90
2018 1 28 0.00 34.50 26.26 31.41 0.90
2018 1 29 0.00 43.77 32.44 38.62 0.90
2018 1 30 0.00 49.95 38.62 43.77 0.80
2018 1 31 0.00 44.80 34.50 39.65 0.50
2018 2 1 0.00 43.77 33.47 37.59 0.40
2018 2 2 0.00 43.77 30.38 36.56 0.20
2018 2 3 0.00 41.71 31.41 36.56 0.00
2018 2 4 0.00 44.80 33.47 37.59 0.00
2018 2 5 0.00 41.71 30.38 35.53 0.00
2018 2 6 0.10 30.38 20.08 25.23 0.00
2018 2 7 0.00 40.68 23.17 33.47 0.10
2018 2 8 0.00 43.77 29.35 37.59 0.00
2018 2 9 0.00 44.80 35.53 38.62 0.00
2018 2 10 0.10 38.62 10.81 24.20 0.00
2018 2 11 0.00 28.32 13.90 22.14 0.10
2018 2 12 0.40 26.26 21.11 24.20 0.10
2018 2 13 0.50 33.47 21.11 26.26 0.50
2018 2 14 0.20 30.38 24.20 27.29 1.00
2018 2 15 0.00 28.32 10.81 21.11 1.20
2018 2 16 0.00 36.56 8.75 24.20 1.20
2018 2 17 0.00 39.65 24.20 32.44 1.20
2018 2 18 0.00 34.50 25.23 30.38 1.10
2018 2 19 0.30 26.26 3.60 15.96 0.90
2018 2 20 0.00 12.87 1.54 5.66 1.20
2018 2 21 0.10 19.05 4.63 10.81 1.20
2018 2 22 0.10 19.05 8.75 11.84 1.30
2018 2 23 0.30 22.14 5.66 10.81 1.40
2018 2 24 0.10 20.08 3.60 10.81 1.70
2018 2 25 0.00 25.23 6.69 16.99 1.80
2018 2 26 0.00 29.35 19.05 24.20 1.80
2018 2 27 0.00 32.44 20.08 25.23 1.80
2018 2 28 0.00 32.44 18.02 24.20 1.80
2018 3 1 0.00 29.35 20.08 25.23 1.80
2018 3 2 0.00 35.53 24.20 29.35 1.80
2018 3 3 0.00 37.59 27.29 31.41 1.80
2018 3 4 0.20 27.29 9.78 18.02 1.80
2018 3 5 0.00 27.29 7.72 16.99 2.00
2018 3 6 0.00 31.41 14.93 24.20 2.00
2018 3 7 0.00 39.65 27.29 32.44 2.00
2018 3 8 0.00 43.77 29.35 36.56 2.00
2018 3 9 0.00 45.83 33.47 37.59 2.00
2018 3 10 0.00 42.74 32.44 35.53 1.90
2018 3 11 0.00 40.68 27.29 32.44 1.80
2018 3 12 0.00 38.62 29.35 33.47 1.60
2018 3 13 0.00 44.80 31.41 36.56 1.50
2018 3 14 0.00 44.80 30.38 37.59 1.40
2018 3 15 0.50 33.47 18.02 25.23 1.40
2018 3 16 0.00 31.41 15.96 25.23 1.90
2018 3 17 0.00 32.44 22.14 26.26 1.90
2018 3 18 0.30 22.14 13.90 18.02 1.90
2018 3 19 0.00 32.44 12.87 20.08 2.20
2018 3 20 0.00 36.56 19.05 29.35 2.20
2018 3 21 0.00 44.80 29.35 36.56 2.20
2018 3 22 0.10 43.77 34.50 37.59 2.10
2018 3 23 0.80 38.62 28.32 32.44 2.00
2018 3 24 0.00 36.56 29.35 32.44 2.80
2018 3 25 0.00 36.56 24.20 30.38 2.80
2018 3 26 0.00 31.41 18.02 23.17 2.70
2018 3 27 0.00 33.47 15.96 25.23 2.60
2018 3 28 0.00 39.65 25.23 31.41 2.50
2018 3 29 0.00 42.74 27.29 33.47 2.50
2018 3 30 0.00 45.83 31.41 38.62 2.50
2018 3 31 0.00 53.04 37.59 43.77 2.50
2018 4 1 0.00 52.01 38.62 44.80 2.20
2018 4 2 0.00 53.04 28.32 40.68 1.80
2018 4 3 0.00 35.53 18.02 29.35 1.50
2018 4 4 0.00 46.86 33.47 39.65 1.30
2018 4 5 0.00 45.83 35.53 39.65 1.20
2018 4 6 0.00 48.92 39.65 42.74 1.10
2018 4 7 0.10 56.13 38.62 45.83 0.90
2018 4 8 0.20 44.80 32.44 37.59 0.40
2018 4 9 0.00 42.74 26.26 34.50 0.20
2018 4 10 0.00 50.98 35.53 44.80 0.00
2018 4 11 0.00 57.16 43.77 49.95 0.00
2018 4 12 0.00 44.80 13.90 33.47 0.00
2018 4 13 0.00 26.26 12.87 19.05 0.00
2018 4 14 0.00 41.71 20.08 32.44 0.00
2018 4 15 0.00 49.95 33.47 41.71 0.00
2018 4 16 0.00 50.98 34.50 42.74 0.00
2018 4 17 0.00 34.50 20.08 25.23 0.00
2018 4 18 0.00 39.65 19.05 30.38 0.00
2018 4 19 0.00 45.83 25.23 36.56 0.00
2018 4 20 0.30 35.53 21.11 27.29 0.00
2018 4 21 0.00 50.98 32.44 40.68 0.30
2018 4 22 0.00 52.01 38.62 45.83 0.00
2018 4 23 0.00 59.22 43.77 48.92 0.00
2018 4 24 0.00 52.01 32.44 42.74 0.00
2018 4 25 0.00 53.04 29.35 42.74 0.00
2018 4 26 0.00 55.10 39.65 46.86 0.00
2018 4 27 0.00 61.28 42.74 52.01 0.00
2018 4 28 0.00 59.22 43.77 50.98 0.00
2018 4 29 0.00 52.01 37.59 44.80 0.00
2018 4 30 0.00 47.89 27.29 37.59 0.00
2018 5 1 0.80 41.71 27.29 31.41 0.00
2018 5 2 0.60 37.59 26.26 29.35 0.60
2018 5 3 0.00 42.74 26.26 34.50 1.10
2018 5 4 0.00 50.98 34.50 42.74 0.90
2018 5 5 0.00 57.16 41.71 49.95 0.30
2018 5 6 0.00 61.28 48.92 54.07 0.00
2018 5 7 0.00 63.34 50.98 55.10 0.00
2018 5 8 0.00 67.46 52.01 57.16 0.00
2018 5 9 0.00 67.46 54.07 59.22 0.00
2018 5 10 0.00 63.34 50.98 56.13 0.00
2018 5 11 0.00 59.22 45.83 52.01 0.00
2018 5 12 0.00 48.92 38.62 42.74 0.00
2018 5 13 0.10 50.98 36.56 42.74 0.00
2018 5 14 0.00 54.07 37.59 45.83 0.00
2018 5 15 0.00 56.13 41.71 48.92 0.00
2018 5 16 0.00 59.22 44.80 52.01 0.00
2018 5 17 0.00 58.19 44.80 49.95 0.00
2018 5 18 0.00 56.13 41.71 46.86 0.00
2018 5 19 0.00 58.19 38.62 47.89 0.00
2018 5 20 0.00 59.22 42.74 48.92 0.00
2018 5 21 0.00 58.19 44.80 50.98 0.00
2018 5 22 0.00 54.07 43.77 47.89 0.00
2018 5 23 0.00 57.16 40.68 48.92 0.00
2018 5 24 0.00 64.37 45.83 55.10 0.00
2018 5 25 0.00 62.31 50.98 56.13 0.00
2018 5 26 0.00 61.28 42.74 52.01 0.00
2018 5 27 0.00 56.13 38.62 46.86 0.00
2018 5 28 0.00 55.10 38.62 45.83 0.00
2018 5 29 0.00 61.28 38.62 49.95 0.00
2018 5 30 0.00 65.40 47.89 55.10 0.00
2018 5 31 0.00 62.31 47.89 55.10 0.00
2018 6 1 0.00 62.31 44.80 52.01 0.00
2018 6 2 0.00 63.34 43.77 54.07 0.00
2018 6 3 0.00 69.52 52.01 60.25 0.00
2018 6 4 0.00 70.55 55.10 63.34 0.00
2018 6 5 0.00 69.52 57.16 62.31 0.00
2018 6 6 0.00 66.43 56.13 60.25 0.00
2018 6 7 0.00 68.49 54.07 59.22 0.00
2018 6 8 0.00 67.46 53.04 60.25 0.00
2018 6 9 0.00 68.49 55.10 61.28 0.00
2018 6 10 0.00 67.46 50.98 57.16 0.00
2018 6 11 0.00 68.49 49.95 58.19 0.00
2018 6 12 0.00 75.70 55.10 64.37 0.00
2018 6 13 0.00 76.73 58.19 66.43 0.00
2018 6 14 0.00 72.61 57.16 63.34 0.00
2018 6 15 0.00 70.55 54.07 60.25 0.00
2018 6 16 0.00 60.25 48.92 53.04 0.00
2018 6 17 0.00 61.28 46.86 54.07 0.00
2018 6 18 0.00 62.31 44.80 53.04 0.00
2018 6 19 0.00 68.49 48.92 57.16 0.00
2018 6 20 0.00 70.55 48.92 59.22 0.00
2018 6 21 0.00 75.70 57.16 66.43 0.00
2018 6 22 0.00 69.52 56.13 61.28 0.00
2018 6 23 0.00 74.67 54.07 63.34 0.00
2018 6 24 0.00 69.52 52.01 58.19 0.00
2018 6 25 0.00 73.64 50.98 63.34 0.00
2018 6 26 0.00 79.82 62.31 69.52 0.00
2018 6 27 0.00 78.79 62.31 69.52 0.00
2018 6 28 0.00 73.64 59.22 64.37 0.00
2018 6 29 0.00 70.55 55.10 61.28 0.00
2018 6 30 0.00 71.58 53.04 60.25 0.00
2018 7 1 0.00 71.58 48.92 61.28 0.00
2018 7 2 0.00 73.64 57.16 65.40 0.00
2018 7 3 0.00 72.61 59.22 64.37 0.00
2018 7 4 0.00 72.61 56.13 63.34 0.00
2018 7 5 0.00 77.76 59.22 66.43 0.00
2018 7 6 0.00 75.70 57.16 65.40 0.00
2018 7 7 0.60 74.67 47.89 64.37 0.00
2018 7 8 0.00 75.70 58.19 65.40 0.00
2018 7 9 0.00 76.73 58.19 66.43 0.00
2018 7 10 0.00 75.70 58.19 65.40 0.00
2018 7 11 0.60 74.67 49.95 61.28 0.00
2018 7 12 0.10 66.43 49.95 57.16 0.00
2018 7 13 0.00 71.58 55.10 62.31 0.00
2018 7 14 0.20 67.46 54.07 60.25 0.00
2018 7 15 0.20 68.49 55.10 60.25 0.00
2018 7 16 0.20 69.52 52.01 63.34 0.00
2018 7 17 0.00 70.55 54.07 63.34 0.00
2018 7 18 0.00 73.64 60.25 66.43 0.00
2018 7 19 0.00 78.79 61.28 67.46 0.00
2018 7 20 0.00 74.67 55.10 65.40 0.00
2018 7 21 0.00 76.73 58.19 65.40 0.00
2018 7 22 0.00 74.67 56.13 65.40 0.00
2018 7 23 0.00 76.73 57.16 66.43 0.00
2018 7 24 0.10 72.61 60.25 64.37 0.00
2018 7 25 0.00 76.73 59.22 65.40 0.00
2018 7 26 0.00 75.70 59.22 65.40 0.00
2018 7 27 0.00 72.61 60.25 65.40 0.00
2018 7 28 0.00 75.70 53.04 63.34 0.00
2018 7 29 0.00 75.70 60.25 66.43 0.00
2018 7 30 0.00 74.67 59.22 65.40 0.00
2018 7 31 0.00 77.76 62.31 68.49 0.00
2018 8 1 0.00 76.73 61.28 65.40 0.00
2018 8 2 0.30 70.55 53.04 61.28 0.00
2018 8 3 0.00 72.61 55.10 62.31 0.00
2018 8 4 0.00 72.61 55.10 63.34 0.00
2018 8 5 0.00 73.64 58.19 65.40 0.00
2018 8 6 0.00 74.67 58.19 65.40 0.00
2018 8 7 0.00 75.70 58.19 66.43 0.00
2018 8 8 0.00 76.73 60.25 67.46 0.00
2018 8 9 0.10 74.67 61.28 66.43 0.00
2018 8 10 0.00 75.70 61.28 67.46 0.00
2018 8 11 0.00 74.67 58.19 64.37 0.00
2018 8 12 0.00 76.73 61.28 66.43 0.00
2018 8 13 0.00 73.64 59.22 65.40 0.00
2018 8 14 0.00 76.73 58.19 64.37 0.00
2018 8 15 0.00 70.55 54.07 61.28 0.00
2018 8 16 0.00 68.49 54.07 61.28 0.00
2018 8 17 0.60 66.43 53.04 59.22 0.00
2018 8 18 0.10 69.52 49.95 60.25 0.00
2018 8 19 0.00 68.49 52.01 59.22 0.00
2018 8 20 0.00 72.61 58.19 64.37 0.00
2018 8 21 1.10 68.49 45.83 55.10 0.00
2018 8 22 0.10 60.25 47.89 53.04 0.00
2018 8 23 0.00 63.34 49.95 56.13 0.00
2018 8 24 0.00 66.43 55.10 58.19 0.00
2018 8 25 0.00 69.52 54.07 60.25 0.00
2018 8 26 0.00 66.43 53.04 59.22 0.00
2018 8 27 0.00 66.43 50.98 57.16 0.00
2018 8 28 0.00 65.40 52.01 58.19 0.00
2018 8 29 0.10 66.43 53.04 59.22 0.00
2018 8 30 0.10 66.43 55.10 60.25 0.00
2018 8 31 0.00 66.43 45.83 57.16 0.00
2018 9 1 0.00 63.34 46.86 55.10 0.00
2018 9 2 0.00 64.37 50.98 56.13 0.00
2018 9 3 0.00 64.37 52.01 56.13 0.00
2018 9 4 0.00 64.37 49.95 55.10 0.00
2018 9 5 0.00 58.19 48.92 52.01 0.00
2018 9 6 0.00 62.31 47.89 54.07 0.00
2018 9 7 0.00 65.40 52.01 57.16 0.00
2018 9 8 0.00 68.49 55.10 61.28 0.00
2018 9 9 0.00 70.55 54.07 61.28 0.00
2018 9 10 0.00 71.58 58.19 62.31 0.00
2018 9 11 0.00 66.43 56.13 60.25 0.00
2018 9 12 0.00 65.40 52.01 58.19 0.00
2018 9 13 0.00 64.37 49.95 56.13 0.00
2018 9 14 0.00 65.40 53.04 58.19 0.00
2018 9 15 0.00 67.46 56.13 60.25 0.00
2018 9 16 0.00 67.46 55.10 59.22 0.00
2018 9 17 0.00 66.43 55.10 59.22 0.00
2018 9 18 0.00 66.43 54.07 59.22 0.00
2018 9 19 0.00 63.34 50.98 55.10 0.00
2018 9 20 0.00 61.28 46.86 53.04 0.00
2018 9 21 0.00 63.34 46.86 55.10 0.00
2018 9 22 0.00 63.34 50.98 56.13 0.00
2018 9 23 0.00 63.34 50.98 55.10 0.00
2018 9 24 0.00 63.34 48.92 54.07 0.00
2018 9 25 0.00 56.13 41.71 48.92 0.00
2018 9 26 0.00 58.19 43.77 50.98 0.00
2018 9 27 0.00 64.37 47.89 55.10 0.00
2018 9 28 0.00 66.43 52.01 58.19 0.00
2018 9 29 0.00 62.31 49.95 55.10 0.00
2018 9 30 0.00 59.22 45.83 50.98 0.00
