2013 10 23 0.00  nan  nan  nan 0.00
2013 10 24 0.00 46.86 34.50 38.62 0.00
2013 10 25 0.00 44.80 33.47 37.59 0.00
2013 10 26 0.00 47.89 33.47 38.62 0.00
2013 10 27 0.00 43.77 31.41 37.59 0.00
2013 10 28 0.40 39.65 25.23 32.44 0.00
2013 10 29 0.40 28.32 16.99 22.14 0.30
2013 10 30 0.00 28.32 14.93 22.14 0.80
2013 10 31 0.00 34.50 16.99 27.29 0.80
2013 11 1 0.00 40.68 25.23 34.50 0.80
2013 11 2 0.00 45.83 31.41 37.59 0.80
2013 11 3 0.00 38.62 20.08 30.38 0.80
2013 11 4 0.00 27.29 12.87 22.14 0.80
2013 11 5 0.00 26.26 9.78 18.02 0.80
2013 11 6 0.00 35.53 22.14 29.35 0.80
2013 11 7 0.10 44.80 29.35 37.59 0.80
2013 11 8 0.00 46.86 33.47 39.65 0.90
2013 11 9 0.00 44.80 32.44 37.59 0.90
2013 11 10 0.00 45.83 31.41 38.62 0.90
2013 11 11 0.00 45.83 35.53 39.65 0.90
2013 11 12 0.00 46.86 33.47 38.62 0.90
2013 11 13 0.00 44.80 30.38 36.56 0.90
2013 11 14 0.00 40.68 29.35 33.47 0.90
2013 11 15 0.00 34.50 25.23 29.35 0.90
2013 11 16 0.00 33.47 23.17 27.29 0.90
2013 11 17 0.00 37.59 23.17 29.35 0.90
2013 11 18 0.00 40.68 27.29 33.47 0.90
2013 11 19 0.00  nan  nan  nan 0.90
2013 11 20 0.10 30.38 24.20 27.29 0.90
2013 11 21 0.60 32.44 19.05 26.26 1.00
2013 11 22 1.30 24.20 16.99 21.11 1.60
2013 11 23 1.20 26.26 21.11 23.17 2.90
2013 11 24 0.00 27.29 14.93 22.14 4.10
2013 11 25 0.00 31.41 21.11 28.32 4.10
2013 11 26 0.00 35.53 23.17 29.35 4.10
2013 11 27 0.00 37.59 24.20 28.32 4.10
2013 11 28 0.00 33.47 22.14 26.26 4.10
2013 11 29 0.00 32.44 20.08 26.26 4.10
2013 11 30 0.00 35.53 20.08 26.26 4.10
2013 12 1 0.00 40.68 24.20 32.44 4.10
2013 12 2 0.00 39.65 29.35 34.50 4.10
2013 12 3 0.90 32.44 22.14 27.29 4.10
2013 12 4 0.30 22.14 -9.79 5.66 4.90
2013 12 5 0.00 4.63 -10.82 -2.58 5.10
2013 12 6 0.00 10.81 -9.79 3.60 5.10
2013 12 7 0.70 9.78 1.54 5.66 5.10
2013 12 8 0.00 7.72 -7.73 -1.55 6.20
2013 12 9 0.00 18.02 -11.85 4.63 6.20
2013 12 10 0.00 30.38 12.87 22.14 6.20
2013 12 11 0.00 32.44 15.96 22.14 6.20
2013 12 12 0.00 37.59 22.14 28.32 6.20
2013 12 13 0.10 30.38 16.99 24.20 6.20
2013 12 14 0.00 33.47 14.93 24.20 6.30
2013 12 15 0.00 38.62 28.32 33.47 6.30
2013 12 16 0.00 45.83 28.32 36.56 6.30
2013 12 17 0.00 47.89 31.41 38.62 6.30
2013 12 18 0.00 42.74 28.32 36.56 6.30
2013 12 19 0.00 29.35 18.02 23.17 6.30
2013 12 20 0.00 27.29 13.90 19.05 6.30
2013 12 21 0.00 26.26 13.90 20.08 6.30
2013 12 22 0.10 22.14 14.93 19.05 6.30
2013 12 23 0.00 33.47 15.96 26.26 6.40
2013 12 24 0.00 34.50 19.05 27.29 6.40
2013 12 25 0.00 33.47 22.14 29.35 6.40
2013 12 26 0.00 37.59 26.26 31.41 6.40
2013 12 27 0.00 39.65 28.32 33.47 6.40
2013 12 28 0.00 36.56 16.99 29.35 6.40
2013 12 29 0.00 29.35 12.87 22.14 6.40
2013 12 30 0.00 37.59 25.23 31.41 6.40
2013 12 31 0.00 41.71 25.23 33.47 6.40
2014 1 1 0.00 32.44 23.17 28.32 6.40
2014 1 2 0.00 40.68 24.20 32.44 6.40
2014 1 3 0.00 40.68 25.23 33.47 6.40
2014 1 4 0.00 30.38 3.60 16.99 6.40
2014 1 5 0.00 22.14 5.66 13.90 6.40
2014 1 6 0.00  nan  nan  nan 6.40
2014 1 7 0.00  nan  nan  nan 6.40
2014 1 8 0.00 30.38 16.99 24.20 6.30
2014 1 9 0.00 28.32 14.93 22.14 6.30
2014 1 10 0.00 32.44 19.05 25.23 6.30
2014 1 11 0.00 42.74 26.26 33.47 6.30
2014 1 12 0.00 31.41 13.90 20.08 6.30
2014 1 13 0.00 34.50 15.96 25.23 6.30
2014 1 14 0.00 34.50 27.29 31.41 6.30
2014 1 15 0.00 40.68 29.35 34.50 6.20
2014 1 16 0.00 35.53 27.29 31.41 6.20
2014 1 17 0.00 39.65 28.32 32.44 6.20
2014 1 18 0.00 38.62 26.26 31.41 6.20
2014 1 19 0.00 41.71 26.26 33.47 6.20
2014 1 20 0.00 36.56 24.20 31.41 6.20
2014 1 21 0.00 40.68 24.20 31.41 6.20
2014 1 22 0.00 37.59 20.08 28.32 6.10
2014 1 23 0.00 22.14 11.84 18.02 6.10
2014 1 24 0.00 36.56 19.05 28.32 6.10
2014 1 25 0.00 40.68 29.35 33.47 6.10
2014 1 26 0.00 38.62 27.29 32.44 6.10
2014 1 27 0.00 34.50 23.17 29.35 6.10
2014 1 28 0.00 32.44 23.17 27.29 6.10
2014 1 29 0.00 39.65 22.14 33.47 6.10
2014 1 30 0.30 36.56 21.11 30.38 6.10
2014 1 31 0.20 27.29 10.81 19.05 6.40
2014 2 1 0.00 14.93 0.51 8.75 6.50
2014 2 2 0.00 15.96 -0.52 8.75 6.50
2014 2 3 0.20 22.14 5.66 12.87 6.50
2014 2 4 0.00 15.96 0.51 7.72 6.70
2014 2 5 0.00 18.02 1.54 9.78 6.70
2014 2 6 0.20 27.29 7.72 16.99 6.70
2014 2 7 0.00 29.35 14.93 21.11 6.80
2014 2 8 0.00 36.56 27.29 30.38 6.80
2014 2 9 0.00 38.62 25.23 32.44 6.80
2014 2 10 0.00 35.53 20.08 27.29 6.80
2014 2 11 0.00 31.41 18.02 24.20 6.80
2014 2 12 0.10 40.68 19.05 30.38 6.80
2014 2 13 0.00 43.77 28.32 36.56 6.90
2014 2 14 0.00 44.80 30.38 37.59 6.90
2014 2 15 0.00 47.89 33.47 39.65 6.90
2014 2 16 0.00 40.68 26.26 34.50 6.90
2014 2 17 0.00 39.65 23.17 31.41 6.90
2014 2 18 0.00 44.80 26.26 33.47 6.90
2014 2 19 0.00 37.59 6.69 24.20 6.90
2014 2 20 0.00 25.23 6.69 16.99 6.90
2014 2 21 0.00 35.53 20.08 26.26 6.90
2014 2 22 0.00 36.56 21.11 27.29 6.90
2014 2 23 0.00 38.62 21.11 30.38 6.90
2014 2 24 0.00 43.77 28.32 34.50 6.90
2014 2 25 0.00 43.77 26.26 33.47 6.90
2014 2 26 0.00 44.80 27.29 34.50 6.90
2014 2 27 0.20 31.41 23.17 27.29 6.90
2014 2 28 1.10 33.47 18.02 26.26 7.10
2014 3 1 0.30 29.35 18.02 24.20 7.90
2014 3 2 0.00 35.53 16.99 25.23 8.40
2014 3 3 0.00 39.65 20.08 28.32 8.40
2014 3 4 0.00 36.56 24.20 28.32 8.40
2014 3 5 0.00 41.71 21.11 31.41 8.40
2014 3 6 0.00 42.74 29.35 35.53 8.40
2014 3 7 0.00 33.47 20.08 25.23 8.40
2014 3 8 0.00 31.41 19.05 25.23 8.40
2014 3 9 0.00 47.89 24.20 36.56 8.40
2014 3 10 0.00 44.80 22.14 36.56 8.40
2014 3 11 0.30 28.32 12.87 20.08 8.40
2014 3 12 0.00 31.41 10.81 19.05 9.00
2014 3 13 0.00 37.59 16.99 27.29 9.00
2014 3 14 0.00 42.74 22.14 31.41 9.00
2014 3 15 0.00 31.41 20.08 26.26 9.00
2014 3 16 0.00 47.89 27.29 36.56 9.00
2014 3 17 0.00 42.74 9.78 31.41 9.00
2014 3 18 0.00 30.38 6.69 16.99 9.00
2014 3 19 0.00 36.56 8.75 25.23 9.00
2014 3 20 0.00 42.74 20.08 32.44 9.00
2014 3 21 0.00 41.71 26.26 33.47 9.00
2014 3 22 0.00 34.50 20.08 28.32 9.00
2014 3 23 0.00 40.68 18.02 30.38 9.00
2014 3 24 0.00 44.80 26.26 34.50 9.00
2014 3 25 0.00 44.80 27.29 36.56 9.00
2014 3 26 0.10 35.53 19.05 28.32 9.00
2014 3 27 0.00 33.47 20.08 25.23 9.10
2014 3 28 0.00 38.62 19.05 27.29 9.10
2014 3 29 0.00 41.71 25.23 33.47 9.10
2014 3 30 0.10 35.53 13.90 26.26 9.10
2014 3 31 0.00 33.47 11.84 25.23 9.30
2014 4 1 0.00 30.38 18.02 24.20 9.30
2014 4 2 0.20 29.35 11.84 19.05 9.30
2014 4 3 0.00 33.47 13.90 21.11 9.50
2014 4 4 0.00 33.47 15.96 25.23 9.50
2014 4 5 0.10 36.56 20.08 25.23 9.50
2014 4 6 0.10 33.47 20.08 27.29 9.80
2014 4 7 0.00 47.89 27.29 36.56 9.90
2014 4 8 0.00 49.95 32.44 41.71 9.90
2014 4 9 0.00 54.07 37.59 44.80 9.60
2014 4 10 0.00  nan  nan  nan 9.40
2014 4 11 0.00  nan  nan  nan 9.30
2014 4 12 0.00 47.89 35.53 40.68 9.20
2014 4 13 0.10 35.53 18.02 26.26 9.20
2014 4 14 0.00 39.65 12.87 27.29 9.30
2014 4 15 0.00 47.89 28.32 37.59 9.30
2014 4 16 0.00 39.65 29.35 32.44 9.20
2014 4 17 0.00 48.92 27.29 39.65 9.10
2014 4 18 0.00 47.89 34.50 40.68 8.80
2014 4 19 0.10 45.83 33.47 37.59 8.40
2014 4 20 0.00 48.92 35.53 41.71 8.10
2014 4 21 0.00 53.04 36.56 44.80 7.70
2014 4 22 0.00 47.89 33.47 41.71 7.10
2014 4 23 0.00 39.65 26.26 31.41 6.40
2014 4 24 0.00 45.83 26.26 36.56 6.00
2014 4 25 0.00 46.86 33.47 38.62 5.40
2014 4 26 0.90 36.56 22.14 28.32 4.80
2014 4 27 0.00 33.47 19.05 25.23 5.70
2014 4 28 0.00 28.32 18.02 23.17 5.70
2014 4 29 0.00 32.44 16.99 24.20 5.70
2014 4 30 0.00 31.41 19.05 24.20 5.70
2014 5 1 0.00 47.89 23.17 36.56 5.70
2014 5 2 0.00 57.16 35.53 45.83 5.40
2014 5 3 0.00 58.19 41.71 49.95 4.40
2014 5 4 0.00 57.16 41.71 46.86 2.80
2014 5 5 0.00 54.07 38.62 44.80 1.70
2014 5 6 0.00 44.80 27.29 36.56 0.80
2014 5 7 0.50 31.41 23.17 26.26 0.50
2014 5 8 0.00 43.77 23.17 31.41 1.10
2014 5 9 0.00 49.95 31.41 38.62 1.00
2014 5 10 0.20 47.89 30.38 37.59 0.50
2014 5 11 0.50 30.38 20.08 25.23 0.60
2014 5 12 0.00 29.35 19.05 23.17 1.70
2014 5 13 0.00 34.50 16.99 26.26 1.70
2014 5 14 0.00 47.89 25.23 36.56 1.70
2014 5 15 0.00 55.10 36.56 45.83 0.80
2014 5 16 0.00 56.13 45.83 50.98 0.30
2014 5 17 0.00 60.25 47.89 53.04 0.00
2014 5 18 0.00 59.22 42.74 49.95 0.00
2014 5 19 0.00 56.13 38.62 46.86 0.00
2014 5 20 0.00 53.04 35.53 43.77 0.00
2014 5 21 0.00 50.98 33.47 41.71 0.00
2014 5 22 0.00 54.07 34.50 43.77 0.00
2014 5 23 0.40 42.74 31.41 36.56 0.00
2014 5 24 0.00 46.86 30.38 37.59 0.00
2014 5 25 0.00 49.95 36.56 42.74 0.00
2014 5 26 0.00 59.22 40.68 49.95 0.00
2014 5 27 0.00 64.37 46.86 55.10 0.00
2014 5 28 0.00 65.40 47.89 56.13 0.00
2014 5 29 0.00 56.13 44.80 49.95 0.00
2014 5 30 0.00 61.28 44.80 52.01 0.00
2014 5 31 0.00 61.28 42.74 53.04 0.00
2014 6 1 0.00 62.31 45.83 53.04 0.00
2014 6 2 0.00 63.34 44.80 55.10 0.00
2014 6 3 0.00 64.37 44.80 53.04 0.00
2014 6 4 0.00 65.40 41.71 55.10 0.00
2014 6 5 0.00 62.31 41.71 53.04 0.00
2014 6 6 0.00 63.34 45.83 54.07 0.00
2014 6 7 0.00 60.25 45.83 53.04 0.00
2014 6 8 0.00 56.13 41.71 49.95 0.00
2014 6 9 0.00 61.28 35.53 49.95 0.00
2014 6 10 0.00 66.43 44.80 57.16 0.00
2014 6 11 0.10 63.34 43.77 53.04 0.00
2014 6 12 0.00 64.37 46.86 55.10 0.00
2014 6 13 0.00 63.34 44.80 53.04 0.00
2014 6 14 0.00 54.07 38.62 45.83 0.00
2014 6 15 0.00 60.25 37.59 49.95 0.00
2014 6 16 0.00 58.19 40.68 48.92 0.00
2014 6 17 0.00 58.19 40.68 47.89 0.00
2014 6 18 0.00 57.16 32.44 44.80 0.00
2014 6 19 0.00 59.22 34.50 48.92 0.00
2014 6 20 0.00 65.40 45.83 56.13 0.00
2014 6 21 0.00 64.37 49.95 57.16 0.00
2014 6 22 0.00 66.43 49.95 57.16 0.00
2014 6 23 0.00 68.49 49.95 58.19 0.00
2014 6 24 0.00 68.49 50.98 60.25 0.00
2014 6 25 0.00 68.49 48.92 59.22 0.00
2014 6 26 0.00 61.28 42.74 53.04 0.00
2014 6 27 0.00 61.28 40.68 49.95 0.00
2014 6 28 0.00 68.49 44.80 57.16 0.00
2014 6 29 0.00 75.70 55.10 64.37 0.00
2014 6 30 0.00 73.64 53.04 63.34 0.00
2014 7 1 0.00 68.49 52.01 59.22 0.00
2014 7 2 0.00 69.52 53.04 61.28 0.00
2014 7 3 0.00 65.40 52.01 58.19 0.00
2014 7 4 0.00 69.52 50.98 58.19 0.00
2014 7 5 0.00 69.52 49.95 57.16 0.00
2014 7 6 0.00 70.55 50.98 61.28 0.00
2014 7 7 0.00 73.64 55.10 63.34 0.00
2014 7 8 0.10 74.67 50.98 59.22 0.00
2014 7 9 0.00 68.49 50.98 58.19 0.00
2014 7 10 0.10 67.46 46.86 56.13 0.00
2014 7 11 0.10 67.46 46.86 57.16 0.00
2014 7 12 0.00 68.49 50.98 59.22 0.00
2014 7 13 0.00 71.58 53.04 62.31 0.00
2014 7 14 0.10 74.67 49.95 61.28 0.00
2014 7 15 0.00 65.40 49.95 58.19 0.00
2014 7 16 0.00 67.46 52.01 59.22 0.00
2014 7 17 0.00 71.58 53.04 61.28 0.00
2014 7 18 0.10 67.46 52.01 59.22 0.00
2014 7 19 0.00 70.55 55.10 61.28 0.00
2014 7 20 0.00 68.49 54.07 60.25 0.00
2014 7 21 0.00 69.52 52.01 59.22 0.00
2014 7 22 0.00 74.67 50.98 63.34 0.00
2014 7 23 0.00 75.70 54.07 65.40 0.00
2014 7 24 0.00 70.55 52.01 60.25 0.00
2014 7 25 0.10 70.55 53.04 59.22 0.00
2014 7 26 0.00 69.52 53.04 59.22 0.00
2014 7 27 0.10 73.64 48.92 60.25 0.00
2014 7 28 0.30 64.37 47.89 54.07 0.00
2014 7 29 0.90 62.31 41.71 52.01 0.00
2014 7 30 0.20 62.31 46.86 53.04 0.00
2014 7 31 0.50 60.25 44.80 52.01 0.00
2014 8 1 0.00 61.28 45.83 54.07 0.00
2014 8 2 0.00 65.40 47.89 56.13 0.00
2014 8 3 0.40 55.10 45.83 50.98 0.00
2014 8 4 0.00 58.19 46.86 50.98 0.00
2014 8 5 0.00 60.25 45.83 52.01 0.00
2014 8 6 0.00 63.34 44.80 54.07 0.00
2014 8 7 0.00 66.43 45.83 56.13 0.00
2014 8 8 0.00 67.46 46.86 56.13 0.00
2014 8 9 0.00 66.43 47.89 57.16 0.00
2014 8 10 0.00 62.31 49.95 55.10 0.00
2014 8 11 0.10 68.49 49.95 57.16 0.00
2014 8 12 0.10 62.31 45.83 53.04 0.00
2014 8 13 1.20 52.01 45.83 47.89 0.00
2014 8 14 0.00 60.25 45.83 53.04 0.00
2014 8 15 0.00 65.40 48.92 57.16 0.00
2014 8 16 0.00 69.52 52.01 59.22 0.00
2014 8 17 0.00 70.55 54.07 61.28 0.00
2014 8 18 0.20 68.49 47.89 57.16 0.00
2014 8 19 0.20 53.04 43.77 46.86 0.00
2014 8 20 0.00 58.19 44.80 49.95 0.00
2014 8 21 0.00 58.19 42.74 49.95 0.00
2014 8 22 0.10 54.07 42.74 47.89 0.00
2014 8 23 0.10 53.04 41.71 46.86 0.00
2014 8 24 0.00 55.10 40.68 48.92 0.00
2014 8 25 0.00 59.22 44.80 49.95 0.00
2014 8 26 0.40 56.13 38.62 44.80 0.00
2014 8 27 0.00 49.95 37.59 44.80 0.00
2014 8 28 0.00 58.19 42.74 49.95 0.00
2014 8 29 0.00 61.28 42.74 52.01 0.00
2014 8 30 0.00 63.34 46.86 55.10 0.00
2014 8 31 0.00 64.37 45.83 55.10 0.00
2014 9 1 0.00 66.43 47.89 56.13 0.00
2014 9 2 0.00 67.46 48.92 57.16 0.00
2014 9 3 0.00 64.37 49.95 56.13 0.00
2014 9 4 0.00 61.28 45.83 53.04 0.00
2014 9 5 0.40 61.28 43.77 49.95 0.00
2014 9 6 0.00 61.28 44.80 53.04 0.00
2014 9 7 0.10 60.25 44.80 52.01 0.00
2014 9 8 0.60 53.04 43.77 47.89 0.00
2014 9 9 0.20 55.10 42.74 47.89 0.00
2014 9 10 0.00 57.16 38.62 47.89 0.00
2014 9 11 0.00 61.28 43.77 52.01 0.00
2014 9 12 0.00 59.22 44.80 50.98 0.00
2014 9 13 0.00 60.25 45.83 52.01 0.00
2014 9 14 0.00 62.31 44.80 53.04 0.00
2014 9 15 0.00  nan  nan  nan 0.00
2014 9 16 0.00  nan  nan  nan 0.00
2014 9 17 0.00 63.34 47.89 54.07 0.00
2014 9 18 0.00 62.31 46.86 53.04 0.00
2014 9 19 0.40 59.22 45.83 52.01 0.00
2014 9 20 0.00 62.31 45.83 54.07 0.00
2014 9 21 0.70 53.04 43.77 46.86 0.00
2014 9 22 0.00 56.13 42.74 47.89 0.00
2014 9 23 0.00 60.25 40.68 49.95 0.00
2014 9 24 0.00 62.31 43.77 53.04 0.00
2014 9 25 0.00 62.31 47.89 54.07 0.00
2014 9 26 0.00 61.28 44.80 52.01 0.00
2014 9 27 1.00 48.92 35.53 42.74 0.00
2014 9 28 0.30 41.71 32.44 34.50 0.00
2014 9 29 0.30 41.71 29.35 35.53 0.00
2014 9 30 0.00 48.92 32.44 38.62 0.00
2014 10 1  nan 43.77 29.35 35.53  nan
2014 10 2  nan 46.86 26.26 38.62  nan
2014 10 3  nan 52.01 36.56 44.80  nan
2014 10 4  nan 55.10 39.65 45.83  nan
2014 10 5  nan 55.10 40.68 45.83  nan
2014 10 6  nan 58.19 38.62 48.92  nan
2014 10 7  nan 55.10 43.77 47.89  nan
2014 10 8  nan 50.98 40.68 45.83  nan
2014 10 9  nan 49.95 35.53 42.74  nan
2014 10 10  nan 50.98 39.65 44.80  nan
2014 10 11  nan 54.07 38.62 45.83  nan
2014 10 12  nan 44.80 30.38 34.50  nan
2014 10 13  nan 46.86 29.35 37.59  nan
2014 10 14  nan 55.10 37.59 45.83  nan
2014 10 15  nan 50.98 39.65 44.80  nan
2014 10 16  nan 53.04 38.62 44.80  nan
2014 10 17  nan 53.04 39.65 44.80  nan
2014 10 18  nan 49.95 38.62 43.77  nan
2014 10 19  nan 53.04 36.56 42.74  nan
2014 10 20  nan 49.95 36.56 41.71  nan
2014 10 21  nan 48.92 37.59 41.71  nan
2014 10 22  nan 50.98 35.53 41.71  nan
2014 10 23  nan 53.04 38.62 45.83  nan
2014 10 24  nan 55.10 41.71 47.89  nan
2014 10 25  nan 50.98 40.68 45.83  nan
2014 10 26  nan 48.92 33.47 40.68  nan
2014 10 27  nan 40.68 29.35 33.47  nan
2014 10 28  nan 45.83 29.35 37.59  nan
2014 10 29  nan 48.92 34.50 41.71  nan
2014 10 30  nan 50.98 37.59 42.74  nan
2014 10 31  nan 48.92 38.62 41.71  nan
2014 11 1  nan 39.65 29.35 36.56  nan
2014 11 2  nan 31.41 19.05 26.26  nan
2014 11 3  nan 28.32 16.99 22.14  nan
2014 11 4  nan 39.65 21.11 31.41  nan
2014 11 5  nan 41.71 31.41 37.59  nan
2014 11 6  nan 50.98 35.53 43.77  nan
2014 11 7  nan 50.98 36.56 43.77  nan
2014 11 8  nan 50.98 31.41 42.74  nan
2014 11 9  nan 52.01 39.65 44.80  nan
2014 11 10  nan 44.80 22.14 35.53  nan
2014 11 11  nan 47.89 24.20 36.56  nan
2014 11 12  nan 38.62 24.20 31.41  nan
2014 11 13  nan 40.68 24.20 31.41  nan
2014 11 14  nan 33.47 25.23 29.35  nan
2014 11 15  nan 34.50 13.90 26.26  nan
2014 11 16  nan 22.14 7.72 16.99  nan
2014 11 17  nan 28.32 15.96 22.14  nan
2014 11 18  nan 37.59 21.11 29.35  nan
2014 11 19  nan 41.71 27.29 33.47  nan
2014 11 20  nan 37.59 24.20 29.35  nan
2014 11 21  nan 34.50 23.17 28.32  nan
2014 11 22  nan 42.74 21.11 31.41  nan
2014 11 23  nan 22.14 11.84 16.99  nan
2014 11 24  nan 24.20 14.93 18.02  nan
2014 11 25  nan 39.65 16.99 30.38  nan
2014 11 26  nan 43.77 29.35 36.56  nan
2014 11 27  nan 47.89 33.47 40.68  nan
2014 11 28  nan 45.83 31.41 38.62  nan
2014 11 29  nan 40.68 28.32 33.47  nan
2014 11 30  nan 36.56 24.20 29.35  nan
2014 12 1  nan 37.59 23.17 29.35  nan
2014 12 2  nan 40.68 26.26 33.47  nan
2014 12 3  nan 35.53 26.26 30.38  nan
2014 12 4  nan 35.53 27.29 31.41  nan
2014 12 5  nan 35.53 25.23 28.32  nan
2014 12 6  nan 33.47 25.23 28.32  nan
2014 12 7  nan 37.59 23.17 31.41  nan
2014 12 8  nan 41.71 29.35 34.50  nan
2014 12 9  nan 39.65 26.26 33.47  nan
2014 12 10  nan 43.77 29.35 34.50  nan
2014 12 11  nan 37.59 30.38 32.44  nan
2014 12 12  nan 34.50 26.26 30.38  nan
2014 12 13  nan 28.32 15.96 22.14  nan
2014 12 14  nan 23.17 9.78 15.96  nan
2014 12 15  nan 29.35 10.81 22.14  nan
2014 12 16  nan 26.26 19.05 22.14  nan
2014 12 17  nan 27.29 14.93 20.08  nan
2014 12 18  nan 24.20 12.87 18.02  nan
2014 12 19  nan 30.38 12.87 22.14  nan
2014 12 20  nan 36.56 21.11 27.29  nan
2014 12 21  nan 38.62 22.14 33.47  nan
2014 12 22  nan 33.47 13.90 27.29  nan
2014 12 23  nan 26.26 10.81 18.02  nan
2014 12 24  nan 38.62 16.99 29.35  nan
2014 12 25  nan 18.02 7.72 12.87  nan
2014 12 26  nan 12.87 -0.52 6.69  nan
2014 12 27  nan 25.23 -3.61 10.81  nan
2014 12 28  nan 26.26 10.81 20.08  nan
2014 12 29  nan 16.99 0.51 8.75  nan
2014 12 30  nan 5.66 -0.52 2.57  nan
2014 12 31  nan 10.81 1.54 5.66  nan
2015 1 1  nan 15.96 6.69 10.81  nan
2015 1 2  nan 23.17 8.75 16.99  nan
2015 1 3  nan 30.38 18.02 24.20  nan
2015 1 4  nan 38.62 23.17 30.38  nan
2015 1 5  nan 44.80 24.20 35.53  nan
2015 1 6  nan 44.80 31.41 37.59  nan
2015 1 7  nan 48.92 31.41 37.59  nan
2015 1 8  nan 47.89 31.41 37.59  nan
2015 1 9  nan 40.68 29.35 33.47  nan
2015 1 10  nan 40.68 26.26 31.41  nan
2015 1 11  nan 33.47 23.17 27.29  nan
2015 1 12  nan 28.32 22.14 25.23  nan
2015 1 13  nan 24.20 18.02 21.11  nan
2015 1 14  nan 27.29 19.05 23.17  nan
2015 1 15  nan 42.74 23.17 32.44  nan
2015 1 16  nan 43.77 27.29 34.50  nan
2015 1 17  nan 39.65 26.26 31.41  nan
2015 1 18  nan 43.77 30.38 37.59  nan
2015 1 19  nan 40.68 23.17 33.47  nan
2015 1 20  nan 32.44 20.08 26.26  nan
2015 1 21  nan 26.26 7.72 18.02  nan
2015 1 22  nan 27.29 8.75 19.05  nan
2015 1 23  nan 34.50 20.08 27.29  nan
2015 1 24  nan 41.71 20.08 32.44  nan
2015 1 25  nan 42.74 34.50 38.62  nan
2015 1 26  nan 42.74 29.35 35.53  nan
2015 1 27  nan 33.47 24.20 29.35  nan
2015 1 28  nan 33.47 22.14 26.26  nan
2015 1 29  nan 34.50 23.17 27.29  nan
2015 1 30  nan 31.41 24.20 25.23  nan
2015 1 31  nan 30.38 22.14 26.26  nan
2015 2 1  nan 35.53 21.11 29.35  nan
2015 2 2  nan 38.62 27.29 31.41  nan
2015 2 3  nan 40.68 28.32 33.47  nan
2015 2 4  nan 40.68 29.35 35.53  nan
2015 2 5  nan 45.83 33.47 38.62  nan
2015 2 6  nan 43.77 32.44 36.56  nan
2015 2 7  nan 47.89 31.41 38.62  nan
2015 2 8  nan 43.77 30.38 35.53  nan
2015 2 9  nan 44.80 29.35 36.56  nan
2015 2 10  nan 37.59 23.17 29.35  nan
2015 2 11  nan 32.44 21.11 26.26  nan
2015 2 12  nan 43.77 24.20 36.56  nan
2015 2 13  nan 48.92 35.53 40.68  nan
2015 2 14  nan 50.98 35.53 41.71  nan
2015 2 15  nan 41.71 28.32 35.53  nan
2015 2 16  nan 29.35 13.90 23.17  nan
2015 2 17  nan 33.47 10.81 24.20  nan
2015 2 18  nan 44.80 30.38 36.56  nan
2015 2 19  nan 45.83 31.41 37.59  nan
2015 2 20  nan 36.56 20.08 31.41  nan
2015 2 21  nan 30.38 16.99 22.14  nan
2015 2 22  nan 18.02 11.84 14.93  nan
2015 2 23  nan 26.26 9.78 15.96  nan
2015 2 24  nan 29.35 12.87 22.14  nan
2015 2 25  nan 30.38 19.05 26.26  nan
2015 2 26  nan 28.32 13.90 20.08  nan
2015 2 27  nan 26.26 10.81 18.02  nan
2015 2 28  nan 24.20 11.84 18.02  nan
2015 3 1  nan 27.29 14.93 20.08  nan
2015 3 2  nan 28.32 12.87 22.14  nan
2015 3 3  nan 27.29 6.69 15.96  nan
2015 3 4  nan 26.26 6.69 15.96  nan
2015 3 5  nan 38.62 16.99 27.29  nan
2015 3 6  nan 40.68 24.20 30.38  nan
2015 3 7  nan 41.71 22.14 30.38  nan
2015 3 8  nan 42.74 26.26 32.44  nan
2015 3 9  nan 36.56 23.17 29.35  nan
2015 3 10  nan 46.86 27.29 35.53  nan
2015 3 11  nan 41.71 28.32 35.53  nan
2015 3 12  nan 34.50 27.29 30.38  nan
2015 3 13  nan 38.62 28.32 32.44  nan
2015 3 14  nan 45.83 27.29 36.56  nan
2015 3 15  nan 52.01 32.44 41.71  nan
2015 3 16  nan 50.98 32.44 40.68  nan
2015 3 17  nan 50.98 31.41 40.68  nan
2015 3 18  nan 43.77 31.41 36.56  nan
2015 3 19  nan 37.59 28.32 32.44  nan
2015 3 20  nan 43.77 26.26 34.50  nan
2015 3 21  nan 49.95 32.44 40.68  nan
2015 3 22  nan 46.86 32.44 38.62  nan
2015 3 23  nan 44.80 27.29 34.50  nan
2015 3 24  nan 44.80 25.23 33.47  nan
2015 3 25  nan 37.59 22.14 30.38  nan
2015 3 26  nan 48.92 26.26 37.59  nan
2015 3 27  nan 53.04 34.50 44.80  nan
2015 3 28  nan 55.10 36.56 45.83  nan
2015 3 29  nan 55.10 37.59 44.80  nan
2015 3 30  nan 53.04 35.53 44.80  nan
2015 3 31  nan 50.98 35.53 42.74  nan
2015 4 1  nan 47.89 29.35 38.62  nan
2015 4 2  nan 35.53 15.96 27.29  nan
2015 4 3  nan 37.59 14.93 24.20  nan
2015 4 4  nan 42.74 24.20 33.47  nan
2015 4 5  nan 44.80 28.32 35.53  nan
2015 4 6  nan 42.74 26.26 33.47  nan
2015 4 7  nan 39.65 22.14 31.41  nan
2015 4 8  nan 30.38 18.02 23.17  nan
2015 4 9  nan 41.71 18.02 29.35  nan
2015 4 10  nan 45.83 24.20 35.53  nan
2015 4 11  nan 46.86 31.41 38.62  nan
2015 4 12  nan 46.86 28.32 37.59  nan
2015 4 13  nan 52.01 32.44 41.71  nan
2015 4 14  nan 46.86 13.90 36.56  nan
2015 4 15  nan 19.05 8.75 13.90  nan
2015 4 16  nan 21.11 11.84 16.99  nan
2015 4 17  nan 33.47 20.08 27.29  nan
2015 4 18  nan 42.74 28.32 35.53  nan
2015 4 19  nan 46.86 27.29 36.56  nan
2015 4 20  nan 49.95 35.53 40.68  nan
2015 4 21  nan 49.95 34.50 40.68  nan
2015 4 22  nan 48.92 32.44 38.62  nan
2015 4 23  nan 44.80 29.35 36.56  nan
2015 4 24  nan 42.74 29.35 34.50  nan
2015 4 25  nan  nan  nan  nan  nan
2015 4 26  nan  nan  nan  nan  nan
2015 4 27  nan 42.74 28.32 34.50  nan
2015 4 28  nan 52.01 30.38 39.65  nan
2015 4 29  nan 57.16 37.59 46.86  nan
2015 4 30  nan 58.19 41.71 47.89  nan
2015 5 1  nan 58.19 40.68 48.92  nan
2015 5 2  nan 56.13 43.77 47.89  nan
2015 5 3  nan 50.98 34.50 41.71  nan
2015 5 4  nan 45.83 33.47 37.59  nan
2015 5 5  nan 42.74 33.47 36.56  nan
2015 5 6  nan 45.83 33.47 37.59  nan
2015 5 7  nan 45.83 31.41 37.59  nan
2015 5 8  nan 39.65 21.11 31.41  nan
2015 5 9  nan 36.56 20.08 27.29  nan
2015 5 10  nan 41.71 26.26 32.44  nan
2015 5 11  nan 46.86 28.32 38.62  nan
2015 5 12  nan 50.98 36.56 42.74  nan
2015 5 13  nan 48.92 33.47 40.68  nan
2015 5 14  nan 38.62 27.29 33.47  nan
2015 5 15  nan 33.47 24.20 27.29  nan
2015 5 16  nan 42.74 21.11 32.44  nan
2015 5 17  nan 46.86 30.38 38.62  nan
2015 5 18  nan 45.83 28.32 35.53  nan
2015 5 19  nan 41.71 25.23 33.47  nan
2015 5 20  nan 47.89 29.35 38.62  nan
2015 5 21  nan 47.89 34.50 40.68  nan
2015 5 22  nan 46.86 28.32 37.59  nan
2015 5 23  nan 42.74 27.29 31.41  nan
2015 5 24  nan 47.89 27.29 36.56  nan
2015 5 25  nan 48.92 33.47 40.68  nan
2015 5 26  nan 46.86 35.53 40.68  nan
2015 5 27  nan 53.04 34.50 44.80  nan
2015 5 28  nan 55.10 40.68 45.83  nan
2015 5 29  nan 49.95 38.62 43.77  nan
2015 5 30  nan 58.19 40.68 48.92  nan
2015 5 31  nan 64.37 44.80 55.10  nan
2015 6 1  nan 62.31 46.86 55.10  nan
2015 6 2  nan 61.28 42.74 52.01  nan
2015 6 3  nan 58.19 41.71 49.95  nan
2015 6 4  nan 58.19 39.65 49.95  nan
2015 6 5  nan 50.98 35.53 41.71  nan
2015 6 6  nan 46.86 34.50 38.62  nan
2015 6 7  nan 49.95 34.50 41.71  nan
2015 6 8  nan 59.22 38.62 50.98  nan
2015 6 9  nan 62.31 43.77 52.01  nan
2015 6 10  nan 54.07 42.74 46.86  nan
2015 6 11  nan 50.98 41.71 44.80  nan
2015 6 12  nan 56.13 40.68 47.89  nan
2015 6 13  nan 59.22 40.68 50.98  nan
2015 6 14  nan 61.28 43.77 53.04  nan
2015 6 15  nan 64.37 48.92 56.13  nan
2015 6 16  nan 67.46 49.95 59.22  nan
2015 6 17  nan 70.55 55.10 61.28  nan
2015 6 18  nan 70.55 53.04 62.31  nan
2015 6 19  nan 70.55 52.01 62.31  nan
2015 6 20  nan 73.64 59.22 65.40  nan
2015 6 21  nan 71.58 54.07 62.31  nan
2015 6 22  nan 72.61 53.04 63.34  nan
2015 6 23  nan 71.58 55.10 62.31  nan
2015 6 24  nan 71.58 53.04 62.31  nan
2015 6 25  nan 71.58 52.01 62.31  nan
2015 6 26  nan 72.61 56.13 63.34  nan
2015 6 27  nan 73.64 55.10 63.34  nan
2015 6 28  nan 73.64 53.04 64.37  nan
2015 6 29  nan 74.67 54.07 63.34  nan
2015 6 30  nan 74.67 49.95 63.34  nan
2015 7 1  nan 70.55 55.10 62.31  nan
2015 7 2  nan 70.55 55.10 61.28  nan
2015 7 3  nan 69.52 56.13 61.28  nan
2015 7 4  nan 67.46 48.92 59.22  nan
2015 7 5  nan 65.40 48.92 56.13  nan
2015 7 6  nan 58.19 44.80 52.01  nan
2015 7 7  nan 57.16 43.77 47.89  nan
2015 7 8  nan 57.16 44.80 49.95  nan
2015 7 9  nan  nan  nan  nan  nan
2015 7 10  nan  nan  nan  nan  nan
2015 7 11  nan 59.22 41.71 49.95  nan
2015 7 12  nan 64.37 44.80 54.07  nan
2015 7 13  nan 65.40 46.86 55.10  nan
2015 7 14  nan 63.34 44.80 53.04  nan
2015 7 15  nan 65.40 44.80 54.07  nan
2015 7 16  nan 66.43 48.92 57.16  nan
2015 7 17  nan 67.46 52.01 58.19  nan
2015 7 18  nan 62.31 44.80 53.04  nan
2015 7 19  nan 60.25 43.77 49.95  nan
2015 7 20  nan 58.19 44.80 50.98  nan
2015 7 21  nan 58.19 44.80 49.95  nan
2015 7 22  nan 63.34 44.80 53.04  nan
2015 7 23  nan 64.37 45.83 55.10  nan
2015 7 24  nan 65.40 48.92 57.16  nan
2015 7 25  nan 68.49 49.95 58.19  nan
2015 7 26  nan 67.46 49.95 58.19  nan
2015 7 27  nan 66.43 47.89 57.16  nan
2015 7 28  nan 66.43 46.86 55.10  nan
2015 7 29  nan 67.46 47.89 57.16  nan
2015 7 30  nan 69.52 49.95 59.22  nan
2015 7 31  nan 68.49 50.98 58.19  nan
2015 8 1  nan 67.46 49.95 57.16  nan
2015 8 2  nan 57.16 43.77 49.95  nan
2015 8 3  nan 63.34 41.71 53.04  nan
2015 8 4  nan 67.46 47.89 58.19  nan
2015 8 5  nan 68.49 52.01 58.19  nan
2015 8 6  nan 69.52 50.98 59.22  nan
2015 8 7  nan 55.10 42.74 46.86  nan
2015 8 8  nan 59.22 42.74 49.95  nan
2015 8 9  nan 63.34 44.80 53.04  nan
2015 8 10  nan 66.43 46.86 54.07  nan
2015 8 11  nan 56.13 45.83 49.95  nan
2015 8 12  nan 58.19 46.86 50.98  nan
2015 8 13  nan 66.43 46.86 56.13  nan
2015 8 14  nan 69.52 52.01 60.25  nan
2015 8 15  nan 69.52 48.92 60.25  nan
2015 8 16  nan 69.52 54.07 61.28  nan
2015 8 17  nan 71.58 54.07 63.34  nan
2015 8 18  nan 66.43 52.01 58.19  nan
2015 8 19  nan 66.43 45.83 57.16  nan
2015 8 20  nan 67.46 50.98 58.19  nan
2015 8 21  nan 69.52 42.74 57.16  nan
2015 8 22  nan 66.43 50.98 58.19  nan
2015 8 23  nan 68.49 49.95 56.13  nan
2015 8 24  nan 69.52 49.95 58.19  nan
2015 8 25  nan 69.52 46.86 59.22  nan
2015 8 26  nan 54.07 45.83 47.89  nan
2015 8 27  nan 60.25 45.83 53.04  nan
2015 8 28  nan 64.37 46.86 55.10  nan
2015 8 29  nan 66.43 48.92 57.16  nan
2015 8 30  nan 63.34 47.89 55.10  nan
2015 8 31  nan 60.25 38.62 50.98  nan
2015 9 1  nan 61.28 47.89 53.04  nan
2015 9 2  nan 61.28 46.86 53.04  nan
2015 9 3  nan 59.22 45.83 52.01  nan
2015 9 4  nan 57.16 43.77 48.92  nan
2015 9 5  nan 57.16 42.74 47.89  nan
2015 9 6  nan 59.22 41.71 49.95  nan
2015 9 7  nan 60.25 42.74 49.95  nan
2015 9 8  nan 63.34 44.80 53.04  nan
2015 9 9  nan 65.40 49.95 56.13  nan
2015 9 10  nan 66.43 50.98 57.16  nan
2015 9 11  nan 64.37 46.86 56.13  nan
2015 9 12  nan 69.52 48.92 59.22  nan
2015 9 13  nan 66.43 45.83 57.16  nan
2015 9 14  nan 55.10 39.65 45.83  nan
2015 9 15  nan 45.83 39.65 41.71  nan
2015 9 16  nan 46.86 40.68 42.74  nan
2015 9 17  nan 53.04 38.62 44.80  nan
2015 9 18  nan 54.07 37.59 45.83  nan
2015 9 19  nan 59.22 39.65 48.92  nan
2015 9 20  nan 61.28 45.83 53.04  nan
2015 9 21  nan 62.31 47.89 54.07  nan
2015 9 22  nan 59.22 45.83 50.98  nan
2015 9 23  nan 62.31 47.89 54.07  nan
2015 9 24  nan 64.37 48.92 55.10  nan
2015 9 25  nan  nan  nan  nan  nan
2015 9 26  nan  nan  nan  nan  nan
2015 9 27  nan 62.31 47.89 54.07  nan
2015 9 28  nan 65.40 47.89 55.10  nan
2015 9 29  nan 64.37 46.86 54.07  nan
2015 9 30  nan 64.37 47.89 54.07  nan
2015 10 1 0.00 60.25 46.86 53.04 0.00
2015 10 2 0.00 52.01 37.59 44.80 0.00
2015 10 3 0.10 46.86 34.50 40.68 0.00
2015 10 4 0.30 52.01 35.53 42.74 0.00
2015 10 5 1.00 42.74 33.47 37.59 0.00
2015 10 6 0.10 42.74 31.41 35.53 0.00
2015 10 7 0.00 48.92 32.44 40.68 0.00
2015 10 8 0.00 53.04 40.68 45.83 0.00
2015 10 9 0.00 56.13 40.68 47.89 0.00
2015 10 10 0.00 56.13 42.74 48.92 0.00
2015 10 11 0.00 58.19 42.74 49.95 0.00
2015 10 12 0.00 59.22 41.71 50.98 0.00
2015 10 13 0.00 60.25 45.83 52.01 0.00
2015 10 14 0.00 60.25 45.83 50.98 0.00
2015 10 15 0.00 55.10 42.74 49.95 0.00
2015 10 16 0.00 55.10 39.65 45.83 0.00
2015 10 17 0.90 40.68 38.62 39.65 0.00
2015 10 18 0.60 42.74 34.50 40.68 0.00
2015 10 19 0.80 38.62 32.44 34.50 0.00
2015 10 20 0.20 40.68 32.44 33.47 0.00
2015 10 21 0.10 35.53 30.38 33.47 0.00
2015 10 22 0.00 39.65 31.41 34.50 0.00
2015 10 23 0.00 39.65 29.35 34.50 0.00
2015 10 24 0.00 45.83 28.32 36.56 0.00
2015 10 25 0.10 42.74 33.47 37.59 0.00
2015 10 26 0.00 45.83 31.41 38.62 0.00
2015 10 27 0.00 44.80 31.41 38.62 0.00
2015 10 28 0.00 45.83 30.38 38.62 0.00
2015 10 29 0.40 34.50 27.29 30.38 0.00
2015 10 30 0.00 36.56 25.23 31.41 0.40
2015 10 31 0.00 45.83 32.44 39.65 0.20
2015 11 1 0.00 50.98 36.56 42.74 0.00
2015 11 2 0.00 43.77 32.44 38.62 0.00
2015 11 3 0.10 33.47 23.17 29.35 0.00
2015 11 4 0.30 27.29 19.05 22.14 0.10
2015 11 5 0.10 27.29 13.90 20.08 0.40
2015 11 6 0.00 26.26 14.93 20.08 0.50
2015 11 7 0.00 33.47 13.90 25.23 0.50
2015 11 8 0.00 34.50 24.20 29.35 0.50
2015 11 9 0.00 33.47 25.23 29.35 0.50
2015 11 10 0.30 26.26 15.96 21.11 0.50
2015 11 11 0.00 29.35 15.96 23.17 0.80
2015 11 12 0.00 35.53 21.11 27.29 0.80
2015 11 13 0.00  nan  nan  nan 0.80
2015 11 14 0.00  nan  nan  nan 0.80
2015 11 15 0.50 33.47 22.14 26.26 0.80
2015 11 16 1.10 24.20 12.87 18.02 1.30
2015 11 17 0.00 33.47 15.96 25.23 2.40
2015 11 18 0.00 35.53 24.20 29.35 2.40
2015 11 19 0.00 42.74 29.35 35.53 2.40
2015 11 20 0.00 38.62 22.14 30.38 2.40
2015 11 21 0.00 38.62 18.02 28.32 2.40
2015 11 22 0.00 42.74 27.29 33.47 2.40
2015 11 23 0.00 40.68 27.29 33.47 2.40
2015 11 24 0.00 32.44 24.20 28.32 2.40
2015 11 25 0.00 31.41 14.93 23.17 2.40
2015 11 26 0.20 20.08 10.81 14.93 2.40
2015 11 27 0.00 15.96 8.75 11.84 2.60
2015 11 28 0.00 18.02 3.60 9.78 2.60
2015 11 29 0.20 16.99 3.60 8.75 2.60
2015 11 30 0.00 23.17 4.63 15.96 2.80
2015 12 1 0.20 29.35 15.96 23.17 2.80
2015 12 2 0.00 38.62 22.14 29.35 3.00
2015 12 3 0.00 38.62 28.32 32.44 3.00
2015 12 4 0.00 32.44 21.11 27.29 3.00
2015 12 5 0.00 29.35 15.96 22.14 3.00
2015 12 6 0.00 40.68 24.20 33.47 3.00
2015 12 7 0.00 42.74 28.32 36.56 3.00
2015 12 8 0.00 42.74 30.38 37.59 3.00
2015 12 9 0.00 45.83 31.41 40.68 3.00
2015 12 10 0.00 40.68 28.32 33.47 3.00
2015 12 11 0.50 28.32 15.96 22.14 3.00
2015 12 12 0.00 20.08 12.87 15.96 3.50
2015 12 13 0.10 40.68 19.05 29.35 3.50
2015 12 14 0.80 19.05 8.75 13.90 3.60
2015 12 15 0.00 16.99 5.66 10.81 4.40
2015 12 16 0.00 20.08 3.60 10.81 4.40
2015 12 17 0.10 27.29 8.75 18.02 4.40
2015 12 18 0.00 39.65 21.11 29.35 4.50
2015 12 19 0.00 32.44 22.14 26.26 4.50
2015 12 20 0.10 27.29 14.93 20.08 4.50
2015 12 21 0.20 27.29 12.87 20.08 4.60
2015 12 22 0.60 27.29 21.11 24.20 4.70
2015 12 23 0.00 24.20 1.54 15.96 5.30
2015 12 24 0.00 16.99 0.51 9.78 5.30
2015 12 25 0.00 12.87 1.54 7.72 5.30
2015 12 26 0.00 5.66 -0.52 2.57 5.30
2015 12 27 0.00 28.32 3.60 18.02 5.30
2015 12 28 0.00 16.99 6.69 12.87 5.30
2015 12 29 0.00 19.05 3.60 9.78 5.30
2015 12 30 0.20 16.99 1.54 8.75 5.30
2015 12 31 0.00 9.78 -2.58 2.57 5.50
2016 1 1 0.30 16.99 -2.58 8.75 5.50
2016 1 2 0.00 30.38 12.87 22.14 5.80
2016 1 3 0.00 32.44 22.14 26.26 5.80
2016 1 4 0.70 25.23 16.99 21.11 5.80
2016 1 5 0.40 24.20 19.05 21.11 6.50
2016 1 6 0.30 27.29 13.90 22.14 6.90
2016 1 7 0.50 20.08 8.75 15.96 7.20
2016 1 8 0.00 20.08 7.72 13.90 7.60
2016 1 9 0.00 21.11 4.63 11.84 7.60
2016 1 10 0.00 16.99 7.72 11.84 7.60
2016 1 11 0.00 30.38 10.81 23.17 7.60
2016 1 12 0.00 38.62 21.11 29.35 7.60
2016 1 13 0.00 33.47 21.11 29.35 7.60
2016 1 14 0.00 26.26 11.84 19.05 7.60
2016 1 15 0.10 25.23 11.84 19.05 7.60
2016 1 16 0.00 30.38 13.90 24.20 7.70
2016 1 17 0.00 33.47 20.08 26.26 7.70
2016 1 18 0.00 32.44 20.08 26.26 6.70
2016 1 19 0.10 33.47 16.99 23.17 6.70
2016 1 20 0.40 27.29 14.93 22.14 6.80
2016 1 21 0.00 34.50 12.87 26.26 7.20
2016 1 22 0.00 37.59 27.29 32.44 7.20
2016 1 23 0.00 33.47 23.17 28.32 7.20
2016 1 24 0.20 23.17 10.81 18.02 7.20
2016 1 25 0.00 18.02 9.78 12.87 7.40
2016 1 26 0.00 32.44 12.87 23.17 7.40
2016 1 27 0.00 42.74 31.41 36.56 7.40
2016 1 28 0.00 43.77 32.44 37.59 7.40
2016 1 29 0.00 42.74 28.32 34.50 7.40
2016 1 30 0.00 36.56 24.20 30.38 7.40
2016 1 31 1.20 24.20 15.96 21.11 7.40
2016 2 1 0.20 19.05 2.57 10.81 8.60
2016 2 2 0.00 10.81 -2.58 3.60 8.80
2016 2 3 0.00 13.90 -4.64 7.72 8.80
2016 2 4 0.20 22.14 6.69 15.96 8.80
2016 2 5 0.00 24.20 9.78 18.02 9.00
2016 2 6 0.00 38.62 21.11 29.35 9.00
2016 2 7 0.00 37.59 26.26 32.44 9.00
2016 2 8 0.00 42.74 33.47 37.59 9.00
2016 2 9 0.00 46.86 33.47 39.65 9.00
2016 2 10 0.00 50.98 33.47 40.68 9.00
2016 2 11 0.00 47.89 33.47 39.65 9.00
2016 2 12 0.00 49.95 31.41 40.68 9.00
2016 2 13 0.00 44.80 28.32 35.53 9.00
2016 2 14 0.00 39.65 25.23 31.41 9.00
2016 2 15 0.00 41.71 26.26 32.44 9.00
2016 2 16 0.00 48.92 27.29 37.59 9.00
2016 2 17 0.00 40.68 32.44 36.56 9.00
2016 2 18 0.50 33.47 16.99 27.29 9.00
2016 2 19 0.00 37.59 19.05 30.38 9.50
2016 2 20 0.00 44.80 26.26 33.47 9.50
2016 2 21 0.00 40.68 25.23 31.41 9.50
2016 2 22 0.10 30.38 12.87 23.17 9.50
2016 2 23 0.10 22.14 10.81 15.96 9.60
2016 2 24 0.00 37.59 14.93 29.35 9.70
2016 2 25 0.00 42.74 28.32 34.50 9.70
2016 2 26 0.00 45.83 28.32 36.56 9.70
2016 2 27 0.00 47.89 31.41 38.62 9.70
2016 2 28 0.00 44.80 28.32 33.47 9.70
2016 2 29 0.00 43.77 28.32 34.50 9.70
2016 3 1 0.00 44.80 28.32 35.53 9.60
2016 3 2 0.00 44.80 30.38 36.56 9.60
2016 3 3 0.00 47.89 30.38 37.59 9.60
2016 3 4 0.00 46.86 31.41 36.56 9.60
2016 3 5 0.00 41.71 30.38 34.50 9.60
2016 3 6 0.20 30.38 21.11 28.32 9.60
2016 3 7 0.00 34.50 14.93 23.17 9.80
2016 3 8 0.00 33.47 16.99 24.20 9.80
2016 3 9 0.10 39.65 20.08 29.35 9.80
2016 3 10 0.00 46.86 27.29 35.53 9.90
2016 3 11 0.10 42.74 31.41 36.56 9.90
2016 3 12 0.00 39.65 24.20 30.38 10.00
2016 3 13 0.00 39.65 24.20 31.41 10.00
2016 3 14 0.00 38.62 21.11 30.38 10.00
2016 3 15 0.00 34.50 20.08 27.29 10.00
2016 3 16 0.00 36.56 20.08 28.32 10.00
2016 3 17 0.00 42.74 25.23 33.47 10.00
2016 3 18 0.00 45.83 27.29 34.50 10.00
2016 3 19 0.00 44.80 26.26 35.53 10.00
2016 3 20 0.00 45.83 29.35 38.62 10.00
2016 3 21 0.00 46.86 33.47 38.62 10.00
2016 3 22 0.00 39.65 14.93 26.26 9.90
2016 3 23 0.00 29.35 12.87 21.11 9.90
2016 3 24 0.00 38.62 16.99 29.35 9.90
2016 3 25 0.10 33.47 20.08 27.29 9.90
2016 3 26 0.00 29.35 13.90 20.08 10.00
2016 3 27 0.10 40.68 18.02 28.32 10.00
2016 3 28 0.00 35.53 24.20 29.35 9.80
2016 3 29 0.20 24.20 13.90 18.02 9.70
2016 3 30 0.10 31.41 9.78 19.05 9.90
2016 3 31 0.10 34.50 14.93 24.20 10.00
2016 4 1 0.00 32.44 18.02 25.23 10.10
2016 4 2 0.00 42.74 22.14 34.50 10.10
2016 4 3 0.00 49.95 34.50 39.65 10.10
2016 4 4 0.00 48.92 33.47 40.68 10.10
2016 4 5 0.00 43.77 30.38 36.56 9.80
2016 4 6 0.00 52.01 27.29 39.65 9.40
2016 4 7 0.00 47.89 35.53 41.71 9.20
2016 4 8 0.20 48.92 30.38 36.56 9.00
2016 4 9 0.10 38.62 30.38 32.44 9.20
2016 4 10 0.00 42.74 28.32 33.47 9.30
2016 4 11 0.00 46.86 28.32 35.53 9.30
2016 4 12 0.10 46.86 30.38 37.59 9.20
2016 4 13 0.00 47.89 30.38 39.65 9.10
2016 4 14 0.00 44.80 30.38 36.56 8.60
2016 4 15 1.00 30.38 20.08 23.17 8.30
2016 4 16 0.40 33.47 20.08 25.23 9.30
2016 4 17 0.00 30.38 19.05 22.14 9.70
2016 4 18 0.00 37.59 15.96 26.26 9.70
2016 4 19 0.00 43.77 24.20 34.50 9.70
2016 4 20 0.00 52.01 31.41 41.71 9.70
2016 4 21 0.00 55.10 35.53 44.80 9.70
2016 4 22 0.00 52.01 38.62 44.80 9.70
2016 4 23 0.00 39.65 27.29 34.50 9.30
2016 4 24 0.00 45.83 25.23 35.53 9.00
2016 4 25 0.70 34.50 21.11 27.29 8.10
2016 4 26 0.20 33.47 20.08 28.32 8.80
2016 4 27 0.70 38.62 24.20 30.38 9.00
2016 4 28 1.00 37.59 21.11 27.29 9.70
2016 4 29 0.10 38.62 21.11 28.32 10.70
2016 4 30 0.20 33.47 23.17 27.29 10.80
2016 5 1 0.00 32.44 21.11 26.26 11.00
2016 5 2 0.20 40.68 25.23 31.41 11.00
2016 5 3 0.00 48.92 27.29 37.59 11.20
2016 5 4 0.00 53.04 32.44 43.77 11.20
2016 5 5 0.00 55.10 40.68 46.86 10.40
2016 5 6 0.10 43.77 29.35 36.56 9.90
2016 5 7 0.60 41.71 24.20 29.35 9.80
2016 5 8 0.00 43.77 23.17 33.47 10.40
2016 5 9 0.10 52.01 34.50 41.71 10.40
2016 5 10 0.00 44.80 32.44 37.59 9.70
2016 5 11 0.00 47.89 27.29 36.56 9.30
2016 5 12 0.00 53.04 31.41 43.77 9.10
2016 5 13 0.00 60.25 39.65 50.98 8.00
2016 5 14 0.00 59.22 41.71 49.95 6.50
2016 5 15 0.10 50.98 33.47 42.74 5.20
2016 5 16 0.50 44.80 29.35 33.47 4.10
2016 5 17 0.10 45.83 28.32 34.50 4.60
2016 5 18 0.00 47.89 31.41 37.59 4.70
2016 5 19 0.00 50.98 34.50 43.77 4.50
2016 5 20 0.10 50.98 37.59 43.77 3.40
2016 5 21 0.00 43.77 32.44 38.62 2.80
2016 5 22 0.00 46.86 29.35 36.56 2.60
2016 5 23 0.00 49.95 30.38 40.68 1.90
2016 5 24 0.00 46.86 32.44 38.62 1.50
2016 5 25 0.00 48.92 30.38 39.65 1.30
2016 5 26 0.10 45.83 30.38 36.56 1.10
2016 5 27 0.00 48.92 33.47 39.65 1.00
2016 5 28 0.00 50.98 33.47 41.71 0.90
2016 5 29 0.00 58.19 36.56 47.89 0.90
2016 5 30 0.00 55.10 40.68 46.86 0.80
2016 5 31 0.00 59.22 39.65 48.92 0.70
2016 6 1 0.00 62.31 40.68 52.01 0.20
2016 6 2 0.00 64.37 45.83 56.13 0.00
2016 6 3 0.00 65.40 49.95 57.16 0.00
2016 6 4 0.00 67.46 49.95 57.16 0.00
2016 6 5 0.00 71.58 52.01 61.28 0.00
2016 6 6 0.00 69.52 53.04 61.28 0.00
2016 6 7 0.00 67.46 49.95 58.19 0.00
2016 6 8 0.00 66.43 52.01 59.22 0.00
2016 6 9 0.00 71.58 50.98 61.28 0.00
2016 6 10 0.00 69.52 53.04 60.25 0.00
2016 6 11 0.00 59.22 45.83 52.01 0.00
2016 6 12 0.00 62.31 44.80 52.01 0.00
2016 6 13 0.00 54.07 39.65 45.83 0.00
2016 6 14 0.00 60.25 40.68 50.98 0.00
2016 6 15 0.00 62.31 42.74 52.01 0.00
2016 6 16 0.00 60.25 39.65 50.98 0.00
2016 6 17 0.00 63.34 44.80 54.07 0.00
2016 6 18 0.00 68.49 48.92 58.19 0.00
2016 6 19 0.00 73.64 54.07 63.34 0.00
2016 6 20 0.00 75.70 57.16 67.46 0.00
2016 6 21 0.00 76.73 60.25 66.43 0.00
2016 6 22 0.00 74.67 56.13 64.37 0.00
2016 6 23 0.00 72.61 55.10 63.34 0.00
2016 6 24 0.00 71.58 55.10 62.31 0.00
2016 6 25 0.00 69.52 54.07 60.25 0.00
2016 6 26 0.00 71.58 52.01 61.28 0.00
2016 6 27 0.00 74.67 50.98 63.34 0.00
2016 6 28 0.00 73.64 52.01 63.34 0.00
2016 6 29 0.00 68.49 46.86 56.13 0.00
2016 6 30 0.80 61.28 44.80 50.98 0.00
2016 7 1 1.10 53.04 43.77 46.86 0.00
2016 7 2 0.90 57.16 41.71 48.92 0.00
2016 7 3 0.00 63.34 47.89 54.07 0.00
2016 7 4 0.00 66.43 49.95 58.19 0.00
2016 7 5 0.00 68.49 53.04 59.22 0.00
2016 7 6 0.00 66.43 49.95 57.16 0.00
2016 7 7 0.00 67.46 49.95 59.22 0.00
2016 7 8 0.00 68.49 48.92 58.19 0.00
2016 7 9 0.00 68.49 50.98 59.22 0.00
2016 7 10 0.00 65.40 50.98 57.16 0.00
2016 7 11 0.00 65.40 46.86 54.07 0.00
2016 7 12 0.00 68.49 45.83 57.16 0.00
2016 7 13 0.00 71.58 52.01 61.28 0.00
2016 7 14 0.00 71.58 53.04 62.31 0.00
2016 7 15 0.00 73.64 54.07 63.34 0.00
2016 7 16 0.00 70.55 54.07 62.31 0.00
2016 7 17 0.00 69.52 49.95 59.22 0.00
2016 7 18 0.20 63.34 47.89 53.04 0.00
2016 7 19 0.60 67.46 46.86 54.07 0.00
2016 7 20 0.20 65.40 45.83 55.10 0.00
2016 7 21 0.00 68.49 52.01 59.22 0.00
2016 7 22 0.00 70.55 50.98 60.25 0.00
2016 7 23 0.10 73.64 55.10 63.34 0.00
2016 7 24 0.00 72.61 53.04 63.34 0.00
2016 7 25 0.00 71.58 54.07 62.31 0.00
2016 7 26 0.10 69.52 55.10 60.25 0.00
2016 7 27 0.00 75.70 53.04 64.37 0.00
2016 7 28 0.00 74.67 59.22 66.43 0.00
2016 7 29 0.00 71.58 56.13 63.34 0.00
2016 7 30 0.10 69.52 52.01 59.22 0.00
2016 7 31 0.10 63.34 46.86 55.10 0.00
2016 8 1 0.00 67.46 50.98 59.22 0.00
2016 8 2 0.00 68.49 52.01 59.22 0.00
2016 8 3 0.00 66.43 50.98 58.19 0.00
2016 8 4 0.00 61.28 49.95 53.04 0.00
2016 8 5 0.00 64.37 47.89 54.07 0.00
2016 8 6 0.90 61.28 42.74 50.98 0.00
2016 8 7 0.00 66.43 47.89 56.13 0.00
2016 8 8 0.00 65.40 50.98 58.19 0.00
2016 8 9 0.00 64.37 49.95 56.13 0.00
2016 8 10 0.10 61.28 45.83 50.98 0.00
2016 8 11 0.00 64.37 45.83 55.10 0.00
2016 8 12 0.00 64.37 46.86 55.10 0.00
2016 8 13 0.00 67.46 49.95 56.13 0.00
2016 8 14 0.00 70.55 49.95 59.22 0.00
2016 8 15 0.00 66.43 45.83 56.13 0.00
2016 8 16 0.00 64.37 45.83 55.10 0.00
2016 8 17 0.00 63.34 47.89 53.04 0.00
2016 8 18 0.10 63.34 46.86 53.04 0.00
2016 8 19 0.00 65.40 48.92 56.13 0.00
2016 8 20 0.00 67.46 50.98 57.16 0.00
2016 8 21 0.00 66.43 49.95 57.16 0.00
2016 8 22 0.00 60.25 46.86 50.98 0.00
2016 8 23 0.10 59.22 43.77 48.92 0.00
2016 8 24 0.00 61.28 44.80 52.01 0.00
2016 8 25 0.20 59.22 38.62 46.86 0.00
2016 8 26 0.10 55.10 39.65 45.83 0.00
2016 8 27 0.00 52.01 40.68 45.83 0.00
2016 8 28 0.00 60.25 41.71 49.95 0.00
2016 8 29 0.00 63.34 46.86 55.10 0.00
2016 8 30 0.00 64.37 47.89 55.10 0.00
2016 8 31 0.00 66.43 46.86 56.13 0.00
2016 9 1 0.40 66.43 46.86 54.07 0.00
2016 9 2 0.00 61.28 46.86 50.98 0.00
2016 9 3 0.20 56.13 44.80 48.92 0.00
2016 9 4 0.30 57.16 43.77 48.92 0.00
2016 9 5 0.00 56.13 38.62 47.89 0.00
2016 9 6 0.00 59.22 41.71 49.95 0.00
2016 9 7 0.00 61.28 42.74 53.04 0.00
2016 9 8 0.00 66.43 46.86 57.16 0.00
2016 9 9 0.00 62.31 47.89 54.07 0.00
2016 9 10 0.00 65.40 42.74 55.10 0.00
2016 9 11 0.00 64.37 48.92 56.13 0.00
2016 9 12 0.00 58.19 44.80 49.95 0.00
2016 9 13 0.00 52.01 41.71 44.80 0.00
2016 9 14 0.10 50.98 35.53 42.74 0.00
2016 9 15 0.00 55.10 34.50 43.77 0.00
2016 9 16 0.00 57.16 36.56 45.83 0.00
2016 9 17 0.00 59.22 41.71 49.95 0.00
2016 9 18 0.00 63.34 40.68 53.04 0.00
2016 9 19 0.00 66.43 46.86 56.13 0.00
2016 9 20 0.00 56.13 40.68 47.89 0.00
2016 9 21 1.10 45.83 41.71 44.80 0.00
2016 9 22 3.50 46.86 31.41 42.74 0.00
2016 9 23 0.20 39.65 27.29 32.44 0.00
2016 9 24 0.10 43.77 30.38 36.56 0.00
2016 9 25 0.00 46.86 30.38 38.62 0.00
2016 9 26 0.00 54.07 35.53 45.83 0.00
2016 9 27 0.00 56.13 39.65 47.89 0.00
2016 9 28 0.00 56.13 40.68 45.83 0.00
2016 9 29 0.70 47.89 39.65 42.74 0.00
2016 9 30 0.10 49.95 37.59 42.74 0.00
2016 10 1  nan 50.98 38.62 43.77  nan
2016 10 2  nan 47.89 38.62 42.74  nan
2016 10 3  nan 38.62 26.26 31.41  nan
2016 10 4  nan 41.71 25.23 33.47  nan
2016 10 5  nan 43.77 28.32 35.53  nan
2016 10 6  nan 40.68 25.23 31.41  nan
2016 10 7  nan 45.83 27.29 36.56  nan
2016 10 8  nan 50.98 33.47 41.71  nan
2016 10 9  nan 52.01 35.53 42.74  nan
2016 10 10  nan 50.98 40.68 44.80  nan
2016 10 11  nan 50.98 39.65 43.77  nan
2016 10 12  nan 52.01 38.62 44.80  nan
2016 10 13  nan 53.04 38.62 44.80  nan
2016 10 14  nan 54.07 42.74 46.86  nan
2016 10 15  nan 54.07 40.68 46.86  nan
2016 10 16  nan 50.98 37.59 43.77  nan
2016 10 17  nan 49.95 33.47 40.68  nan
2016 10 18  nan 48.92 27.29 37.59  nan
2016 10 19  nan 39.65 24.20 31.41  nan
2016 10 20  nan 48.92 28.32 41.71  nan
2016 10 21  nan 53.04 38.62 44.80  nan
2016 10 22  nan 53.04 40.68 45.83  nan
2016 10 23  nan 54.07 41.71 45.83  nan
2016 10 24  nan 45.83 36.56 40.68  nan
2016 10 25  nan 43.77 33.47 38.62  nan
2016 10 26  nan 48.92 35.53 41.71  nan
2016 10 27  nan 49.95 40.68 44.80  nan
2016 10 28  nan 49.95 39.65 44.80  nan
2016 10 29  nan 49.95 37.59 42.74  nan
2016 10 30  nan 45.83 39.65 42.74  nan
2016 10 31  nan 44.80 34.50 38.62  nan
2016 11 1  nan 40.68 28.32 33.47  nan
2016 11 2  nan 37.59 27.29 31.41  nan
2016 11 3  nan 43.77 29.35 36.56  nan
2016 11 4  nan 38.62 32.44 36.56  nan
2016 11 5  nan 40.68 33.47 35.53  nan
2016 11 6  nan 45.83 32.44 38.62  nan
2016 11 7  nan 43.77 33.47 37.59  nan
2016 11 8  nan 46.86 32.44 38.62  nan
2016 11 9  nan 47.89 34.50 39.65  nan
2016 11 10  nan 45.83 34.50 39.65  nan
2016 11 11  nan 45.83 32.44 38.62  nan
2016 11 12  nan 44.80 32.44 37.59  nan
2016 11 13  nan 44.80 33.47 38.62  nan
2016 11 14  nan 53.04 38.62 44.80  nan
2016 11 15  nan 54.07 37.59 45.83  nan
2016 11 16  nan 43.77 29.35 36.56  nan
2016 11 17  nan 29.35 12.87 18.02  nan
2016 11 18  nan 30.38 8.75 23.17  nan
2016 11 19  nan 41.71 28.32 34.50  nan
2016 11 20  nan 40.68 30.38 34.50  nan
2016 11 21  nan 31.41 24.20 29.35  nan
2016 11 22  nan 30.38 22.14 26.26  nan
2016 11 23  nan 28.32 13.90 24.20  nan
2016 11 24  nan 30.38 12.87 22.14  nan
2016 11 25  nan 33.47 21.11 26.26  nan
2016 11 26  nan 32.44 21.11 26.26  nan
2016 11 27  nan 24.20 10.81 18.02  nan
2016 11 28  nan 22.14 9.78 15.96  nan
2016 11 29  nan 15.96 5.66 10.81  nan
2016 11 30  nan 25.23 3.60 14.93  nan
2016 12 1  nan 24.20 11.84 16.99  nan
2016 12 2  nan 14.93 6.69 10.81  nan
2016 12 3  nan 29.35 6.69 21.11  nan
2016 12 4  nan 40.68 25.23 31.41  nan
2016 12 5  nan 32.44 15.96 26.26  nan
2016 12 6  nan 27.29 10.81 19.05  nan
2016 12 7  nan 15.96 1.54 7.72  nan
2016 12 8  nan 32.44 4.63 22.14  nan
2016 12 9  nan 39.65 23.17 31.41  nan
2016 12 10  nan 43.77 29.35 35.53  nan
2016 12 11  nan 35.53 27.29 31.41  nan
2016 12 12  nan 34.50 22.14 28.32  nan
2016 12 13  nan 32.44 21.11 27.29  nan
2016 12 14  nan 42.74 24.20 36.56  nan
2016 12 15  nan 40.68 28.32 34.50  nan
2016 12 16  nan 31.41 13.90 26.26  nan
2016 12 17  nan 14.93 3.60 10.81  nan
2016 12 18  nan 20.08 1.54 9.78  nan
2016 12 19  nan 38.62 15.96 27.29  nan
2016 12 20  nan 42.74 27.29 33.47  nan
2016 12 21  nan 39.65 24.20 32.44  nan
2016 12 22  nan 30.38 23.17 27.29  nan
2016 12 23  nan 34.50 18.02 25.23  nan
2016 12 24  nan 24.20 13.90 22.14  nan
2016 12 25  nan 18.02 -2.58 8.75  nan
2016 12 26  nan 30.38 -4.64 6.69  nan
2016 12 27  nan 35.53 18.02 29.35  nan
2016 12 28  nan 35.53 22.14 28.32  nan
2016 12 29  nan 39.65 24.20 31.41  nan
2016 12 30  nan 39.65 27.29 32.44  nan
2016 12 31  nan 29.35 19.05 25.23  nan
2017 1 1  nan 25.23 16.99 21.11  nan
2017 1 2  nan 20.08 14.93 18.02  nan
2017 1 3  nan 26.26 13.90 20.08  nan
2017 1 4  nan 30.38 22.14 26.26  nan
2017 1 5  nan 29.35 -0.52 20.08  nan
2017 1 6  nan 18.02 -0.52 9.78  nan
2017 1 7  nan 34.50 13.90 23.17  nan
2017 1 8  nan 35.53 27.29 30.38  nan
2017 1 9  nan 30.38 21.11 26.26  nan
2017 1 10  nan 28.32 18.02 22.14  nan
2017 1 11  nan 26.26 15.96 21.11  nan
2017 1 12  nan 23.17 19.05 22.14  nan
2017 1 13  nan 27.29 18.02 23.17  nan
2017 1 14  nan 27.29 21.11 24.20  nan
2017 1 15  nan 30.38 22.14 25.23  nan
2017 1 16  nan 29.35 16.99 22.14  nan
2017 1 17  nan 31.41 14.93 23.17  nan
2017 1 18  nan 40.68 23.17 29.35  nan
2017 1 19  nan 26.26 14.93 21.11  nan
2017 1 20  nan 20.08 10.81 16.99  nan
2017 1 21  nan 23.17 9.78 16.99  nan
2017 1 22  nan 20.08 8.75 15.96  nan
2017 1 23  nan 21.11 9.78 15.96  nan
2017 1 24  nan 21.11 -1.55 8.75  nan
2017 1 25  nan 12.87 -2.58 4.63  nan
2017 1 26  nan 8.75 -2.58 2.57  nan
2017 1 27  nan 24.20 -1.55 11.84  nan
2017 1 28  nan 34.50 21.11 28.32  nan
2017 1 29  nan 35.53 25.23 30.38  nan
2017 1 30  nan 42.74 27.29 33.47  nan
2017 1 31  nan 42.74 29.35 36.56  nan
2017 2 1  nan 40.68 25.23 33.47  nan
2017 2 2  nan 37.59 23.17 30.38  nan
2017 2 3  nan 31.41 23.17 26.26  nan
2017 2 4  nan 35.53 20.08 28.32  nan
2017 2 5  nan 39.65 26.26 32.44  nan
2017 2 6  nan 31.41 22.14 27.29  nan
2017 2 7  nan 36.56 26.26 32.44  nan
2017 2 8  nan 41.71 26.26 33.47  nan
2017 2 9  nan 44.80 29.35 36.56  nan
2017 2 10  nan 41.71 30.38 35.53  nan
2017 2 11  nan 36.56 22.14 29.35  nan
2017 2 12  nan 35.53 23.17 27.29  nan
2017 2 13  nan 32.44 23.17 27.29  nan
2017 2 14  nan 31.41 21.11 26.26  nan
2017 2 15  nan 40.68 21.11 29.35  nan
2017 2 16  nan 42.74 27.29 33.47  nan
2017 2 17  nan 33.47 24.20 27.29  nan
2017 2 18  nan 28.32 24.20 26.26  nan
2017 2 19  nan 36.56 18.02 27.29  nan
2017 2 20  nan 38.62 16.99 27.29  nan
2017 2 21  nan 37.59 26.26 30.38  nan
2017 2 22  nan 34.50 11.84 26.26  nan
2017 2 23  nan 20.08 4.63 9.78  nan
2017 2 24  nan 16.99 -1.55 6.69  nan
2017 2 25  nan 18.02 -1.55 10.81  nan
2017 2 26  nan 21.11 2.57 13.90  nan
2017 2 27  nan 21.11 16.99 18.02  nan
2017 2 28  nan 23.17 7.72 13.90  nan
2017 3 1  nan 29.35 4.63 16.99  nan
2017 3 2  nan 37.59 18.02 24.20  nan
2017 3 3  nan 39.65 20.08 29.35  nan
2017 3 4  nan 36.56 25.23 29.35  nan
2017 3 5  nan 32.44 13.90 26.26  nan
2017 3 6  nan 15.96 1.54 8.75  nan
2017 3 7  nan 34.50 3.60 22.14  nan
2017 3 8  nan 45.83 25.23 34.50  nan
2017 3 9  nan 47.89 31.41 39.65  nan
2017 3 10  nan 49.95 31.41 39.65  nan
2017 3 11  nan 47.89 32.44 37.59  nan
2017 3 12  nan 47.89 31.41 38.62  nan
2017 3 13  nan 49.95 35.53 41.71  nan
2017 3 14  nan 54.07 34.50 42.74  nan
2017 3 15  nan 53.04 31.41 42.74  nan
2017 3 16  nan 53.04 35.53 43.77  nan
2017 3 17  nan 55.10 37.59 44.80  nan
2017 3 18  nan 52.01 36.56 43.77  nan
2017 3 19  nan 50.98 35.53 42.74  nan
2017 3 20  nan 48.92 37.59 41.71  nan
2017 3 21  nan 47.89 35.53 40.68  nan
2017 3 22  nan 42.74 26.26 34.50  nan
2017 3 23  nan 32.44 22.14 26.26  nan
2017 3 24  nan 44.80 25.23 32.44  nan
2017 3 25  nan 35.53 23.17 30.38  nan
2017 3 26  nan 40.68 22.14 31.41  nan
2017 3 27  nan 36.56 24.20 29.35  nan
2017 3 28  nan 33.47 23.17 27.29  nan
2017 3 29  nan 45.83 25.23 34.50  nan
2017 3 30  nan 43.77 24.20 34.50  nan
2017 3 31  nan 29.35 22.14 25.23  nan
2017 4 1  nan 37.59 24.20 28.32  nan
2017 4 2  nan 45.83 22.14 32.44  nan
2017 4 3  nan 35.53 20.08 25.23  nan
2017 4 4  nan 31.41 14.93 22.14  nan
2017 4 5  nan 41.71 15.96 31.41  nan
2017 4 6  nan 47.89 28.32 38.62  nan
2017 4 7  nan 45.83 33.47 39.65  nan
2017 4 8  nan 40.68 22.14 32.44  nan
2017 4 9  nan 36.56 11.84 23.17  nan
2017 4 10  nan 39.65 16.99 29.35  nan
2017 4 11  nan 44.80 25.23 35.53  nan
2017 4 12  nan 49.95 30.38 40.68  nan
2017 4 13  nan 48.92 34.50 41.71  nan
2017 4 14  nan 47.89 30.38 37.59  nan
2017 4 15  nan 48.92 29.35 38.62  nan
2017 4 16  nan 50.98 30.38 40.68  nan
2017 4 17  nan 50.98 35.53 41.71  nan
2017 4 18  nan 49.95 34.50 41.71  nan
2017 4 19  nan 50.98 29.35 37.59  nan
2017 4 20  nan 45.83 25.23 35.53  nan
2017 4 21  nan 43.77 22.14 31.41  nan
2017 4 22  nan 47.89 23.17 34.50  nan
2017 4 23  nan 50.98 35.53 41.71  nan
2017 4 24  nan 44.80 29.35 37.59  nan
2017 4 25  nan 32.44 24.20 27.29  nan
2017 4 26  nan 43.77 23.17 32.44  nan
2017 4 27  nan 34.50 20.08 29.35  nan
2017 4 28  nan 25.23 13.90 20.08  nan
2017 4 29  nan 32.44 18.02 25.23  nan
2017 4 30  nan 44.80 22.14 34.50  nan
2017 5 1  nan 47.89 34.50 39.65  nan
2017 5 2  nan 49.95 34.50 40.68  nan
2017 5 3  nan 54.07 34.50 42.74  nan
2017 5 4  nan 60.25 36.56 48.92  nan
2017 5 5  nan 61.28 42.74 52.01  nan
2017 5 6  nan 55.10 39.65 46.86  nan
2017 5 7  nan 52.01 32.44 41.71  nan
2017 5 8  nan 52.01 31.41 40.68  nan
2017 5 9  nan 44.80 32.44 36.56  nan
2017 5 10  nan 40.68 31.41 35.53  nan
2017 5 11  nan 57.16 34.50 44.80  nan
2017 5 12  nan 55.10 38.62 46.86  nan
2017 5 13  nan 52.01 36.56 42.74  nan
2017 5 14  nan 52.01 33.47 41.71  nan
2017 5 15  nan 48.92 31.41 37.59  nan
2017 5 16  nan 42.74 28.32 35.53  nan
2017 5 17  nan 36.56 18.02 27.29  nan
2017 5 18  nan 32.44 19.05 23.17  nan
2017 5 19  nan 37.59 20.08 29.35  nan
2017 5 20  nan 44.80 28.32 35.53  nan
2017 5 21  nan 47.89 34.50 40.68  nan
2017 5 22  nan 54.07 34.50 43.77  nan
2017 5 23  nan 58.19 31.41 46.86  nan
2017 5 24  nan 63.34 43.77 54.07  nan
2017 5 25  nan 54.07 40.68 46.86  nan
2017 5 26  nan 55.10 37.59 45.83  nan
2017 5 27  nan 54.07 34.50 42.74  nan
2017 5 28  nan 54.07 34.50 43.77  nan
2017 5 29  nan 59.22 40.68 49.95  nan
2017 5 30  nan 62.31 43.77 53.04  nan
2017 5 31  nan 61.28 42.74 52.01  nan
2017 6 1  nan 58.19 41.71 47.89  nan
2017 6 2  nan 60.25 43.77 52.01  nan
2017 6 3  nan 65.40 44.80 55.10  nan
2017 6 4  nan 68.49 47.89 57.16  nan
2017 6 5  nan 66.43 49.95 58.19  nan
2017 6 6  nan 67.46 48.92 58.19  nan
2017 6 7  nan 66.43 48.92 58.19  nan
2017 6 8  nan 63.34 49.95 55.10  nan
2017 6 9  nan 64.37 45.83 54.07  nan
2017 6 10  nan 63.34 44.80 53.04  nan
2017 6 11  nan 58.19 42.74 49.95  nan
2017 6 12  nan 45.83 34.50 40.68  nan
2017 6 13  nan 59.22 31.41 44.80  nan
2017 6 14  nan 63.34 40.68 53.04  nan
2017 6 15  nan 70.55 45.83 59.22  nan
2017 6 16  nan 71.58 55.10 62.31  nan
2017 6 17  nan 72.61 54.07 62.31  nan
2017 6 18  nan 71.58 50.98 60.25  nan
2017 6 19  nan 72.61 53.04 62.31  nan
2017 6 20  nan 73.64 54.07 64.37  nan
2017 6 21  nan 75.70 55.10 66.43  nan
2017 6 22  nan 73.64 52.01 64.37  nan
2017 6 23  nan 71.58 48.92 61.28  nan
2017 6 24  nan 70.55 53.04 61.28  nan
2017 6 25  nan 72.61 49.95 61.28  nan
2017 6 26  nan 72.61 50.98 62.31  nan
2017 6 27  nan 70.55 49.95 61.28  nan
2017 6 28  nan 70.55 54.07 61.28  nan
2017 6 29  nan 68.49 46.86 58.19  nan
2017 6 30  nan 66.43 45.83 55.10  nan
2017 7 1  nan 72.61 47.89 61.28  nan
2017 7 2  nan 69.52 52.01 60.25  nan
2017 7 3  nan 72.61 49.95 61.28  nan
2017 7 4  nan 74.67 55.10 64.37  nan
2017 7 5  nan 77.76 54.07 66.43  nan
2017 7 6  nan 76.73 55.10 64.37  nan
2017 7 7  nan 74.67 56.13 63.34  nan
2017 7 8  nan 71.58 55.10 62.31  nan
2017 7 9  nan 73.64 56.13 62.31  nan
2017 7 10  nan 71.58 52.01 58.19  nan
2017 7 11  nan 65.40 45.83 54.07  nan
2017 7 12  nan 61.28 46.86 53.04  nan
2017 7 13  nan 65.40 48.92 56.13  nan
2017 7 14  nan 67.46 53.04 59.22  nan
2017 7 15  nan 69.52 53.04 60.25  nan
2017 7 16  nan 70.55 54.07 61.28  nan
2017 7 17  nan 69.52 49.95 60.25  nan
2017 7 18  nan 72.61 54.07 61.28  nan
2017 7 19  nan 68.49 53.04 60.25  nan
2017 7 20  nan 70.55 49.95 58.19  nan
2017 7 21  nan 65.40 48.92 56.13  nan
2017 7 22  nan 67.46 47.89 59.22  nan
2017 7 23  nan 70.55 54.07 61.28  nan
2017 7 24  nan 69.52 47.89 55.10  nan
2017 7 25  nan 58.19 46.86 50.98  nan
2017 7 26  nan 64.37 45.83 54.07  nan
2017 7 27  nan 68.49 53.04 59.22  nan
2017 7 28  nan 63.34 47.89 55.10  nan
2017 7 29  nan 64.37 48.92 57.16  nan
2017 7 30  nan 66.43 49.95 57.16  nan
2017 7 31  nan 66.43 50.98 58.19  nan
2017 8 1  nan 67.46 50.98 59.22  nan
2017 8 2  nan 68.49 50.98 59.22  nan
2017 8 3  nan 69.52 50.98 57.16  nan
2017 8 4  nan 67.46 46.86 55.10  nan
2017 8 5  nan 63.34 46.86 54.07  nan
2017 8 6  nan 64.37 45.83 53.04  nan
2017 8 7  nan 60.25 44.80 52.01  nan
2017 8 8  nan 61.28 44.80 52.01  nan
2017 8 9  nan 64.37 48.92 56.13  nan
2017 8 10  nan 67.46 46.86 58.19  nan
2017 8 11  nan 64.37 46.86 54.07  nan
2017 8 12  nan 62.31 46.86 52.01  nan
2017 8 13  nan 62.31 44.80 54.07  nan
2017 8 14  nan 62.31 48.92 54.07  nan
2017 8 15  nan 59.22 44.80 49.95  nan
2017 8 16  nan 63.34 45.83 52.01  nan
2017 8 17  nan 64.37 46.86 55.10  nan
2017 8 18  nan  nan  nan  nan  nan
2017 8 19  nan  nan  nan  nan  nan
2017 8 20  nan 67.46 52.01 57.16  nan
2017 8 21  nan 64.37 49.95 55.10  nan
2017 8 22  nan 63.34 46.86 53.04  nan
2017 8 23  nan 65.40 46.86 55.10  nan
2017 8 24  nan 63.34 44.80 53.04  nan
2017 8 25  nan 66.43 46.86 56.13  nan
2017 8 26  nan 68.49 52.01 60.25  nan
2017 8 27  nan 69.52 54.07 61.28  nan
2017 8 28  nan 70.55 56.13 61.28  nan
2017 8 29  nan 70.55 53.04 61.28  nan
2017 8 30  nan 72.61 53.04 61.28  nan
2017 8 31  nan 65.40 48.92 55.10  nan
2017 9 1  nan 63.34 46.86 54.07  nan
2017 9 2  nan 68.49 48.92 58.19  nan
2017 9 3  nan 73.64 54.07 62.31  nan
2017 9 4  nan 72.61 56.13 62.31  nan
2017 9 5  nan 73.64 55.10 61.28  nan
2017 9 6  nan 68.49 53.04 58.19  nan
2017 9 7  nan 64.37 47.89 54.07  nan
2017 9 8  nan 61.28 46.86 52.01  nan
2017 9 9  nan 53.04 43.77 46.86  nan
2017 9 10  nan 61.28 43.77 52.01  nan
2017 9 11  nan 63.34 47.89 55.10  nan
2017 9 12  nan 66.43 49.95 56.13  nan
2017 9 13  nan 65.40 45.83 53.04  nan
2017 9 14  nan 56.13 35.53 43.77  nan
2017 9 15  nan 49.95 36.56 40.68  nan
2017 9 16  nan 52.01 33.47 41.71  nan
2017 9 17  nan 53.04 37.59 44.80  nan
2017 9 18  nan 55.10 40.68 46.86  nan
2017 9 19  nan 56.13 37.59 45.83  nan
2017 9 20  nan 55.10 37.59 46.86  nan
2017 9 21  nan 55.10 38.62 44.80  nan
2017 9 22  nan 46.86 33.47 38.62  nan
2017 9 23  nan 45.83 25.23 34.50  nan
2017 9 24  nan 40.68 22.14 29.35  nan
2017 9 25  nan 42.74 24.20 31.41  nan
2017 9 26  nan 44.80 26.26 34.50  nan
2017 9 27  nan 38.62 31.41 34.50  nan
2017 9 28  nan 42.74 32.44 35.53  nan
2017 9 29  nan 49.95 31.41 39.65  nan
2017 9 30  nan 50.98 37.59 43.77  nan
2017 10 1  nan 48.92 28.32 40.68  nan
2017 10 2  nan 34.50 21.11 26.26  nan
2017 10 3  nan 41.71 20.08 33.47  nan
2017 10 4  nan 53.04 37.59 44.80  nan
2017 10 5  nan 54.07 36.56 44.80  nan
2017 10 6  nan 46.86 31.41 39.65  nan
2017 10 7  nan 56.13 36.56 46.86  nan
2017 10 8  nan 56.13 20.08 42.74  nan
2017 10 9  nan 32.44 20.08 25.23  nan
2017 10 10  nan 45.83 22.14 34.50  nan
2017 10 11  nan 46.86 34.50 40.68  nan
2017 10 12  nan 49.95 33.47 40.68  nan
2017 10 13  nan 49.95 30.38 39.65  nan
2017 10 14  nan 41.71 26.26 34.50  nan
2017 10 15  nan 55.10 34.50 45.83  nan
2017 10 16  nan 55.10 38.62 45.83  nan
2017 10 17  nan 55.10 40.68 47.89  nan
2017 10 18  nan 55.10 40.68 46.86  nan
2017 10 19  nan 52.01 39.65 44.80  nan
2017 10 20  nan 47.89 24.20 38.62  nan
2017 10 21  nan 39.65 16.99 29.35  nan
2017 10 22  nan 53.04 36.56 45.83  nan
2017 10 23  nan 54.07 39.65 45.83  nan
2017 10 24  nan 49.95 37.59 43.77  nan
2017 10 25  nan 53.04 34.50 44.80  nan
2017 10 26  nan 48.92 34.50 42.74  nan
2017 10 27  nan 48.92 34.50 40.68  nan
2017 10 28  nan 45.83 32.44 39.65  nan
2017 10 29  nan 52.01 36.56 44.80  nan
2017 10 30  nan 52.01 36.56 43.77  nan
2017 10 31  nan 48.92 32.44 40.68  nan
2017 11 1  nan 50.98 34.50 42.74  nan
2017 11 2  nan 46.86 32.44 39.65  nan
2017 11 3  nan 40.68 29.35 33.47  nan
2017 11 4  nan 41.71 29.35 34.50  nan
2017 11 5  nan 39.65 28.32 32.44  nan
2017 11 6  nan 38.62 26.26 31.41  nan
2017 11 7  nan 40.68 22.14 31.41  nan
2017 11 8  nan 44.80 24.20 36.56  nan
2017 11 9  nan 39.65 31.41 34.50  nan
2017 11 10  nan 45.83 32.44 38.62  nan
2017 11 11  nan 42.74 28.32 34.50  nan
2017 11 12  nan 42.74 29.35 36.56  nan
2017 11 13  nan 44.80 35.53 39.65  nan
2017 11 14  nan 47.89 29.35 38.62  nan
2017 11 15  nan 42.74 29.35 34.50  nan
2017 11 16  nan 40.68 33.47 36.56  nan
2017 11 17  nan 40.68 11.84 30.38  nan
2017 11 18  nan 36.56 11.84 27.29  nan
2017 11 19  nan 43.77 24.20 34.50  nan
2017 11 20  nan 47.89 32.44 39.65  nan
2017 11 21  nan 45.83 32.44 38.62  nan
2017 11 22  nan 47.89 37.59 42.74  nan
2017 11 23  nan 56.13 38.62 47.89  nan
2017 11 24  nan 50.98 40.68 45.83  nan
2017 11 25  nan 49.95 38.62 43.77  nan
2017 11 26  nan 48.92 38.62 43.77  nan
2017 11 27  nan 41.71 26.26 36.56  nan
2017 11 28  nan 38.62 26.26 30.38  nan
2017 11 29  nan  nan  nan  nan  nan
2017 11 30  nan  nan  nan  nan  nan
2017 12 1  nan 41.71 30.38 34.50  nan
2017 12 2  nan 39.65 30.38 34.50  nan
2017 12 3  nan 38.62 10.81 29.35  nan
2017 12 4  nan 19.05 7.72 12.87  nan
2017 12 5  nan 27.29 9.78 20.08  nan
2017 12 6  nan 30.38 9.78 22.14  nan
2017 12 7  nan 30.38 10.81 22.14  nan
2017 12 8  nan 37.59 27.29 32.44  nan
2017 12 9  nan 40.68 28.32 34.50  nan
2017 12 10  nan 44.80 30.38 37.59  nan
2017 12 11  nan 45.83 32.44 38.62  nan
2017 12 12  nan 41.71 31.41 36.56  nan
2017 12 13  nan 44.80 27.29 36.56  nan
2017 12 14  nan 30.38 20.08 26.26  nan
2017 12 15  nan 47.89 27.29 36.56  nan
2017 12 16  nan 36.56 19.05 27.29  nan
2017 12 17  nan 29.35 15.96 22.14  nan
2017 12 18  nan 37.59 21.11 29.35  nan
2017 12 19  nan 40.68 27.29 33.47  nan
2017 12 20  nan 33.47 14.93 27.29  nan
2017 12 21  nan 15.96 6.69 11.84  nan
2017 12 22  nan 29.35 13.90 22.14  nan
2017 12 23  nan 34.50 20.08 27.29  nan
2017 12 24  nan 35.53 20.08 28.32  nan
2017 12 25  nan 39.65 26.26 31.41  nan
2017 12 26  nan 36.56 27.29 32.44  nan
2017 12 27  nan 42.74 27.29 35.53  nan
2017 12 28  nan 43.77 28.32 35.53  nan
2017 12 29  nan 47.89 34.50 40.68  nan
2017 12 30  nan 47.89 32.44 40.68  nan
2017 12 31  nan 37.59 28.32 34.50  nan
2018 1 1  nan 39.65 29.35 33.47  nan
2018 1 2  nan 36.56 27.29 31.41  nan
2018 1 3  nan 41.71 27.29 33.47  nan
2018 1 4  nan 42.74 31.41 36.56  nan
2018 1 5  nan 41.71 30.38 35.53  nan
2018 1 6  nan 38.62 23.17 32.44  nan
2018 1 7  nan 37.59 23.17 30.38  nan
2018 1 8  nan 37.59 27.29 32.44  nan
2018 1 9  nan 30.38 26.26 28.32  nan
2018 1 10  nan 33.47 20.08 26.26  nan
2018 1 11  nan 36.56 14.93 26.26  nan
2018 1 12  nan 34.50 21.11 28.32  nan
2018 1 13  nan 37.59 24.20 32.44  nan
2018 1 14  nan 42.74 28.32 34.50  nan
2018 1 15  nan 37.59 20.08 31.41  nan
2018 1 16  nan 37.59 21.11 28.32  nan
2018 1 17  nan 34.50 26.26 30.38  nan
2018 1 18  nan 46.86 29.35 36.56  nan
2018 1 19  nan 36.56 27.29 31.41  nan
2018 1 20  nan 27.29 8.75 20.08  nan
2018 1 21  nan 13.90 4.63 9.78  nan
2018 1 22  nan 27.29 10.81 18.02  nan
2018 1 23  nan 30.38 10.81 20.08  nan
2018 1 24  nan 33.47 22.14 27.29  nan
2018 1 25  nan 27.29 15.96 23.17  nan
2018 1 26  nan 24.20 10.81 14.93  nan
2018 1 27  nan 31.41 12.87 24.20  nan
2018 1 28  nan 35.53 28.32 30.38  nan
2018 1 29  nan 44.80 28.32 36.56  nan
2018 1 30  nan 48.92 35.53 40.68  nan
2018 1 31  nan 43.77 30.38 36.56  nan
2018 2 1  nan 42.74 29.35 34.50  nan
2018 2 2  nan 41.71 28.32 34.50  nan
2018 2 3  nan 41.71 27.29 34.50  nan
2018 2 4  nan 44.80 29.35 35.53  nan
2018 2 5  nan 40.68 27.29 33.47  nan
2018 2 6  nan 27.29 20.08 23.17  nan
2018 2 7  nan 40.68 22.14 31.41  nan
2018 2 8  nan 43.77 29.35 35.53  nan
2018 2 9  nan 42.74 31.41 36.56  nan
2018 2 10  nan 34.50 9.78 22.14  nan
2018 2 11  nan 27.29 11.84 19.05  nan
2018 2 12  nan 23.17 15.96 20.08  nan
2018 2 13  nan 31.41 19.05 23.17  nan
2018 2 14  nan 27.29 21.11 24.20  nan
2018 2 15  nan 26.26 6.69 19.05  nan
2018 2 16  nan 38.62 8.75 24.20  nan
2018 2 17  nan 38.62 18.02 28.32  nan
2018 2 18  nan 33.47 23.17 28.32  nan
2018 2 19  nan 23.17 -4.64 11.84  nan
2018 2 20  nan 13.90 -4.64 2.57  nan
2018 2 21  nan 16.99 -2.58 6.69  nan
2018 2 22  nan 14.93 1.54 8.75  nan
2018 2 23  nan 15.96 -1.55 7.72  nan
2018 2 24  nan 20.08 -2.58 8.75  nan
2018 2 25  nan 24.20 -0.52 13.90  nan
2018 2 26  nan 25.23 11.84 19.05  nan
2018 2 27  nan 29.35 13.90 20.08  nan
2018 2 28  nan 33.47 12.87 21.11  nan
2018 3 1  nan 25.23 16.99 20.08  nan
2018 3 2  nan 32.44 18.02 25.23  nan
2018 3 3  nan 34.50 22.14 27.29  nan
2018 3 4  nan 23.17 3.60 13.90  nan
2018 3 5  nan 26.26 4.63 14.93  nan
2018 3 6  nan 33.47 9.78 23.17  nan
2018 3 7  nan 39.65 22.14 31.41  nan
2018 3 8  nan 42.74 25.23 33.47  nan
2018 3 9  nan 44.80 27.29 35.53  nan
2018 3 10  nan 41.71 29.35 33.47  nan
2018 3 11  nan 39.65 22.14 29.35  nan
2018 3 12  nan 39.65 24.20 31.41  nan
2018 3 13  nan 42.74 28.32 34.50  nan
2018 3 14  nan 36.56 26.26 32.44  nan
2018 3 15  nan 31.41 15.96 22.14  nan
2018 3 16  nan 28.32 14.93 22.14  nan
2018 3 17  nan 28.32 15.96 22.14  nan
2018 3 18  nan 19.05 11.84 14.93  nan
2018 3 19  nan 31.41 10.81 18.02  nan
2018 3 20  nan 34.50 14.93 26.26  nan
2018 3 21  nan 45.83 27.29 34.50  nan
2018 3 22  nan 34.50 31.41 33.47  nan
2018 3 23  nan 36.56 24.20 29.35  nan
2018 3 24  nan 34.50 25.23 28.32  nan
2018 3 25  nan 33.47 16.99 25.23  nan
2018 3 26  nan 29.35 12.87 19.05  nan
2018 3 27  nan 30.38 12.87 23.17  nan
2018 3 28  nan 37.59 25.23 30.38  nan
2018 3 29  nan 43.77 24.20 32.44  nan
2018 3 30  nan 46.86 26.26 36.56  nan
2018 3 31  nan 52.01 33.47 41.71  nan
2018 4 1  nan 52.01 32.44 41.71  nan
2018 4 2  nan 47.89 27.29 37.59  nan
2018 4 3  nan 39.65 19.05 29.35  nan
2018 4 4  nan 46.86 27.29 36.56  nan
2018 4 5  nan 45.83 31.41 37.59  nan
2018 4 6  nan 44.80 35.53 39.65  nan
2018 4 7  nan 53.04 35.53 42.74  nan
2018 4 8  nan 41.71 28.32 35.53  nan
2018 4 9  nan 44.80 23.17 33.47  nan
2018 4 10  nan 50.98 32.44 42.74  nan
2018 4 11  nan 56.13 35.53 45.83  nan
2018 4 12  nan 41.71 10.81 29.35  nan
2018 4 13  nan 25.23 10.81 18.02  nan
2018 4 14  nan 43.77 20.08 31.41  nan
2018 4 15  nan 46.86 29.35 38.62  nan
2018 4 16  nan 48.92 30.38 38.62  nan
2018 4 17  nan 30.38 15.96 22.14  nan
2018 4 18  nan 37.59 14.93 27.29  nan
2018 4 19  nan 40.68 21.11 32.44  nan
2018 4 20  nan 34.50 20.08 26.26  nan
2018 4 21  nan 49.95 32.44 39.65  nan
2018 4 22  nan 52.01 33.47 42.74  nan
2018 4 23  nan 56.13 36.56 45.83  nan
2018 4 24  nan 49.95 30.38 40.68  nan
2018 4 25  nan 53.04 27.29 41.71  nan
2018 4 26  nan 52.01 37.59 43.77  nan
2018 4 27  nan 58.19 37.59 47.89  nan
2018 4 28  nan 58.19 39.65 47.89  nan
2018 4 29  nan 48.92 32.44 40.68  nan
2018 4 30  nan 44.80 26.26 35.53  nan
2018 5 1  nan 38.62 25.23 29.35  nan
2018 5 2  nan 39.65 23.17 27.29  nan
2018 5 3  nan 43.77 26.26 33.47  nan
2018 5 4  nan 53.04 30.38 40.68  nan
2018 5 5  nan 55.10 35.53 46.86  nan
2018 5 6  nan 58.19 40.68 49.95  nan
2018 5 7  nan 61.28 44.80 52.01  nan
2018 5 8  nan 65.40 45.83 55.10  nan
2018 5 9  nan 67.46 47.89 56.13  nan
2018 5 10  nan 62.31 45.83 53.04  nan
2018 5 11  nan 57.16 40.68 47.89  nan
2018 5 12  nan 45.83 34.50 39.65  nan
2018 5 13  nan 47.89 33.47 38.62  nan
2018 5 14  nan 52.01 31.41 41.71  nan
2018 5 15  nan 55.10 35.53 45.83  nan
2018 5 16  nan 58.19 36.56 47.89  nan
2018 5 17  nan 57.16 38.62 47.89  nan
2018 5 18  nan 53.04 35.53 42.74  nan
2018 5 19  nan 54.07 36.56 44.80  nan
2018 5 20  nan 55.10 35.53 44.80  nan
2018 5 21  nan 55.10 36.56 46.86  nan
2018 5 22  nan 52.01 35.53 42.74  nan
2018 5 23  nan 55.10 34.50 44.80  nan
2018 5 24  nan 61.28 40.68 50.98  nan
2018 5 25  nan 61.28 42.74 52.01  nan
2018 5 26  nan 58.19 36.56 47.89  nan
2018 5 27  nan 55.10 35.53 43.77  nan
2018 5 28  nan 52.01 33.47 41.71  nan
2018 5 29  nan 57.16 38.62 46.86  nan
2018 5 30  nan 60.25 43.77 50.98  nan
2018 5 31  nan 61.28 41.71 50.98  nan
2018 6 1  nan 62.31 39.65 49.95  nan
2018 6 2  nan 62.31 37.59 49.95  nan
2018 6 3  nan 66.43 47.89 56.13  nan
2018 6 4  nan 70.55 47.89 60.25  nan
2018 6 5  nan 68.49 48.92 57.16  nan
2018 6 6  nan 66.43 47.89 55.10  nan
2018 6 7  nan 66.43 46.86 55.10  nan
2018 6 8  nan 66.43 45.83 56.13  nan
2018 6 9  nan 66.43 46.86 57.16  nan
2018 6 10  nan 66.43 44.80 54.07  nan
2018 6 11  nan 67.46 43.77 57.16  nan
2018 6 12  nan 71.58 48.92 61.28  nan
2018 6 13  nan 73.64 54.07 63.34  nan
2018 6 14  nan 70.55 52.01 60.25  nan
2018 6 15  nan 67.46 49.95 57.16  nan
2018 6 16  nan 59.22 45.83 50.98  nan
2018 6 17  nan 60.25 43.77 50.98  nan
2018 6 18  nan 61.28 39.65 49.95  nan
2018 6 19  nan 67.46 43.77 55.10  nan
2018 6 20  nan 69.52 43.77 57.16  nan
2018 6 21  nan 74.67 52.01 63.34  nan
2018 6 22  nan 69.52 54.07 60.25  nan
2018 6 23  nan 72.61 48.92 61.28  nan
2018 6 24  nan 67.46 50.98 57.16  nan
2018 6 25  nan 73.64 48.92 61.28  nan
2018 6 26  nan 77.76 55.10 66.43  nan
2018 6 27  nan 75.70 56.13 66.43  nan
2018 6 28  nan 70.55 53.04 60.25  nan
2018 6 29  nan 68.49 48.92 59.22  nan
2018 6 30  nan 70.55 47.89 58.19  nan
2018 7 1  nan 70.55 48.92 59.22  nan
2018 7 2  nan 73.64 52.01 62.31  nan
2018 7 3  nan 69.52 53.04 61.28  nan
2018 7 4  nan 70.55 49.95 59.22  nan
2018 7 5  nan 75.70 52.01 62.31  nan
2018 7 6  nan 73.64 50.98 61.28  nan
2018 7 7  nan 70.55 52.01 61.28  nan
2018 7 8  nan 77.76 53.04 63.34  nan
2018 7 9  nan 74.67 53.04 63.34  nan
2018 7 10  nan 72.61 52.01 62.31  nan
2018 7 11  nan 71.58 48.92 59.22  nan
2018 7 12  nan 68.49 48.92 56.13  nan
2018 7 13  nan 68.49 48.92 57.16  nan
2018 7 14  nan 65.40 50.98 57.16  nan
2018 7 15  nan 66.43 48.92 57.16  nan
2018 7 16  nan 69.52 53.04 60.25  nan
2018 7 17  nan 68.49 47.89 58.19  nan
2018 7 18  nan 70.55 47.89 61.28  nan
2018 7 19  nan 72.61 57.16 63.34  nan
2018 7 20  nan 71.58 56.13 61.28  nan
2018 7 21  nan 73.64 52.01 60.25  nan
2018 7 22  nan 71.58 50.98 61.28  nan
2018 7 23  nan 72.61 52.01 60.25  nan
2018 7 24  nan 70.55 48.92 59.22  nan
2018 7 25  nan 69.52 52.01 60.25  nan
2018 7 26  nan 69.52 49.95 60.25  nan
2018 7 27  nan 68.49 49.95 60.25  nan
2018 7 28  nan 71.58 49.95 60.25  nan
2018 7 29  nan 70.55 49.95 62.31  nan
2018 7 30  nan 67.46 56.13 61.28  nan
2018 7 31  nan 72.61 57.16 64.37  nan
2018 8 1  nan 70.55 55.10 62.31  nan
2018 8 2  nan 71.58 50.98 58.19  nan
2018 8 3  nan 68.49 52.01 59.22  nan
2018 8 4  nan 68.49 44.80 58.19  nan
2018 8 5  nan 70.55 53.04 61.28  nan
2018 8 6  nan 72.61 54.07 62.31  nan
2018 8 7  nan 72.61 55.10 64.37  nan
2018 8 8  nan 73.64 57.16 64.37  nan
2018 8 9  nan 70.55 57.16 62.31  nan
2018 8 10  nan 71.58 54.07 62.31  nan
2018 8 11  nan 71.58 50.98 60.25  nan
2018 8 12  nan 72.61 52.01 62.31  nan
2018 8 13  nan 70.55 53.04 61.28  nan
2018 8 14  nan 70.55 54.07 60.25  nan
2018 8 15  nan 65.40 52.01 57.16  nan
2018 8 16  nan 69.52 47.89 58.19  nan
2018 8 17  nan 67.46 53.04 58.19  nan
2018 8 18  nan 65.40 49.95 58.19  nan
2018 8 19  nan 68.49 48.92 57.16  nan
2018 8 20  nan 71.58 49.95 60.25  nan
2018 8 21  nan 67.46 44.80 52.01  nan
2018 8 22  nan 57.16 43.77 49.95  nan
2018 8 23  nan 61.28 44.80 53.04  nan
2018 8 24  nan 65.40 47.89 55.10  nan
2018 8 25  nan 68.49 46.86 57.16  nan
2018 8 26  nan 64.37 48.92 55.10  nan
2018 8 27  nan 64.37 46.86 55.10  nan
2018 8 28  nan 65.40 42.74 55.10  nan
2018 8 29  nan 66.43 44.80 55.10  nan
2018 8 30  nan 66.43 49.95 56.13  nan
2018 8 31  nan 65.40 47.89 55.10  nan
2018 9 1  nan 63.34 43.77 52.01  nan
2018 9 2  nan 62.31 44.80 53.04  nan
2018 9 3  nan 62.31 45.83 53.04  nan
2018 9 4  nan 61.28 43.77 52.01  nan
2018 9 5  nan 58.19 43.77 48.92  nan
2018 9 6  nan 61.28 42.74 50.98  nan
2018 9 7  nan 62.31 40.68 53.04  nan
2018 9 8  nan 67.46 46.86 57.16  nan
2018 9 9  nan 69.52 52.01 59.22  nan
2018 9 10  nan 68.49 52.01 59.22  nan
2018 9 11  nan 66.43 49.95 57.16  nan
2018 9 12  nan 63.34 46.86 54.07  nan
2018 9 13  nan 62.31 44.80 53.04  nan
2018 9 14  nan 63.34 45.83 53.04  nan
2018 9 15  nan 65.40 48.92 56.13  nan
2018 9 16  nan 64.37 50.98 56.13  nan
2018 9 17  nan 64.37 48.92 55.10  nan
2018 9 18  nan 65.40 47.89 55.10  nan
2018 9 19  nan 62.31 41.71 52.01  nan
2018 9 20  nan 60.25 41.71 49.95  nan
2018 9 21  nan 61.28 41.71 50.98  nan
2018 9 22  nan 62.31 44.80 52.01  nan
2018 9 23  nan 61.28 45.83 52.01  nan
2018 9 24  nan 60.25 45.83 52.01  nan
2018 9 25  nan 58.19 38.62 48.92  nan
2018 9 26  nan 60.25 40.68 50.98  nan
2018 9 27  nan 63.34 44.80 53.04  nan
2018 9 28  nan 65.40 45.83 55.10  nan
2018 9 29  nan 61.28 45.83 52.01  nan
2018 9 30  nan 57.16 41.71 47.89  nan
