2014 10 1 0.00  nan  nan  nan 0.00
2014 10 2 0.00  nan  nan  nan 0.00
2014 10 3 0.00  nan  nan  nan 0.00
2014 10 4 0.00  nan  nan  nan 0.00
2014 10 5 0.00 42.74 32.44 36.56 0.00
2014 10 6 0.00 41.71 28.32 34.50 0.00
2014 10 7 0.00 39.65 20.08 29.35 0.00
2014 10 8 0.00 36.56 16.99 25.23 0.00
2014 10 9 0.20 37.59 19.05 29.35 0.00
2014 10 10 1.00 36.56 32.44 34.50 0.00
2014 10 11 0.50 42.74 35.53 38.62 0.00
2014 10 12 0.00 42.74 33.47 37.59 0.00
2014 10 13 0.00 43.77 34.50 37.59 0.00
2014 10 14 0.00 46.86 33.47 38.62 0.00
2014 10 15 0.00 38.62 25.23 32.44 0.00
2014 10 16 0.00 35.53 25.23 31.41 0.00
2014 10 17 0.00 44.80 30.38 36.56 0.00
2014 10 18 0.00 41.71 27.29 32.44 0.00
2014 10 19 0.00 41.71 24.20 32.44 0.00
2014 10 20 0.10 34.50 31.41 32.44 0.00
2014 10 21 0.00 40.68 30.38 34.50 0.00
2014 10 22 0.00 41.71 30.38 34.50 0.00
2014 10 23 0.00 37.59 25.23 31.41 0.00
2014 10 24 0.00 33.47 22.14 27.29 0.00
2014 10 25 0.00 36.56 19.05 27.29 0.00
2014 10 26 0.00 32.44 14.93 22.14 0.00
2014 10 27 0.00 30.38 13.90 20.08 0.00
2014 10 28 0.00 33.47 12.87 22.14 0.00
2014 10 29 0.00 28.32 9.78 19.05 0.00
2014 10 30 0.10 31.41 13.90 22.14 0.00
2014 10 31 0.10 25.23 12.87 19.05 0.00
2014 11 1 0.00 34.50 23.17 28.32 0.00
2014 11 2 0.10 35.53 23.17 28.32 0.00
2014 11 3 0.00 34.50 23.17 29.35 0.00
2014 11 4 0.00 36.56 12.87 25.23 0.00
2014 11 5 0.00 31.41 10.81 21.11 0.00
2014 11 6 0.00 30.38 13.90 22.14 0.00
2014 11 7 0.10 32.44 20.08 28.32 0.00
2014 11 8 0.00 39.65 26.26 30.38 0.00
2014 11 9 0.10 38.62 28.32 32.44 0.00
2014 11 10 0.00 39.65 26.26 33.47 0.00
2014 11 11 0.20 37.59 28.32 34.50 0.00
2014 11 12 0.00 37.59 29.35 33.47 0.00
2014 11 13 0.00 35.53 20.08 28.32 0.00
2014 11 14 0.00 28.32 13.90 19.05 0.00
2014 11 15 0.00 26.26 10.81 15.96 0.00
2014 11 16 0.10 31.41 12.87 24.20 0.00
2014 11 17 0.00 34.50 30.38 33.47 0.00
2014 11 18 0.10 40.68 29.35 33.47 0.00
2014 11 19 0.00 40.68 32.44 34.50 0.00
2014 11 20 0.00 34.50 30.38 32.44 0.00
2014 11 21 0.00 34.50 27.29 31.41 0.00
2014 11 22 0.00 32.44 26.26 29.35 0.00
2014 11 23 0.10 31.41 23.17 28.32 0.00
2014 11 24 0.00 32.44 26.26 29.35 0.00
2014 11 25 0.00 28.32 14.93 24.20 0.00
2014 11 26 0.00 25.23 12.87 20.08 0.00
2014 11 27 0.00 18.02 4.63 10.81 0.00
2014 11 28 0.00 20.08 9.78 15.96 0.00
2014 11 29 0.10 22.14 4.63 16.99 0.00
2014 11 30 0.00 13.90 4.63 10.81 0.10
2014 12 1 0.30 23.17 9.78 16.99 0.10
2014 12 2 0.40 27.29 23.17 24.20 0.40
2014 12 3 0.20 27.29 25.23 26.26 0.80
2014 12 4 0.20 29.35 24.20 27.29 1.00
2014 12 5 0.00 26.26 13.90 21.11 1.20
2014 12 6 0.00 31.41 21.11 25.23 1.20
2014 12 7 0.20 33.47 27.29 31.41 1.20
2014 12 8 0.00 36.56 26.26 32.44 1.30
2014 12 9 0.00 33.47 26.26 30.38 1.30
2014 12 10 0.00 32.44 22.14 27.29 1.30
2014 12 11 0.00 28.32 22.14 24.20 1.30
2014 12 12 0.00 23.17 14.93 19.05 1.30
2014 12 13 0.00 29.35 13.90 22.14 1.30
2014 12 14 0.30 33.47 29.35 31.41 1.30
2014 12 15 0.00 33.47 27.29 31.41 1.50
2014 12 16 0.00 33.47 20.08 29.35 1.50
2014 12 17 0.10 30.38 20.08 26.26 1.50
2014 12 18 0.00 23.17 11.84 16.99 1.60
2014 12 19 0.00 19.05 7.72 14.93 1.60
2014 12 20 0.00 14.93 5.66 11.84 1.60
2014 12 21 0.10 22.14 7.72 15.96 1.60
2014 12 22 0.10 28.32 15.96 25.23 1.70
2014 12 23 0.10 28.32 24.20 26.26 1.80
2014 12 24 0.20 26.26 23.17 25.23 1.90
2014 12 25 0.40 31.41 18.02 25.23 2.10
2014 12 26 0.00 25.23 16.99 23.17 2.40
2014 12 27 0.00 22.14 3.60 14.93 2.40
2014 12 28 0.00 27.29 15.96 19.05 2.40
2014 12 29 0.00 30.38 25.23 28.32 2.40
2014 12 30 0.80 32.44 28.32 31.41 2.40
2014 12 31 0.00 38.62 31.41 33.47 3.00
2015 1 1 0.00 33.47 27.29 30.38 3.00
2015 1 2 0.00 28.32 5.66 18.02 3.00
2015 1 3 0.00 13.90 -5.67 9.78 3.00
2015 1 4 0.00 -2.58 -17.00 -10.82 3.00
2015 1 5 0.00 -6.70 -19.06 -14.94 3.00
2015 1 6 0.00 1.54 -20.09 -13.91 3.00
2015 1 7 0.00 9.78 -10.82 0.51 3.00
2015 1 8 0.00 29.35 8.75 23.17 3.00
2015 1 9 0.00 33.47 25.23 29.35 3.00
2015 1 10 0.00 32.44 28.32 30.38 3.00
2015 1 11 0.00 31.41 16.99 26.26 3.00
2015 1 12 0.00 33.47 9.78 19.05 3.00
2015 1 13 0.00 33.47 27.29 31.41 3.00
2015 1 14 0.00 36.56 24.20 31.41 3.00
2015 1 15 0.00 34.50 28.32 32.44 3.00
2015 1 16 0.00 31.41 20.08 27.29 3.00
2015 1 17 0.10 29.35 20.08 25.23 3.00
2015 1 18 0.20 30.38 21.11 27.29 3.00
2015 1 19 0.00 29.35 14.93 24.20 3.20
2015 1 20 0.00 22.14 -1.55 14.93 3.20
2015 1 21 0.00 14.93 -10.82 2.57 3.20
2015 1 22 0.00 15.96 -7.73 6.69 3.20
2015 1 23 0.70 16.99 9.78 14.93 3.20
2015 1 24 0.00 13.90 0.51 9.78 3.80
2015 1 25 0.00 6.69 -32.45 -5.67 3.80
2015 1 26 0.00 -0.52 -41.72 -15.97 3.80
2015 1 27 0.00 3.60 -19.06 -5.67 3.80
2015 1 28 0.00 8.75 -23.18 -7.73 3.80
2015 1 29 0.00 15.96 -19.06 1.54 3.80
2015 1 30 0.00 11.84 -11.85 2.57 3.80
2015 1 31 0.00 23.17 -19.06 1.54 3.80
2015 2 1 0.00 26.26 -5.67 11.84 3.80
2015 2 2 0.00 11.84 -15.97 -3.61 3.80
2015 2 3 0.00 9.78 -21.12 -9.79 3.80
2015 2 4 0.00 7.72 -24.21 -10.82 3.80
2015 2 5 0.00 25.23 -17.00 9.78 3.80
2015 2 6 0.00 22.14 0.51 12.87 3.80
2015 2 7 0.00 11.84 1.54 6.69 3.80
2015 2 8 0.00 6.69 -1.55 2.57 3.80
2015 2 9 0.00 14.93 -5.67 6.69 3.80
2015 2 10 0.00 26.26 14.93 21.11 3.80
2015 2 11 0.00 33.47 18.02 26.26 3.80
2015 2 12 0.20 32.44 22.14 28.32 3.80
2015 2 13 0.00 30.38 16.99 26.26 4.00
2015 2 14 0.00 31.41 13.90 24.20 4.00
2015 2 15 0.10 34.50 29.35 31.41 4.00
2015 2 16 0.10 36.56 31.41 33.47 4.00
2015 2 17 0.00 42.74 32.44 36.56 4.00
2015 2 18 0.00 35.53 16.99 26.26 4.00
2015 2 19 0.00 29.35 1.54 14.93 4.00
2015 2 20 0.00 35.53 9.78 23.17 4.00
2015 2 21 0.90 33.47 31.41 32.44 4.00
2015 2 22 0.90 38.62 32.44 34.50 4.30
2015 2 23 0.00 40.68 25.23 35.53 4.30
2015 2 24 0.00 33.47 13.90 24.20 4.30
2015 2 25 0.00 31.41 11.84 21.11 4.30
2015 2 26 0.00 25.23 2.57 13.90 4.30
2015 2 27 0.00 27.29 -1.55 13.90 4.30
2015 2 28 0.00 29.35 7.72 23.17 4.30
2015 3 1 0.00 31.41 2.57 16.99 4.30
2015 3 2 0.10 31.41 10.81 22.14 4.30
2015 3 3 0.00 36.56 26.26 30.38 4.30
2015 3 4 0.10 37.59 31.41 33.47 4.30
2015 3 5 0.00 39.65 32.44 34.50 4.30
2015 3 6 0.00 36.56 27.29 32.44 4.30
2015 3 7 0.00 40.68 21.11 34.50 4.30
2015 3 8 0.00 29.35 7.72 21.11 4.30
2015 3 9 0.00 21.11 2.57 11.84 4.30
2015 3 10 0.00 18.02 -1.55 6.69 4.30
2015 3 11 0.00 16.99 -6.70 4.63 4.30
2015 3 12 0.00 12.87 -1.55 3.60 4.30
2015 3 13 0.00 11.84 -4.64 2.57 4.30
2015 3 14 0.00 12.87 -14.94 -0.52 4.30
2015 3 15 0.10 9.78 -14.94 -0.52 4.30
2015 3 16 0.10 35.53 9.78 23.17 4.40
2015 3 17 0.00 40.68 25.23 33.47 4.50
2015 3 18 0.00 39.65 23.17 32.44 4.40
2015 3 19 0.00 47.89 20.08 32.44 4.30
2015 3 20 0.00 42.74 16.99 30.38 4.20
2015 3 21 0.00 42.74 12.87 29.35 4.10
2015 3 22 0.00 41.71 23.17 30.38 4.00
2015 3 23 0.10 44.80 16.99 29.35 4.00
2015 3 24 0.00 42.74 12.87 29.35 4.10
2015 3 25 0.00 40.68 18.02 29.35 4.10
2015 3 26 0.00 42.74 24.20 33.47 4.10
2015 3 27 0.00 45.83 29.35 36.56 4.10
2015 3 28 0.00 42.74 25.23 33.47 4.10
2015 3 29 0.00 42.74 24.20 32.44 4.10
2015 3 30 0.00 46.86 26.26 35.53 3.80
2015 3 31 0.00 45.83 24.20 34.50 3.60
2015 4 1 0.00 39.65 27.29 33.47 3.30
2015 4 2 0.00 44.80 24.20 35.53 3.10
2015 4 3 0.00 42.74 29.35 35.53 2.40
2015 4 4 0.00 40.68 20.08 31.41 1.80
2015 4 5 0.00 38.62 24.20 31.41 1.40
2015 4 6 0.10 38.62 31.41 34.50 1.30
2015 4 7 0.00 46.86 30.38 37.59 1.20
2015 4 8 0.10 38.62 31.41 33.47 0.40
2015 4 9 0.00 40.68 30.38 34.50 0.40
2015 4 10 0.00 46.86 28.32 37.59 0.40
2015 4 11 0.00 45.83 22.14 33.47 0.20
2015 4 12 0.10 45.83 30.38 35.53 0.00
2015 4 13 0.00 41.71 26.26 33.47 0.00
2015 4 14 0.00 41.71 23.17 32.44 0.00
2015 4 15 0.00 47.89 29.35 37.59 0.00
2015 4 16 0.10 40.68 33.47 36.56 0.00
2015 4 17 0.00 46.86 32.44 38.62 0.00
2015 4 18 0.00 41.71 33.47 36.56 0.00
2015 4 19 0.20 46.86 33.47 39.65 0.00
2015 4 20 0.20 40.68 30.38 34.50 0.00
2015 4 21 0.00 40.68 27.29 31.41 0.20
2015 4 22 0.00 49.95 28.32 36.56 0.20
2015 4 23 0.00 48.92 25.23 37.59 0.00
2015 4 24 0.00 52.01 24.20 38.62 0.00
2015 4 25 0.00 55.10 25.23 39.65 0.00
2015 4 26 0.00 54.07 30.38 42.74 0.00
2015 4 27 0.00 55.10 32.44 42.74 0.00
2015 4 28 0.00 59.22 30.38 43.77 0.00
2015 4 29 0.00 52.01 30.38 41.71 0.00
2015 4 30 0.10 52.01 34.50 41.71 0.00
2015 5 1 0.00 56.13 32.44 42.74 0.00
2015 5 2 0.00 59.22 29.35 43.77 0.00
2015 5 3 0.00 59.22 32.44 46.86 0.00
2015 5 4 0.00 62.31 33.47 47.89 0.00
2015 5 5 0.00 57.16 33.47 44.80 0.00
2015 5 6 0.00 57.16 35.53 47.89 0.00
2015 5 7 0.00 50.98 38.62 44.80 0.00
2015 5 8 1.20 42.74 40.68 42.74 0.00
2015 5 9 0.70 53.04 38.62 45.83 0.00
2015 5 10 0.00 57.16 33.47 45.83 0.00
2015 5 11 0.00 60.25 35.53 47.89 0.00
2015 5 12 0.00 66.43 42.74 53.04 0.00
2015 5 13 0.00 63.34 37.59 50.98 0.00
2015 5 14 0.00 54.07 44.80 48.92 0.00
2015 5 15 0.00 63.34 43.77 52.01 0.00
2015 5 16 0.00 61.28 44.80 52.01 0.00
2015 5 17 0.00 64.37 37.59 50.98 0.00
2015 5 18 0.00 66.43 36.56 52.01 0.00
2015 5 19 0.00 61.28 41.71 50.98 0.00
2015 5 20 0.00 60.25 37.59 49.95 0.00
2015 5 21 0.00 67.46 41.71 54.07 0.00
2015 5 22 0.00 73.64 41.71 57.16 0.00
2015 5 23 0.30 56.13 44.80 49.95 0.00
2015 5 24 0.00 59.22 45.83 52.01 0.00
2015 5 25 0.00 62.31 45.83 52.01 0.00
2015 5 26 0.00 63.34 41.71 52.01 0.00
2015 5 27 0.00 68.49 37.59 52.01 0.00
2015 5 28 0.00 68.49 40.68 54.07 0.00
2015 5 29 0.00 73.64 39.65 57.16 0.00
2015 5 30 0.00 78.79 43.77 61.28 0.00
2015 5 31 0.00 80.85 45.83 63.34 0.00
2015 6 1 0.00 72.61 48.92 60.25 0.00
2015 6 2 0.00 54.07 47.89 52.01 0.00
2015 6 3 0.00 58.19 44.80 49.95 0.00
2015 6 4 0.30 49.95 44.80 46.86 0.00
2015 6 5 0.00 54.07 43.77 47.89 0.00
2015 6 6 0.10 60.25 41.71 49.95 0.00
2015 6 7 0.00 63.34 43.77 53.04 0.00
2015 6 8 0.00 58.19 45.83 49.95 0.00
2015 6 9 0.10 55.10 43.77 48.92 0.00
2015 6 10 0.00 58.19 42.74 49.95 0.00
2015 6 11 0.00 63.34 45.83 52.01 0.00
2015 6 12 0.00 70.55 45.83 56.13 0.00
2015 6 13 0.00 75.70 43.77 61.28 0.00
2015 6 14 0.00 81.88 50.98 67.46 0.00
2015 6 15 0.00 86.00 53.04 70.55 0.00
2015 6 16 0.00 87.03 54.07 70.55 0.00
2015 6 17 0.00 86.00 53.04 70.55 0.00
2015 6 18 0.00 86.00 49.95 67.46 0.00
2015 6 19 0.00 72.61 52.01 63.34 0.00
2015 6 20 0.00 70.55 48.92 59.22 0.00
2015 6 21 0.00 69.52 50.98 59.22 0.00
2015 6 22 0.00 70.55 50.98 59.22 0.00
2015 6 23 0.00 75.70 47.89 61.28 0.00
2015 6 24 0.00 79.82 45.83 61.28 0.00
2015 6 25 0.00 75.70 52.01 64.37 0.00
2015 6 26 0.00 67.46 50.98 58.19 0.00
2015 6 27 0.00 70.55 49.95 57.16 0.00
2015 6 28 0.00 70.55 47.89 59.22 0.00
2015 6 29 0.00 70.55 50.98 59.22 0.00
2015 6 30 0.00 70.55 45.83 57.16 0.00
2015 7 1 0.10 55.10 48.92 52.01 0.00
2015 7 2 0.50 57.16 47.89 50.98 0.00
2015 7 3 0.00 71.58 46.86 58.19 0.00
2015 7 4 0.00 64.37 54.07 58.19 0.00
2015 7 5 0.00 75.70 53.04 63.34 0.00
2015 7 6 0.00 79.82 55.10 65.40 0.00
2015 7 7 0.00 69.52 55.10 60.25 0.00
2015 7 8 0.00 63.34 49.95 56.13 0.00
2015 7 9 0.00 67.46 49.95 58.19 0.00
2015 7 10 0.00 73.64 48.92 60.25 0.00
2015 7 11 0.10 71.58 46.86 58.19 0.00
2015 7 12 0.20 72.61 52.01 58.19 0.00
2015 7 13 0.70 70.55 49.95 56.13 0.00
2015 7 14 0.00 66.43 48.92 56.13 0.00
2015 7 15 0.00 66.43 42.74 55.10 0.00
2015 7 16 0.30 59.22 48.92 53.04 0.00
2015 7 17 0.10 61.28 49.95 54.07 0.00
2015 7 18 0.00 64.37 50.98 57.16 0.00
2015 7 19 0.00 75.70 45.83 60.25 0.00
2015 7 20 0.00 75.70 50.98 63.34 0.00
2015 7 21 0.00 73.64 45.83 60.25 0.00
2015 7 22 0.10 63.34 52.01 56.13 0.00
2015 7 23 0.00 76.73 52.01 61.28 0.00
2015 7 24 0.00 80.85 48.92 64.37 0.00
2015 7 25 0.10 72.61 49.95 60.25 0.00
2015 7 26 0.40 63.34 48.92 55.10 0.00
2015 7 27 0.00 67.46 45.83 55.10 0.00
2015 7 28 0.90 65.40 52.01 56.13 0.00
2015 7 29 0.00 67.46 52.01 57.16 0.00
2015 7 30 0.00 72.61 49.95 60.25 0.00
2015 7 31 0.00 76.73 46.86 59.22 0.00
2015 8 1 0.00 78.79 46.86 63.34 0.00
2015 8 2 0.00 78.79 52.01 64.37 0.00
2015 8 3 0.00 81.88 49.95 64.37 0.00
2015 8 4 0.00  nan  nan  nan 0.00
2015 8 5 0.00  nan  nan  nan 0.00
2015 8 6 0.00  nan  nan  nan 0.00
2015 8 7 0.00  nan  nan  nan 0.00
2015 8 8 0.00 67.46 52.01 59.22 0.00
2015 8 9 0.10 59.22 52.01 55.10 0.00
2015 8 10 0.00 67.46 43.77 56.13 0.00
2015 8 11 0.00 68.49 42.74 54.07 0.00
2015 8 12 0.00 70.55 45.83 57.16 0.00
2015 8 13 0.00 71.58 49.95 59.22 0.00
2015 8 14 0.00 73.64 49.95 59.22 0.00
2015 8 15 0.30 56.13 47.89 52.01 0.00
2015 8 16 0.10 57.16 50.98 54.07 0.00
2015 8 17 0.30 58.19 52.01 54.07 0.00
2015 8 18 0.00 69.52 49.95 58.19 0.00
2015 8 19 0.00 68.49 46.86 56.13 0.00
2015 8 20 0.00  nan  nan  nan 0.00
2015 8 21 0.10  nan  nan  nan 0.00
2015 8 22 0.00  nan  nan  nan 0.00
2015 8 23 0.00  nan  nan  nan 0.00
2015 8 24 0.00  nan  nan  nan 0.00
2015 8 25 0.00  nan  nan  nan 0.00
2015 8 26 0.00  nan  nan  nan 0.00
2015 8 27 0.00  nan  nan  nan 0.00
2015 8 28 0.00  nan  nan  nan 0.00
2015 8 29 0.00  nan  nan  nan 0.00
2015 8 30 0.00  nan  nan  nan 0.00
2015 8 31 0.00  nan  nan  nan 0.00
2015 9 1 0.00  nan  nan  nan 0.00
2015 9 2 0.00  nan  nan  nan 0.00
2015 9 3 0.40  nan  nan  nan 0.00
2015 9 4 0.30  nan  nan  nan 0.00
2015 9 5 0.00  nan  nan  nan 0.00
2015 9 6 0.00  nan  nan  nan 0.00
2015 9 7 0.00  nan  nan  nan 0.00
2015 9 8 0.80  nan  nan  nan 0.00
2015 9 9 0.40  nan  nan  nan 0.00
2015 9 10 0.20  nan  nan  nan 0.00
2015 9 11 0.00  nan  nan  nan 0.00
2015 9 12 0.50  nan  nan  nan 0.00
2015 9 13 0.20  nan  nan  nan 0.00
2015 9 14 0.20  nan  nan  nan 0.00
2015 9 15 0.30  nan  nan  nan 0.00
2015 9 16 0.00  nan  nan  nan 0.00
2015 9 17 0.20  nan  nan  nan 0.00
2015 9 18 0.30  nan  nan  nan 0.00
2015 9 19 0.00  nan  nan  nan 0.00
2015 9 20 0.00  nan  nan  nan 0.00
2015 9 21 0.00  nan  nan  nan 0.00
2015 9 22 0.00  nan  nan  nan 0.00
2015 9 23 0.00  nan  nan  nan 0.00
2015 9 24 0.00  nan  nan  nan 0.00
2015 9 25 0.00 36.56 30.38 34.50 0.00
2015 9 26 0.00 40.68 30.38 36.56 0.00
2015 9 27 0.60 39.65 36.56 38.62 0.00
2015 9 28 0.80 44.80 39.65 41.71 0.00
2015 9 29 0.80 39.65 32.44 35.53 0.00
2015 9 30 0.00 43.77 31.41 37.59 0.00
2015 10 1 0.00 40.68 24.20 33.47 0.00
2015 10 2 0.60 33.47 31.41 33.47 0.00
2015 10 3 0.80 36.56 32.44 34.50 0.00
2015 10 4 0.20 40.68 35.53 37.59 0.00
2015 10 5 0.00 44.80 35.53 39.65 0.00
2015 10 6 0.00 45.83 29.35 38.62 0.00
2015 10 7 0.50 42.74 38.62 40.68 0.00
2015 10 8 0.10 49.95 39.65 42.74 0.00
2015 10 9 0.00 53.04 39.65 45.83 0.00
2015 10 10 0.10 49.95 38.62 42.74 0.00
2015 10 11 0.30 44.80 39.65 41.71 0.00
2015 10 12 0.00 39.65 30.38 35.53 0.00
2015 10 13 0.00 40.68 35.53 37.59 0.00
2015 10 14 0.20 48.92 36.56 40.68 0.00
2015 10 15 0.00 44.80 35.53 40.68 0.00
2015 10 16 0.10 41.71 38.62 39.65 0.00
2015 10 17 0.10 43.77 38.62 40.68 0.00
2015 10 18 0.30 45.83 36.56 42.74 0.00
2015 10 19 0.10 47.89 35.53 41.71 0.00
2015 10 20 0.00 44.80 35.53 39.65 0.00
2015 10 21 0.10 46.86 27.29 34.50 0.00
2015 10 22 0.20 40.68 22.14 30.38 0.00
2015 10 23 0.10 39.65 30.38 34.50 0.00
2015 10 24 0.10 41.71 36.56 38.62 0.00
2015 10 25 0.00 41.71 32.44 36.56 0.00
2015 10 26 0.00 38.62 32.44 35.53 0.00
2015 10 27 0.00 46.86 32.44 36.56 0.00
2015 10 28 0.00 46.86 31.41 38.62 0.00
2015 10 29 0.10 42.74 30.38 35.53 0.00
2015 10 30 0.30 32.44 28.32 29.35 0.00
2015 10 31 0.00 32.44 19.05 27.29 0.30
2015 11 1 0.10 26.26 16.99 22.14 0.30
2015 11 2 0.10 27.29 12.87 22.14 0.30
2015 11 3 0.00 32.44 14.93 25.23 0.30
2015 11 4 0.10 27.29 14.93 23.17 0.40
2015 11 5 1.50 32.44 25.23 29.35 0.40
2015 11 6 0.10 36.56 25.23 31.41 1.50
2015 11 7 0.00 32.44 13.90 24.20 1.60
2015 11 8 0.90 23.17 9.78 19.05 1.60
2015 11 9 0.00 28.32 20.08 24.20 2.30
2015 11 10 0.00 27.29 20.08 24.20 2.30
2015 11 11 0.00 23.17 21.11 22.14 2.30
2015 11 12 0.00 26.26 15.96 21.11 2.30
2015 11 13 0.00 22.14 9.78 16.99 2.30
2015 11 14 0.00 14.93 -2.58 5.66 2.30
2015 11 15 0.00 -1.55 -21.12 -11.85 2.30
2015 11 16 0.00 -1.55 -25.24 -17.00 2.30
2015 11 17 0.00 -4.64 -27.30 -20.09 2.30
2015 11 18 0.00 -3.61 -30.39 -19.06 2.30
2015 11 19 1.00 11.84 -3.61 5.66 2.30
2015 11 20 0.80 23.17 11.84 16.99 3.20
2015 11 21 0.00 28.32 18.02 24.20 3.50
2015 11 22 0.00 23.17 -4.64 8.75 3.50
2015 11 23 0.50 18.02 10.81 13.90 3.50
2015 11 24 0.80 38.62 16.99 25.23 4.00
2015 11 25 1.40 39.65 31.41 35.53 4.70
2015 11 26 1.00 33.47 31.41 32.44 5.20
2015 11 27 0.10 37.59 31.41 33.47 6.10
2015 11 28 0.10 33.47 29.35 31.41 6.10
2015 11 29 0.00  nan  nan  nan 6.10
2015 11 30 0.00 25.23 19.05 22.14 6.10
2015 12 1 0.00 23.17 5.66 16.99 6.10
2015 12 2 0.00 24.20 5.66 16.99 6.10
2015 12 3 0.00 27.29 23.17 25.23 6.10
2015 12 4 0.00 25.23 16.99 20.08 6.10
2015 12 5 0.00 22.14 10.81 18.02 6.10
2015 12 6 0.00 13.90 -4.64 9.78 6.10
2015 12 7 0.00 8.75 -11.85 -3.61 6.10
2015 12 8 0.00 13.90 3.60 10.81 6.10
2015 12 9 0.00 19.05 -0.52 10.81 6.10
2015 12 10 0.00 22.14 2.57 15.96 6.10
2015 12 11 0.00 20.08 -2.58 10.81 6.10
2015 12 12 0.10 19.05 1.54 14.93 6.10
2015 12 13 0.30 21.11 -1.55 13.90 6.20
2015 12 14 0.20 24.20 21.11 23.17 6.30
2015 12 15 0.30 26.26 23.17 24.20 6.40
2015 12 16 0.00 24.20 21.11 23.17 6.70
2015 12 17 0.00 27.29 9.78 22.14 6.70
2015 12 18 0.00 22.14 7.72 18.02 6.70
2015 12 19 0.00 29.35 14.93 24.20 6.70
2015 12 20 0.00 18.02 -10.82 2.57 6.70
2015 12 21 0.00 4.63 -13.91 -3.61 6.70
2015 12 22 0.00 -5.67 -24.21 -14.94 6.70
2015 12 23 0.00 -11.85 -33.48 -19.06 6.70
2015 12 24 0.00 1.54 -34.51 -18.03 6.70
2015 12 25 0.00 19.05 0.51 9.78 6.70
2015 12 26 0.00 25.23 8.75 18.02 6.70
2015 12 27 0.00 26.26 -3.61 13.90 6.70
2015 12 28 0.60 36.56 26.26 30.38 6.70
2015 12 29 0.00 40.68 23.17 33.47 7.00
2015 12 30 0.00 41.71 24.20 34.50 7.10
2015 12 31 0.20 35.53 22.14 33.47 7.10
2016 1 1 0.10 32.44 23.17 29.35 7.20
2016 1 2 0.10 38.62 31.41 35.53 7.20
2016 1 3 0.00 37.59 22.14 30.38 7.30
2016 1 4 0.00 33.47 23.17 29.35 7.30
2016 1 5 0.00 37.59 16.99 29.35 7.30
2016 1 6 0.00 22.14 0.51 7.72 7.30
2016 1 7 0.00 8.75 -3.61 2.57 7.30
2016 1 8 0.00 16.99 -6.70 5.66 7.30
2016 1 9 0.00 24.20 12.87 19.05 7.30
2016 1 10 0.00 36.56 21.11 30.38 7.30
2016 1 11 0.10 35.53 20.08 31.41 7.30
2016 1 12 0.20 30.38 20.08 26.26 7.30
2016 1 13 0.10 30.38 11.84 27.29 7.50
2016 1 14 0.00 20.08 0.51 9.78 7.60
2016 1 15 0.00 12.87 -6.70 4.63 7.60
2016 1 16 0.00 19.05 -12.88 6.69 7.60
2016 1 17 0.00 24.20 14.93 19.05 7.60
2016 1 18 0.00 27.29 8.75 20.08 7.60
2016 1 19 0.00 28.32 4.63 20.08 7.60
2016 1 20 0.00 22.14 2.57 15.96 7.60
2016 1 21 0.00 25.23 12.87 20.08 7.60
2016 1 22 0.00 22.14 -1.55 13.90 7.60
2016 1 23 0.00 24.20 10.81 19.05 7.60
2016 1 24 0.10 30.38 19.05 26.26 7.60
2016 1 25 0.00 35.53 12.87 29.35 7.70
2016 1 26 0.00 21.11 5.66 13.90 7.70
2016 1 27 0.00 37.59 12.87 32.44 7.70
2016 1 28 0.10 36.56 29.35 33.47 7.70
2016 1 29 0.00 32.44 14.93 25.23 7.80
2016 1 30 0.00 28.32 21.11 25.23 7.80
2016 1 31 0.00 29.35 1.54 21.11 7.80
2016 2 1 0.00 14.93 -5.67 2.57 7.80
2016 2 2 0.00 21.11 -7.73 7.72 7.80
2016 2 3 0.00 29.35 10.81 22.14 7.80
2016 2 4 0.00 34.50 20.08 27.29 7.80
2016 2 5 0.00 33.47 13.90 25.23 7.80
2016 2 6 0.00 31.41 26.26 28.32 7.80
2016 2 7 0.00 30.38 22.14 27.29 7.80
2016 2 8 0.00 30.38 16.99 26.26 7.80
2016 2 9 0.00 29.35 5.66 18.02 7.80
2016 2 10 0.00 29.35 15.96 24.20 7.80
2016 2 11 0.00 32.44 20.08 28.32 7.80
2016 2 12 0.00 33.47 21.11 28.32 7.80
2016 2 13 0.10 33.47 22.14 28.32 7.80
2016 2 14 0.00 33.47 26.26 30.38 7.90
2016 2 15 0.00 35.53 14.93 26.26 7.90
2016 2 16 0.00 30.38 -0.52 12.87 7.90
2016 2 17 0.00 22.14 -7.73 7.72 7.90
2016 2 18 0.00 25.23 -0.52 11.84 7.90
2016 2 19 0.00 22.14 -10.82 7.72 7.90
2016 2 20 0.00 31.41 10.81 22.14 7.90
2016 2 21 0.20 39.65 29.35 32.44 7.90
2016 2 22 0.10 38.62 26.26 33.47 7.90
2016 2 23 0.00 34.50 22.14 30.38 7.90
2016 2 24 0.00 41.71 27.29 33.47 7.90
2016 2 25 0.10 38.62 31.41 35.53 7.90
2016 2 26 0.00 38.62 24.20 31.41 8.00
2016 2 27 0.00 40.68 20.08 32.44 8.00
2016 2 28 0.00 42.74 24.20 35.53 8.00
2016 2 29 0.00 37.59 20.08 28.32 8.00
2016 3 1 0.00 37.59 13.90 26.26 8.00
2016 3 2 0.00 39.65 19.05 27.29 8.00
2016 3 3 0.00 36.56 13.90 24.20 8.10
2016 3 4 0.00 27.29 9.78 20.08 8.10
2016 3 5 0.00 32.44 18.02 26.26 8.10
2016 3 6 0.00 38.62 16.99 27.29 8.10
2016 3 7 0.00 35.53 19.05 28.32 8.10
2016 3 8 0.00 38.62 27.29 32.44 8.10
2016 3 9 0.00 41.71 21.11 29.35 8.10
2016 3 10 0.00 39.65 16.99 30.38 8.10
2016 3 11 0.00 38.62 18.02 29.35 8.10
2016 3 12 0.00 40.68 24.20 31.41 8.10
2016 3 13 0.00 40.68 10.81 25.23 8.10
2016 3 14 0.00 37.59 6.69 22.14 8.10
2016 3 15 0.00 39.65 13.90 27.29 8.10
2016 3 16 0.00 30.38 15.96 23.17 8.10
2016 3 17 0.00 30.38 6.69 18.02 8.10
2016 3 18 0.00 31.41 1.54 18.02 8.10
2016 3 19 0.30 27.29 6.69 16.99 8.10
2016 3 20 0.30 36.56 13.90 24.20 8.40
2016 3 21 0.00 43.77 27.29 34.50 8.50
2016 3 22 0.00 47.89 24.20 36.56 8.50
2016 3 23 0.00 47.89 21.11 35.53 8.50
2016 3 24 0.00 44.80 27.29 36.56 8.50
2016 3 25 0.00 40.68 32.44 35.53 8.50
2016 3 26 0.00 44.80 26.26 33.47 8.50
2016 3 27 0.40 38.62 25.23 32.44 8.50
2016 3 28 1.00 35.53 31.41 32.44 8.70
2016 3 29 0.10 44.80 31.41 35.53 9.60
2016 3 30 0.40 41.71 31.41 36.56 9.60
2016 3 31 0.00 47.89 27.29 36.56 9.40
2016 4 1 0.10 48.92 33.47 39.65 9.30
2016 4 2 0.00 43.77 32.44 38.62 8.60
2016 4 3 0.00 44.80 29.35 36.56 8.00
2016 4 4 0.00 45.83 27.29 36.56 7.60
2016 4 5 0.00 55.10 31.41 40.68 7.30
2016 4 6 0.00 47.89 29.35 38.62 6.90
2016 4 7 0.00 46.86 28.32 37.59 6.50
2016 4 8 0.00 49.95 25.23 38.62 6.10
2016 4 9 0.20 39.65 33.47 36.56 5.50
2016 4 10 0.00 48.92 33.47 39.65 5.20
2016 4 11 0.00 47.89 29.35 38.62 4.70
2016 4 12 0.00 48.92 29.35 40.68 4.10
2016 4 13 0.00 49.95 33.47 40.68 3.40
2016 4 14 0.10 50.98 32.44 39.65 3.00
2016 4 15 0.00 56.13 30.38 40.68 2.10
2016 4 16 0.00 53.04 31.41 40.68 1.50
2016 4 17 0.00 49.95 32.44 40.68 0.70
2016 4 18 0.00 52.01 27.29 39.65 0.10
2016 4 19 0.00 50.98 31.41 40.68 0.00
2016 4 20 0.00 53.04 31.41 41.71 0.00
2016 4 21 0.00 54.07 30.38 43.77 0.00
2016 4 22 0.00 54.07 34.50 43.77 0.00
2016 4 23 0.00 61.28 34.50 47.89 0.00
2016 4 24 0.00 58.19 41.71 48.92 0.00
2016 4 25 0.00 55.10 39.65 47.89 0.00
2016 4 26 0.00 57.16 38.62 46.86 0.00
2016 4 27 0.00 54.07 32.44 42.74 0.00
2016 4 28 0.00 54.07 33.47 44.80 0.00
2016 4 29 0.00 55.10 39.65 45.83 0.00
2016 4 30 0.00 54.07 36.56 45.83 0.00
2016 5 1 0.00 53.04 38.62 45.83 0.00
2016 5 2 0.00 58.19 35.53 45.83 0.00
2016 5 3 0.00 54.07 34.50 44.80 0.00
2016 5 4 0.00 55.10 36.56 44.80 0.00
2016 5 5 0.00 54.07 32.44 43.77 0.00
2016 5 6 0.10 58.19 39.65 46.86 0.00
2016 5 7 0.00 55.10 39.65 46.86 0.00
2016 5 8 0.10 50.98 38.62 43.77 0.00
2016 5 9 0.10 52.01 38.62 44.80 0.00
2016 5 10 0.00 54.07 40.68 47.89 0.00
2016 5 11 0.00 62.31 45.83 50.98 0.00
2016 5 12 0.00 70.55 45.83 57.16 0.00
2016 5 13 0.00 77.76 42.74 61.28 0.00
2016 5 14 0.00 77.76 48.92 63.34 0.00
2016 5 15 0.00 74.67 45.83 59.22 0.00
2016 5 16 0.00 71.58 43.77 57.16 0.00
2016 5 17 0.00 57.16 46.86 50.98 0.00
2016 5 18 0.00 55.10 45.83 49.95 0.00
2016 5 19 0.00 62.31 44.80 52.01 0.00
2016 5 20 0.30 52.01 44.80 46.86 0.00
2016 5 21 0.00 54.07 44.80 48.92 0.00
2016 5 22 0.00 59.22 38.62 48.92 0.00
2016 5 23 0.00 64.37 42.74 53.04 0.00
2016 5 24 0.00 66.43 42.74 54.07 0.00
2016 5 25 0.00 66.43 42.74 55.10 0.00
2016 5 26 0.00 72.61 47.89 59.22 0.00
2016 5 27 0.00 75.70 45.83 61.28 0.00
2016 5 28 0.00 77.76 44.80 60.25 0.00
2016 5 29 0.00 75.70 48.92 61.28 0.00
2016 5 30 0.20 66.43 47.89 55.10 0.00
2016 5 31 0.00 70.55 42.74 56.13 0.00
2016 6 1 0.00 72.61 46.86 58.19 0.00
2016 6 2 0.00 67.46 45.83 58.19 0.00
2016 6 3 0.20 66.43 45.83 54.07 0.00
2016 6 4 0.00 66.43 45.83 56.13 0.00
2016 6 5 0.00 64.37 43.77 54.07 0.00
2016 6 6 0.20 52.01 44.80 47.89 0.00
2016 6 7 0.00 66.43 41.71 53.04 0.00
2016 6 8 0.00 74.67 43.77 59.22 0.00
2016 6 9 0.00 74.67 46.86 61.28 0.00
2016 6 10 0.00 65.40 44.80 55.10 0.00
2016 6 11 0.10 61.28 44.80 50.98 0.00
2016 6 12 0.00 66.43 41.71 54.07 0.00
2016 6 13 0.00 71.58 47.89 58.19 0.00
2016 6 14 0.00 72.61 46.86 59.22 0.00
2016 6 15 0.00 82.91 46.86 63.34 0.00
2016 6 16 0.00 86.00 45.83 64.37 0.00
2016 6 17 0.00 74.67 47.89 61.28 0.00
2016 6 18 0.00 62.31 50.98 56.13 0.00
2016 6 19 0.60 55.10 49.95 52.01 0.00
2016 6 20 0.00 66.43 48.92 56.13 0.00
2016 6 21 0.00 76.73 46.86 61.28 0.00
2016 6 22 0.00 77.76 47.89 64.37 0.00
2016 6 23 0.00 73.64 50.98 61.28 0.00
2016 6 24 0.00 61.28 50.98 56.13 0.00
2016 6 25 0.00 74.67 49.95 61.28 0.00
2016 6 26 0.00 66.43 52.01 59.22 0.00
2016 6 27 0.00 72.61 49.95 60.25 0.00
2016 6 28 0.00 68.49 52.01 60.25 0.00
2016 6 29 0.00 76.73 46.86 61.28 0.00
2016 6 30 0.00 76.73 54.07 63.34 0.00
2016 7 1 0.40 65.40 49.95 55.10 0.00
2016 7 2 0.00 64.37 47.89 56.13 0.00
2016 7 3 0.10 64.37 53.04 57.16 0.00
2016 7 4 0.00 68.49 54.07 59.22 0.00
2016 7 5 0.10 64.37 52.01 57.16 0.00
2016 7 6 0.00 62.31 48.92 55.10 0.00
2016 7 7 0.00 75.70 49.95 60.25 0.00
2016 7 8 0.00 81.88 47.89 64.37 0.00
2016 7 9 0.00 78.79 48.92 64.37 0.00
2016 7 10 0.00 72.61 50.98 59.22 0.00
2016 7 11 0.00 65.40 54.07 59.22 0.00
2016 7 12 0.00 87.03 48.92 67.46 0.00
2016 7 13 0.00 78.79 52.01 64.37 0.00
2016 7 14 0.00 80.85 53.04 66.43 0.00
2016 7 15 0.00 76.73 52.01 64.37 0.00
2016 7 16 0.00 81.88 53.04 64.37 0.00
2016 7 17 0.00 80.85 52.01 65.40 0.00
2016 7 18 0.00 82.91 53.04 66.43 0.00
2016 7 19 0.00 80.85 55.10 64.37 0.00
2016 7 20 0.00 76.73 53.04 64.37 0.00
2016 7 21 0.00 74.67 57.16 63.34 0.00
2016 7 22 0.30 62.31 52.01 57.16 0.00
2016 7 23 0.00 75.70 48.92 61.28 0.00
2016 7 24 0.20 62.31 52.01 55.10 0.00
2016 7 25 0.00 64.37 52.01 58.19 0.00
2016 7 26 0.00 68.49 49.95 57.16 0.00
2016 7 27 0.00 69.52 53.04 60.25 0.00
2016 7 28 0.00 66.43 55.10 60.25 0.00
2016 7 29 0.00 68.49 54.07 59.22 0.00
2016 7 30 0.00 65.40 53.04 58.19 0.00
2016 7 31 0.00 64.37 55.10 57.16 0.00
2016 8 1 0.10 59.22 53.04 56.13 0.00
2016 8 2 0.10 73.64 53.04 60.25 0.00
2016 8 3 0.00 70.55 50.98 59.22 0.00
2016 8 4 0.70 57.16 52.01 55.10 0.00
2016 8 5 0.30 63.34 54.07 57.16 0.00
2016 8 6 0.50 59.22 54.07 57.16 0.00
2016 8 7 1.10 59.22 53.04 55.10 0.00
2016 8 8 0.10 64.37 50.98 56.13 0.00
2016 8 9 0.00 65.40 50.98 57.16 0.00
2016 8 10 0.00 61.28 52.01 56.13 0.00
2016 8 11 0.70 59.22 50.98 54.07 0.00
2016 8 12 0.30 60.25 52.01 55.10 0.00
2016 8 13 0.10 64.37 53.04 57.16 0.00
2016 8 14 0.30 69.52 52.01 58.19 0.00
2016 8 15 0.00 68.49 48.92 57.16 0.00
2016 8 16 0.00 70.55 44.80 56.13 0.00
2016 8 17 0.00 65.40 47.89 56.13 0.00
2016 8 18 0.10 68.49 52.01 57.16 0.00
2016 8 19 0.00 61.28 48.92 55.10 0.00
2016 8 20 0.00 61.28 46.86 54.07 0.00
2016 8 21 0.40 56.13 50.98 53.04 0.00
2016 8 22 0.50 54.07 49.95 52.01 0.00
2016 8 23 0.60 61.28 49.95 54.07 0.00
2016 8 24 0.50 59.22 52.01 55.10 0.00
2016 8 25 0.20 66.43 50.98 57.16 0.00
2016 8 26 0.00 69.52 50.98 58.19 0.00
2016 8 27 0.00 75.70 54.07 63.34 0.00
2016 8 28 0.00 74.67 50.98 62.31 0.00
2016 8 29 0.00 74.67 47.89 60.25 0.00
2016 8 30 0.00 71.58 42.74 57.16 0.00
2016 8 31 0.00 74.67 40.68 57.16 0.00
2016 9 1 0.00 72.61 39.65 53.04 0.00
2016 9 2 0.00 73.64 39.65 54.07 0.00
2016 9 3 0.00 65.40 40.68 53.04 0.00
2016 9 4 0.00 55.10 49.95 52.01 0.00
2016 9 5 0.30 56.13 49.95 52.01 0.00
2016 9 6 0.10 58.19 43.77 52.01 0.00
2016 9 7 0.20 57.16 44.80 49.95 0.00
2016 9 8 0.10 56.13 40.68 47.89 0.00
2016 9 9 0.00 63.34 37.59 49.95 0.00
2016 9 10 0.00 68.49 37.59 52.01 0.00
2016 9 11 1.50 47.89 44.80 45.83 0.00
2016 9 12 0.50 57.16 45.83 52.01 0.00
2016 9 13 0.00 59.22 41.71 49.95 0.00
2016 9 14 0.10 48.92 39.65 44.80 0.00
2016 9 15 0.30 57.16 43.77 47.89 0.00
2016 9 16 0.00 50.98 43.77 47.89 0.00
2016 9 17 0.10 54.07 44.80 47.89 0.00
2016 9 18 0.00 59.22 40.68 48.92 0.00
2016 9 19 0.00 54.07 35.53 45.83 0.00
2016 9 20 0.30 56.13 43.77 47.89 0.00
2016 9 21 1.00 54.07 44.80 46.86 0.00
2016 9 22 0.80 47.89 42.74 45.83 0.00
2016 9 23 0.10 53.04 41.71 46.86 0.00
2016 9 24 0.00 55.10 38.62 45.83 0.00
2016 9 25 0.10 46.86 35.53 41.71 0.00
2016 9 26 0.00 50.98 30.38 39.65 0.00
2016 9 27 0.00 50.98 29.35 38.62 0.00
2016 9 28 0.00 44.80 28.32 34.50 0.00
2016 9 29 0.00 52.01 27.29 38.62 0.00
2016 9 30 0.00 54.07 29.35 39.65 0.00
2016 10 1 0.10 44.80 28.32 36.56 0.00
2016 10 2 0.10 49.95 35.53 40.68 0.00
2016 10 3 0.00 48.92 33.47 40.68 0.00
2016 10 4 0.00 55.10 34.50 44.80 0.00
2016 10 5 0.00 53.04 33.47 42.74 0.00
2016 10 6 0.00 49.95 27.29 36.56 0.00
2016 10 7 0.00 49.95 23.17 33.47 0.00
2016 10 8 0.00 44.80 21.11 31.41 0.00
2016 10 9 0.00 42.74 24.20 33.47 0.00
2016 10 10 0.00 45.83 30.38 36.56 0.00
2016 10 11 0.00 42.74 27.29 32.44 0.00
2016 10 12 0.00 49.95 23.17 33.47 0.00
2016 10 13 0.00 53.04 22.14 34.50 0.00
2016 10 14 0.00 53.04 21.11 34.50 0.00
2016 10 15 0.00 45.83 26.26 35.53 0.00
2016 10 16 0.00 38.62 27.29 32.44 0.00
2016 10 17 0.00 38.62 27.29 31.41 0.00
2016 10 18 0.00 37.59 24.20 31.41 0.00
2016 10 19 0.00 39.65 27.29 31.41 0.00
2016 10 20 0.00 34.50 24.20 29.35 0.00
2016 10 21 0.00 36.56 27.29 31.41 0.00
2016 10 22 0.00 38.62 26.26 31.41 0.00
2016 10 23 0.00 37.59 15.96 25.23 0.00
2016 10 24 0.00 38.62 10.81 22.14 0.00
2016 10 25 0.00 30.38 9.78 19.05 0.00
2016 10 26 0.00 38.62 19.05 26.26 0.00
2016 10 27 0.00 42.74 21.11 29.35 0.00
2016 10 28 0.10 31.41 14.93 25.23 0.00
2016 10 29 0.10 35.53 30.38 33.47 0.00
2016 10 30 0.10 38.62 33.47 35.53 0.00
2016 10 31 0.00 37.59 28.32 32.44 0.00
2016 11 1 0.00 42.74 28.32 35.53 0.00
2016 11 2 0.00 37.59 28.32 32.44 0.00
2016 11 3 0.00 34.50 22.14 28.32 0.00
2016 11 4 0.00 32.44 23.17 27.29 0.00
2016 11 5 0.10 29.35 20.08 25.23 0.00
2016 11 6 0.00 31.41 21.11 27.29 0.00
2016 11 7 0.50 32.44 28.32 31.41 0.00
2016 11 8 0.00 35.53 29.35 32.44 0.40
2016 11 9 0.10 36.56 21.11 29.35 0.40
2016 11 10 0.00 38.62 26.26 33.47 0.50
2016 11 11 0.20 36.56 27.29 33.47 0.50
2016 11 12 0.10 34.50 25.23 30.38 0.60
2016 11 13 0.20 37.59 31.41 34.50 0.60
2016 11 14 0.00 39.65 25.23 31.41 0.60
2016 11 15 0.00 33.47 26.26 30.38 0.60
2016 11 16 0.00 28.32 20.08 24.20 0.60
2016 11 17 0.00 26.26 18.02 24.20 0.60
2016 11 18 0.00 23.17 12.87 18.02 0.60
2016 11 19 0.00 22.14 6.69 14.93 0.60
2016 11 20 0.00 25.23 4.63 13.90 0.60
2016 11 21 0.00 27.29 18.02 24.20 0.60
2016 11 22 0.00 19.05 4.63 12.87 0.60
2016 11 23 0.00 14.93 0.51 5.66 0.60
2016 11 24 0.00 8.75 -2.58 2.57 0.60
2016 11 25 0.00 20.08 2.57 12.87 0.60
2016 11 26 0.00 20.08 -0.52 9.78 0.60
2016 11 27 0.00 23.17 15.96 20.08 0.60
2016 11 28 0.00 15.96 -1.55 7.72 0.60
2016 11 29 0.00 10.81 -7.73 1.54 0.60
2016 11 30 0.00 13.90 -12.88 -0.52 0.60
2016 12 1 0.00 22.14 13.90 19.05 0.60
2016 12 2 0.00 20.08 12.87 16.99 0.60
2016 12 3 0.00 13.90 8.75 11.84 0.60
2016 12 4 0.00 9.78 -4.64 3.60 0.60
2016 12 5 0.00 9.78 -11.85 -3.61 0.60
2016 12 6 0.00 12.87 7.72 9.78 0.60
2016 12 7 0.10 20.08 6.69 14.93 0.60
2016 12 8 0.00 15.96 3.60 11.84 0.70
2016 12 9 0.00 20.08 5.66 12.87 0.70
2016 12 10 0.00 14.93 3.60 10.81 0.70
2016 12 11 0.10 14.93 -7.73 1.54 0.70
2016 12 12 0.00 1.54 -10.82 -6.70 0.80
2016 12 13 0.00 12.87 -13.91 -3.61 0.80
2016 12 14 0.00 13.90 3.60 9.78 0.80
2016 12 15 0.00 18.02 4.63 11.84 0.80
2016 12 16 0.50 25.23 18.02 22.14 0.80
2016 12 17 0.70 28.32 24.20 26.26 1.30
2016 12 18 0.00 26.26 15.96 23.17 1.80
2016 12 19 0.00 25.23 20.08 23.17 1.80
2016 12 20 0.00 24.20 21.11 22.14 1.80
2016 12 21 0.00 23.17 14.93 19.05 1.80
2016 12 22 0.00 16.99 -15.97 0.51 1.80
2016 12 23 0.00 -6.70 -18.03 -12.88 1.80
2016 12 24 0.00 21.11 -9.79 7.72 1.80
2016 12 25 0.00 31.41 19.05 24.20 1.80
2016 12 26 0.00 32.44 18.02 27.29 1.80
2016 12 27 0.00 20.08 9.78 12.87 1.80
2016 12 28 0.00 21.11 -0.52 13.90 1.80
2016 12 29 0.10 12.87 -5.67 6.69 1.80
2016 12 30 0.00 13.90 -2.58 7.72 1.90
2016 12 31 0.00 14.93 3.60 8.75 1.90
2017 1 1 0.00 7.72 -10.82 -2.58 1.90
2017 1 2 0.00 3.60 -11.85 -5.67 1.90
2017 1 3 0.00 0.51 -10.82 -5.67 1.90
2017 1 4 0.00 3.60 -14.94 -5.67 1.90
2017 1 5 0.00 25.23 -14.94 5.66 1.90
2017 1 6 0.00 18.02 3.60 11.84 1.90
2017 1 7 0.00 14.93 -4.64 6.69 1.90
2017 1 8 0.00 19.05 -8.76 1.54 1.90
2017 1 9 0.00 10.81 -6.70 -0.52 1.90
2017 1 10 0.00 3.60 -11.85 -6.70 1.90
2017 1 11 0.00 0.51 -19.06 -11.85 1.90
2017 1 12 0.00 -7.73 -23.18 -17.00 1.90
2017 1 13 0.30 20.08 -8.76 11.84 1.90
2017 1 14 0.00 26.26 -9.79 18.02 2.10
2017 1 15 0.10 9.78 -12.88 2.57 2.10
2017 1 16 0.00 12.87 5.66 9.78 2.20
2017 1 17 0.00 5.66 -21.12 -7.73 2.20
2017 1 18 0.00 -14.94 -37.60 -27.30 2.20
2017 1 19 0.00 -18.03 -41.72 -31.42 2.20
2017 1 20 0.30 7.72 -28.33 -4.64 2.20
2017 1 21 0.00 12.87 0.51 8.75 2.50
2017 1 22 0.00 11.84 -2.58 4.63 2.50
2017 1 23 0.20 19.05 1.54 11.84 2.50
2017 1 24 0.20 27.29 18.02 24.20 2.70
2017 1 25 0.00 31.41 24.20 28.32 2.80
2017 1 26 0.00 37.59 27.29 32.44 2.80
2017 1 27 0.10 32.44 19.05 27.29 2.80
2017 1 28 0.00 28.32 21.11 27.29 2.90
2017 1 29 0.00 21.11 -3.61 11.84 2.90
2017 1 30 0.10 22.14 14.93 18.02 2.90
2017 1 31 0.40 29.35 22.14 26.26 3.00
2017 2 1 0.00 29.35 13.90 25.23 3.30
2017 2 2 0.00 19.05 -3.61 9.78 3.30
2017 2 3 0.00 19.05 -9.79 1.54 3.30
2017 2 4 0.00 13.90 -10.82 -0.52 3.30
2017 2 5 0.00 10.81 -11.85 -3.61 3.30
2017 2 6 0.00 12.87 -15.97 -4.64 3.30
2017 2 7 0.00 12.87 -17.00 -6.70 3.30
2017 2 8 0.10 10.81 -22.15 -4.64 3.30
2017 2 9 0.10 21.11 6.69 13.90 3.40
2017 2 10 0.00 7.72 -0.52 4.63 3.50
2017 2 11 0.00 8.75 -17.00 -0.52 3.50
2017 2 12 0.00 16.99 -31.42 -7.73 3.50
2017 2 13 0.90 31.41 16.99 24.20 3.50
2017 2 14 0.30 39.65 31.41 34.50 4.40
2017 2 15 0.70 35.53 12.87 29.35 4.60
2017 2 16 0.20 31.41 19.05 26.26 4.60
2017 2 17 0.30 31.41 21.11 27.29 4.60
2017 2 18 0.00 29.35 22.14 25.23 4.80
2017 2 19 0.00 25.23 13.90 21.11 4.80
2017 2 20 0.00 13.90 -0.52 9.78 4.80
2017 2 21 0.00 8.75 -28.33 -3.61 4.80
2017 2 22 0.10 20.08 8.75 13.90 4.80
2017 2 23 0.00 22.14 5.66 16.99 4.90
2017 2 24 0.00 28.32 4.63 20.08 4.90
2017 2 25 0.00 24.20 11.84 19.05 4.90
2017 2 26 0.00 24.20 18.02 20.08 4.90
2017 2 27 0.00 20.08 11.84 15.96 4.90
2017 2 28 0.00 22.14 9.78 14.93 4.90
2017 3 1 0.00 16.99 4.63 10.81 4.90
2017 3 2 0.00 24.20 0.51 10.81 4.90
2017 3 3 0.00 23.17 2.57 11.84 4.90
2017 3 4 0.00 25.23 -18.03 4.63 4.90
2017 3 5 0.00 22.14 -4.64 10.81 4.90
2017 3 6 0.00 21.11 -8.76 5.66 4.90
2017 3 7 0.00 24.20 -5.67 8.75 4.90
2017 3 8 0.00 27.29 3.60 13.90 4.90
2017 3 9 0.00 29.35 1.54 15.96 4.90
2017 3 10 0.00 30.38 -6.70 14.93 4.90
2017 3 11 0.00 31.41 12.87 22.14 4.90
2017 3 12 0.00 34.50 5.66 20.08 4.90
2017 3 13 0.00 31.41 10.81 21.11 4.90
2017 3 14 0.00 22.14 7.72 15.96 4.90
2017 3 15 0.00 20.08 5.66 11.84 4.90
2017 3 16 0.00 24.20 6.69 13.90 4.90
2017 3 17 0.00 24.20 -2.58 10.81 4.90
2017 3 18 0.00 24.20 -9.79 9.78 4.90
2017 3 19 0.00 31.41 5.66 15.96 4.90
2017 3 20 0.00 34.50 -3.61 15.96 4.90
2017 3 21 0.00 33.47 8.75 21.11 4.90
2017 3 22 0.00 34.50 12.87 22.14 4.90
2017 3 23 0.00 34.50 8.75 22.14 4.90
2017 3 24 0.00 33.47 9.78 21.11 4.90
2017 3 25 0.00 33.47 4.63 20.08 4.90
2017 3 26 0.00 33.47 5.66 19.05 4.90
2017 3 27 0.00 40.68 7.72 24.20 4.90
2017 3 28 0.10 32.44 13.90 24.20 4.90
2017 3 29 0.20 34.50 23.17 28.32 5.00
2017 3 30 0.10 31.41 7.72 23.17 5.20
2017 3 31 0.10 35.53 27.29 32.44 5.20
2017 4 1 0.00 48.92 30.38 38.62 5.00
2017 4 2 0.00 42.74 28.32 35.53 4.80
2017 4 3 0.00 41.71 23.17 34.50 4.70
2017 4 4 0.00 45.83 30.38 37.59 4.60
2017 4 5 0.00 49.95 34.50 41.71 4.50
2017 4 6 0.00 52.01 30.38 38.62 4.20
2017 4 7 0.00 50.98 23.17 36.56 4.00
2017 4 8 0.00 47.89 20.08 33.47 3.90
2017 4 9 0.00 47.89 21.11 34.50 3.60
2017 4 10 0.00 45.83 22.14 35.53 3.50
2017 4 11 0.00 47.89 26.26 37.59 3.20
2017 4 12 0.00 54.07 29.35 39.65 2.90
2017 4 13 0.00 54.07 28.32 41.71 2.40
2017 4 14 0.00 55.10 27.29 40.68 1.90
2017 4 15 0.00 53.04 22.14 37.59 1.40
2017 4 16 0.00 43.77 25.23 34.50 1.10
2017 4 17 0.00 48.92 29.35 38.62 0.90
2017 4 18 0.00 48.92 26.26 38.62 0.50
2017 4 19 0.00 52.01 25.23 38.62 0.20
2017 4 20 0.00 54.07 29.35 39.65 0.00
2017 4 21 0.00 54.07 25.23 39.65 0.00
2017 4 22 0.00 55.10 29.35 42.74 0.00
2017 4 23 0.00 57.16 32.44 44.80 0.00
2017 4 24 0.00 46.86 35.53 40.68 0.00
2017 4 25 0.10 50.98 33.47 41.71 0.00
2017 4 26 0.00 57.16 33.47 43.77 0.00
2017 4 27 0.00 53.04 32.44 41.71 0.00
2017 4 28 0.10 52.01 35.53 41.71 0.00
2017 4 29 0.00 54.07 29.35 42.74 0.00
2017 4 30 0.00 53.04 30.38 41.71 0.00
2017 5 1 0.00 54.07 33.47 42.74 0.00
2017 5 2 0.00 56.13 30.38 43.77 0.00
2017 5 3 0.00 60.25 37.59 47.89 0.00
2017 5 4 0.00 55.10 35.53 44.80 0.00
2017 5 5 0.00 59.22 28.32 44.80 0.00
2017 5 6 0.00 61.28 30.38 45.83 0.00
2017 5 7 0.00 56.13 38.62 45.83 0.00
2017 5 8 0.00 61.28 30.38 46.86 0.00
2017 5 9 0.00 60.25 39.65 49.95 0.00
2017 5 10 0.00 67.46 34.50 49.95 0.00
2017 5 11 0.00 67.46 37.59 52.01 0.00
2017 5 12 0.00 64.37 36.56 49.95 0.00
2017 5 13 0.30 55.10 33.47 41.71 0.00
2017 5 14 0.00 56.13 36.56 44.80 0.00
2017 5 15 0.00 65.40 31.41 48.92 0.00
2017 5 16 0.00 64.37 38.62 52.01 0.00
2017 5 17 0.00 55.10 38.62 47.89 0.00
2017 5 18 0.20 49.95 38.62 42.74 0.00
2017 5 19 0.00 49.95 36.56 42.74 0.00
2017 5 20 0.00 56.13 34.50 43.77 0.00
2017 5 21 0.10 53.04 35.53 44.80 0.00
2017 5 22 0.10 55.10 39.65 45.83 0.00
2017 5 23 0.00 54.07 36.56 43.77 0.00
2017 5 24 0.40 44.80 37.59 40.68 0.00
2017 5 25 0.00 52.01 33.47 42.74 0.00
2017 5 26 0.10 46.86 33.47 39.65 0.00
2017 5 27 0.00 50.98 31.41 40.68 0.00
2017 5 28 0.20 44.80 35.53 39.65 0.00
2017 5 29 0.20 50.98 37.59 42.74 0.00
2017 5 30 0.00 60.25 33.47 46.86 0.00
2017 5 31 0.00 70.55 33.47 53.04 0.00
2017 6 1 0.00 77.76 40.68 59.22 0.00
2017 6 2 0.00 70.55 40.68 56.13 0.00
2017 6 3 0.00 70.55 42.74 55.10 0.00
2017 6 4 0.00 66.43 40.68 54.07 0.00
2017 6 5 0.20 54.07 42.74 48.92 0.00
2017 6 6 0.00 67.46 38.62 53.04 0.00
2017 6 7 0.00 66.43 49.95 57.16 0.00
2017 6 8 0.00 67.46 46.86 56.13 0.00
2017 6 9 0.00 70.55 52.01 60.25 0.00
2017 6 10 0.10 58.19 48.92 54.07 0.00
2017 6 11 0.10 62.31 45.83 52.01 0.00
2017 6 12 0.00 59.22 44.80 50.98 0.00
2017 6 13 0.00 56.13 42.74 49.95 0.00
2017 6 14 0.00 65.40 40.68 53.04 0.00
2017 6 15 0.00 71.58 35.53 50.98 0.00
2017 6 16 0.00 67.46 28.32 52.01 0.00
2017 6 17 0.00 65.40 46.86 55.10 0.00
2017 6 18 0.00 66.43 40.68 52.01 0.00
2017 6 19 0.00 72.61 38.62 55.10 0.00
2017 6 20 0.20 53.04 45.83 49.95 0.00
2017 6 21 0.00 65.40 40.68 52.01 0.00
2017 6 22 0.00 57.16 44.80 50.98 0.00
2017 6 23 0.00 57.16 44.80 49.95 0.00
2017 6 24 0.00 75.70 38.62 55.10 0.00
2017 6 25 0.00 70.55 42.74 58.19 0.00
2017 6 26 0.00 60.25 44.80 50.98 0.00
2017 6 27 0.10 56.13 45.83 49.95 0.00
2017 6 28 0.00 65.40 45.83 53.04 0.00
2017 6 29 0.20 58.19 46.86 53.04 0.00
2017 6 30 0.10 63.34 46.86 53.04 0.00
2017 7 1 0.00 72.61 48.92 58.19 0.00
2017 7 2 0.10 53.04 47.89 50.98 0.00
2017 7 3 0.10 62.31 46.86 53.04 0.00
2017 7 4 0.00 67.46 46.86 55.10 0.00
2017 7 5 0.00 72.61 46.86 58.19 0.00
2017 7 6 0.00 79.82 45.83 61.28 0.00
2017 7 7 0.00 70.55 50.98 60.25 0.00
2017 7 8 0.50 65.40 45.83 54.07 0.00
2017 7 9 0.10 66.43 45.83 54.07 0.00
2017 7 10 0.00 65.40 42.74 55.10 0.00
2017 7 11 0.00 70.55 49.95 58.19 0.00
2017 7 12 0.00 84.97 47.89 65.40 0.00
2017 7 13 0.00 81.88 46.86 63.34 0.00
2017 7 14 0.00 68.49 57.16 61.28 0.00
2017 7 15 0.00 72.61 54.07 61.28 0.00
2017 7 16 0.00 73.64 47.89 58.19 0.00
2017 7 17 0.00 66.43 46.86 56.13 0.00
2017 7 18 0.30 57.16 52.01 54.07 0.00
2017 7 19 0.10 61.28 52.01 55.10 0.00
2017 7 20 0.00 73.64 49.95 60.25 0.00
2017 7 21 0.00 76.73 48.92 61.28 0.00
2017 7 22 0.00 81.88 48.92 63.34 0.00
2017 7 23 0.00 74.67 50.98 64.37 0.00
2017 7 24 0.00 62.31 52.01 58.19 0.00
2017 7 25 0.00 61.28 52.01 55.10 0.00
2017 7 26 0.30 61.28 50.98 55.10 0.00
2017 7 27 0.00 71.58 49.95 60.25 0.00
2017 7 28 0.00 62.31 47.89 56.13 0.00
2017 7 29 0.00 73.64 50.98 59.22 0.00
2017 7 30 0.00 73.64 50.98 61.28 0.00
2017 7 31 0.10 68.49 55.10 61.28 0.00
2017 8 1 0.00 67.46 49.95 58.19 0.00
2017 8 2 0.20 59.22 52.01 55.10 0.00
2017 8 3 0.20 57.16 52.01 54.07 0.00
2017 8 4 0.00 71.58 49.95 58.19 0.00
2017 8 5 0.00 82.91 45.83 62.31 0.00
2017 8 6 0.00 75.70 52.01 62.31 0.00
2017 8 7 0.00 68.49 45.83 56.13 0.00
2017 8 8 0.00 69.52 50.98 59.22 0.00
2017 8 9 0.00 67.46 49.95 58.19 0.00
2017 8 10 0.20 68.49 52.01 58.19 0.00
2017 8 11 0.20 60.25 47.89 53.04 0.00
2017 8 12 0.30 63.34 48.92 53.04 0.00
2017 8 13 0.10 59.22 46.86 52.01 0.00
2017 8 14 0.00 64.37 42.74 53.04 0.00
2017 8 15 0.00 63.34 48.92 54.07 0.00
2017 8 16 0.30 56.13 45.83 49.95 0.00
2017 8 17 0.20 55.10 44.80 48.92 0.00
2017 8 18 0.40 50.98 45.83 47.89 0.00
2017 8 19 0.00 59.22 44.80 49.95 0.00
2017 8 20 0.90 49.95 45.83 47.89 0.00
2017 8 21 0.00 66.43 42.74 53.04 0.00
2017 8 22 0.00 69.52 44.80 56.13 0.00
2017 8 23 0.10 57.16 47.89 52.01 0.00
2017 8 24 0.60 55.10 48.92 50.98 0.00
2017 8 25 0.00 62.31 47.89 52.01 0.00
2017 8 26 0.30 60.25 47.89 52.01 0.00
2017 8 27 0.00 65.40 41.71 52.01 0.00
2017 8 28 0.00 64.37 43.77 53.04 0.00
2017 8 29 0.20 59.22 45.83 50.98 0.00
2017 8 30 0.00 61.28 47.89 52.01 0.00
2017 8 31 0.40 49.95 45.83 47.89 0.00
2017 9 1 0.20 55.10 42.74 47.89 0.00
2017 9 2 0.00 57.16 40.68 47.89 0.00
2017 9 3 0.10 53.04 41.71 46.86 0.00
2017 9 4 0.00 61.28 42.74 49.95 0.00
2017 9 5 0.60 53.04 41.71 46.86 0.00
2017 9 6 0.10 53.04 42.74 48.92 0.00
2017 9 7 0.00 53.04 42.74 46.86 0.00
2017 9 8 0.00 64.37 41.71 50.98 0.00
2017 9 9 0.00 60.25 42.74 49.95 0.00
2017 9 10 0.10 53.04 43.77 47.89 0.00
2017 9 11 0.00 58.19 43.77 48.92 0.00
2017 9 12 0.00 50.98 39.65 46.86 0.00
2017 9 13 0.00 54.07 45.83 48.92 0.00
2017 9 14 0.40 49.95 44.80 46.86 0.00
2017 9 15 0.00 56.13 43.77 48.92 0.00
2017 9 16 0.20 54.07 42.74 46.86 0.00
2017 9 17 0.00 62.31 42.74 50.98 0.00
2017 9 18 0.60 52.01 43.77 46.86 0.00
2017 9 19 0.00 55.10 36.56 44.80 0.00
2017 9 20 0.00 47.89 33.47 39.65 0.00
2017 9 21 0.90 40.68 36.56 39.65 0.00
2017 9 22 1.10 41.71 38.62 39.65 0.00
2017 9 23 0.30 45.83 40.68 42.74 0.00
2017 9 24 0.20 47.89 39.65 43.77 0.00
2017 9 25 0.10 47.89 37.59 41.71 0.00
2017 9 26 0.00 53.04 33.47 41.71 0.00
2017 9 27 0.00  nan  nan  nan 0.00
2017 9 28 0.00  nan  nan  nan 0.00
2017 9 29 0.20 46.86 31.41 39.65 0.00
2017 9 30 0.00 52.01 16.99 37.59 0.00
2017 10 1 0.00 48.92 28.32 38.62 0.00
2017 10 2 0.60 42.74 38.62 40.68 0.00
2017 10 3 0.20 47.89 39.65 42.74 0.00
2017 10 4 0.20 49.95 41.71 44.80 0.00
2017 10 5 0.50 42.74 39.65 41.71 0.00
2017 10 6 0.00 49.95 34.50 40.68 0.00
2017 10 7 0.40 41.71 27.29 35.53 0.00
2017 10 8 0.60 42.74 34.50 38.62 0.00
2017 10 9 0.00 47.89 29.35 40.68 0.00
2017 10 10 0.00 40.68 27.29 33.47 0.00
2017 10 11 0.00 42.74 27.29 34.50 0.00
2017 10 12 0.50 36.56 31.41 34.50 0.00
2017 10 13 0.10 37.59 32.44 35.53 0.00
2017 10 14 0.00 38.62 29.35 33.47 0.00
2017 10 15 0.00 34.50 15.96 26.26 0.00
2017 10 16 0.00 33.47 5.66 20.08 0.00
2017 10 17 0.00 24.20 9.78 16.99 0.00
2017 10 18 0.00 26.26 -2.58 14.93 0.00
2017 10 19 0.00 16.99 6.69 12.87 0.00
2017 10 20 0.00 22.14 -6.70 8.75 0.00
2017 10 21 0.10 24.20 12.87 18.02 0.00
2017 10 22 0.00 24.20 9.78 19.05 0.00
2017 10 23 0.10 26.26 12.87 20.08 0.00
2017 10 24 0.80 23.17 14.93 21.11 0.00
2017 10 25 0.90 30.38 22.14 26.26 0.80
2017 10 26 0.80 30.38 27.29 28.32 1.30
2017 10 27 0.10 33.47 24.20 29.35 1.30
2017 10 28 0.00 30.38 23.17 27.29 1.20
2017 10 29 0.30 29.35 25.23 27.29 1.20
2017 10 30 0.70 29.35 26.26 28.32 1.30
2017 10 31 0.00 32.44 22.14 27.29 1.30
2017 11 1 0.00 33.47 18.02 24.20 1.30
2017 11 2 0.00 23.17 13.90 19.05 1.30
2017 11 3 0.00 25.23 14.93 20.08 1.20
2017 11 4 0.00 24.20 14.93 19.05 1.20
2017 11 5 0.00 25.23 20.08 22.14 1.20
2017 11 6 0.00 26.26 18.02 22.14 1.20
2017 11 7 0.00 22.14 9.78 15.96 1.20
2017 11 8 0.00 11.84 -10.82 1.54 1.10
2017 11 9 0.00 0.51 -15.97 -6.70 1.00
2017 11 10 0.00 10.81 -17.00 -0.52 1.00
2017 11 11 0.00 5.66 -9.79 -0.52 1.00
2017 11 12 0.00 -1.55 -13.91 -7.73 1.00
2017 11 13 0.00 10.81 -12.88 1.54 0.90
2017 11 14 0.00 8.75 -6.70 1.54 0.90
2017 11 15 0.00 3.60 -12.88 -4.64 0.90
2017 11 16 0.20 11.84 -5.67 7.72 0.80
2017 11 17 0.00 13.90 -5.67 3.60 1.00
2017 11 18 0.00 13.90 -0.52 6.69 1.00
2017 11 19 0.20 7.72 3.60 4.63 1.00
2017 11 20 0.00 9.78 -8.76 4.63 1.20
2017 11 21 0.00 -0.52 -24.21 -9.79 1.20
2017 11 22 0.00 -2.58 -33.48 -13.91 1.20
2017 11 23 0.00 14.93 -7.73 3.60 1.20
2017 11 24 0.00 20.08 7.72 13.90 1.20
2017 11 25 0.00 15.96 -4.64 8.75 1.20
2017 11 26 0.00 11.84 -7.73 3.60 1.20
2017 11 27 0.00 22.14 4.63 16.99 1.20
2017 11 28 0.00 26.26 13.90 20.08 1.20
2017 11 29 0.00 29.35 13.90 23.17 1.20
2017 11 30 0.00 22.14 1.54 11.84 1.20
2017 12 1 0.00 15.96 -7.73 2.57 1.20
2017 12 2 0.70 25.23 15.96 22.14 1.20
2017 12 3 0.50 32.44 25.23 29.35 1.80
2017 12 4 0.10 36.56 29.35 32.44 2.30
2017 12 5 0.20 35.53 27.29 31.41 2.40
2017 12 6 0.00 33.47 16.99 24.20 2.50
2017 12 7 1.50 31.41 19.05 26.26 2.50
2017 12 8 0.10 31.41 27.29 30.38 3.90
2017 12 9 0.00 31.41 21.11 28.32 4.00
2017 12 10 0.00 34.50 24.20 30.38 4.10
2017 12 11 0.10 39.65 30.38 35.53 4.10
2017 12 12 0.10 33.47 27.29 30.38 4.20
2017 12 13 0.10 37.59 26.26 32.44 4.30
2017 12 14 0.00 31.41 13.90 24.20 4.40
2017 12 15 0.00 31.41 24.20 27.29 4.40
2017 12 16 0.20 32.44 24.20 29.35 4.40
2017 12 17 0.00 25.23 -0.52 18.02 4.60
2017 12 18 0.00 7.72 -10.82 -3.61 4.60
2017 12 19 0.50 22.14 6.69 15.96 4.60
2017 12 20 0.00 21.11 11.84 18.02 5.10
2017 12 21 0.00 19.05 3.60 12.87 5.10
2017 12 22 0.00 4.63 -10.82 -2.58 5.10
2017 12 23 0.00 2.57 -11.85 -2.58 5.10
2017 12 24 0.00 16.99 -4.64 7.72 5.10
2017 12 25 0.00 26.26 11.84 20.08 5.10
2017 12 26 0.00 18.02 -13.91 0.51 5.10
2017 12 27 0.00 -9.79 -31.42 -18.03 5.10
2017 12 28 0.00 -5.67 -32.45 -15.97 5.10
2017 12 29 0.00 1.54 -8.76 -3.61 5.10
2017 12 30 0.00 3.60 -0.52 1.54 5.10
2017 12 31 0.00 18.02 3.60 9.78 5.10
2018 1 1 0.10 26.26 14.93 20.08 5.10
2018 1 2 0.20 31.41 3.60 18.02 5.20
2018 1 3 0.00 11.84 4.63 8.75 5.40
2018 1 4 0.00 8.75 -10.82 -0.52 5.40
2018 1 5 0.00 -5.67 -28.33 -17.00 5.40
2018 1 6 0.00 -7.73 -28.33 -14.94 5.40
2018 1 7 0.00 -11.85 -24.21 -18.03 5.40
2018 1 8 0.00 -5.67 -31.42 -20.09 5.40
2018 1 9 0.00 3.60 -23.18 -6.70 5.40
2018 1 10 0.00 -10.82 -29.36 -21.12 5.40
2018 1 11 0.00 10.81 -13.91 0.51 5.40
2018 1 12 0.00 21.11 5.66 14.93 5.40
2018 1 13 0.00 28.32 6.69 20.08 5.40
2018 1 14 0.00 22.14 0.51 7.72 5.40
2018 1 15 0.00 22.14 -0.52 9.78 5.40
2018 1 16 0.00 27.29 18.02 24.20 5.40
2018 1 17 0.00 25.23 9.78 20.08 5.40
2018 1 18 0.00 20.08 -2.58 8.75 5.40
2018 1 19 0.00 12.87 -4.64 4.63 5.40
2018 1 20 0.00 16.99 7.72 11.84 5.40
2018 1 21 0.00 7.72 2.57 4.63 5.40
2018 1 22 0.00 12.87 4.63 8.75 5.40
2018 1 23 0.00 8.75 -3.61 5.66 5.40
2018 1 24 0.00 2.57 -8.76 -1.55 5.40
2018 1 25 0.00 -3.61 -6.70 -5.67 5.40
2018 1 26 0.00 3.60 -12.88 -5.67 5.40
2018 1 27 0.00 -3.61 -26.27 -15.97 5.40
2018 1 28 0.00 13.90 -26.27 -5.67 5.40
2018 1 29 0.00 15.96 7.72 11.84 5.40
2018 1 30 0.00 18.02 3.60 10.81 5.40
2018 1 31 0.00 10.81 -1.55 4.63 5.40
2018 2 1 0.00 10.81 -7.73 3.60 5.40
2018 2 2 0.00 18.02 -7.73 5.66 5.40
2018 2 3 0.00 6.69 -10.82 -1.55 5.40
2018 2 4 0.00 -2.58 -29.36 -18.03 5.40
2018 2 5 0.00 2.57 -37.60 -19.06 5.40
2018 2 6 0.30 20.08 -0.52 10.81 5.40
2018 2 7 0.00 8.75 -19.06 -3.61 5.70
2018 2 8 0.00 9.78 -28.33 -13.91 5.70
2018 2 9 0.00 -3.61 -31.42 -20.09 5.70
2018 2 10 0.00 14.93 -30.39 -2.58 5.70
2018 2 11 0.30 25.23 7.72 15.96 5.70
2018 2 12 0.50 29.35 20.08 26.26 6.00
2018 2 13 0.00 25.23 9.78 18.02 6.40
2018 2 14 0.10 25.23 12.87 20.08 6.40
2018 2 15 0.00 21.11 -2.58 8.75 6.50
2018 2 16 0.00 13.90 -12.88 2.57 6.50
2018 2 17 0.00 11.84 -18.03 -4.64 6.50
2018 2 18 0.00 20.08 -7.73 6.69 6.50
2018 2 19 0.00 24.20 3.60 14.93 6.50
2018 2 20 0.00 18.02 -1.55 9.78 6.50
2018 2 21 0.00 22.14 2.57 11.84 6.50
2018 2 22 0.00 30.38 -0.52 14.93 6.50
2018 2 23 0.00 28.32 11.84 18.02 6.50
2018 2 24 0.00 20.08 -7.73 13.90 6.50
2018 2 25 0.00 9.78 -17.00 -1.55 6.50
2018 2 26 0.00 16.99 7.72 11.84 6.50
2018 2 27 0.00 18.02 -1.55 9.78 6.50
2018 2 28 0.00 15.96 -5.67 6.69 6.50
2018 3 1 0.00 20.08 -7.73 5.66 6.50
2018 3 2 0.00 21.11 -0.52 10.81 6.50
2018 3 3 0.10 19.05 -2.58 11.84 6.50
2018 3 4 0.00 19.05 -18.03 -0.52 6.60
2018 3 5 0.00 15.96 -17.00 -0.52 6.60
2018 3 6 0.30 12.87 -22.15 -2.58 6.60
2018 3 7 0.00 18.02 -2.58 9.78 6.90
2018 3 8 0.90 24.20 9.78 19.05 6.90
2018 3 9 0.10 33.47 12.87 24.20 7.80
2018 3 10 0.00 28.32 -2.58 14.93 7.90
2018 3 11 0.00 29.35 -1.55 16.99 7.90
2018 3 12 0.00 28.32 8.75 18.02 7.90
2018 3 13 0.00 31.41 9.78 20.08 7.90
2018 3 14 0.00 37.59 10.81 25.23 7.90
2018 3 15 0.20 31.41 -0.52 20.08 7.90
2018 3 16 0.50 33.47 26.26 29.35 8.00
2018 3 17 0.00 38.62 29.35 32.44 8.30
2018 3 18 0.00 35.53 27.29 30.38 8.40
2018 3 19 0.00 34.50 18.02 29.35 8.40
2018 3 20 0.00 32.44 5.66 21.11 8.50
2018 3 21 0.00 30.38 14.93 22.14 8.40
2018 3 22 0.00 34.50 8.75 21.11 8.30
2018 3 23 0.00 36.56 2.57 21.11 8.30
2018 3 24 0.00 36.56 3.60 22.14 8.20
2018 3 25 0.00 34.50 -0.52 19.05 8.20
2018 3 26 0.00 33.47 -3.61 16.99 8.20
2018 3 27 0.00 33.47 6.69 22.14 7.90
2018 3 28 0.00 33.47 25.23 28.32 7.90
2018 3 29 0.00 36.56 19.05 27.29 7.90
2018 3 30 0.00 36.56 19.05 28.32 7.90
2018 3 31 0.00 37.59 11.84 26.26 7.90
2018 4 1 0.00 43.77 5.66 26.26 7.90
2018 4 2 0.00 39.65 16.99 28.32 7.90
2018 4 3 0.00 31.41 7.72 22.14 7.90
2018 4 4 0.50 23.17 5.66 18.02 7.90
2018 4 5 0.70 37.59 14.93 27.29 8.40
2018 4 6 0.00 42.74 9.78 28.32 8.70
2018 4 7 0.00 41.71 14.93 31.41 8.70
2018 4 8 0.00 46.86 19.05 34.50 8.70
2018 4 9 0.00 42.74 25.23 32.44 8.70
2018 4 10 0.00 41.71 22.14 32.44 8.60
2018 4 11 0.00 43.77 22.14 32.44 8.50
2018 4 12 0.00 45.83 15.96 31.41 8.40
2018 4 13 0.00 46.86 19.05 33.47 8.10
2018 4 14 0.00 40.68 24.20 33.47 7.80
2018 4 15 0.00 44.80 13.90 31.41 7.50
2018 4 16 0.00 44.80 14.93 31.41 7.30
2018 4 17 0.00 42.74 16.99 30.38 7.00
2018 4 18 0.00 45.83 26.26 35.53 6.80
2018 4 19 0.00 47.89 25.23 36.56 6.60
2018 4 20 0.00 40.68 27.29 33.47 6.10
2018 4 21 0.00 46.86 29.35 36.56 5.50
2018 4 22 0.00 47.89 24.20 35.53 4.80
2018 4 23 0.00 45.83 29.35 36.56 4.30
2018 4 24 1.10 38.62 29.35 33.47 3.30
2018 4 25 0.10 41.71 31.41 35.53 2.90
2018 4 26 0.00 41.71 29.35 34.50 1.50
2018 4 27 0.00 40.68 30.38 33.47 0.60
2018 4 28 0.20 35.53 29.35 32.44 0.20
2018 4 29 0.10 37.59 31.41 34.50 0.10
2018 4 30 0.00 42.74 34.50 37.59 0.00
2018 5 1 0.00 45.83 29.35 36.56 0.00
2018 5 2 0.00 43.77 26.26 34.50 0.00
2018 5 3 0.10 39.65 29.35 33.47 0.00
2018 5 4 0.60 38.62 30.38 32.44 0.00
2018 5 5 0.00  nan  nan  nan 0.00
2018 5 6 0.00  nan  nan  nan 0.00
2018 5 7 0.00 46.86 27.29 35.53 0.00
2018 5 8 0.00 45.83 25.23 36.56 0.00
2018 5 9 0.10 50.98 33.47 41.71 0.00
2018 5 10 0.30 53.04 38.62 42.74 0.00
2018 5 11 0.20 46.86 34.50 38.62 0.00
2018 5 12 0.00 47.89 32.44 39.65 0.00
2018 5 13 0.00 52.01 30.38 42.74 0.00
2018 5 14 0.00 52.01 35.53 42.74 0.00
2018 5 15 0.10 46.86 34.50 39.65 0.00
2018 5 16 0.00 44.80 31.41 38.62 0.00
2018 5 17 0.10 47.89 36.56 41.71 0.00
2018 5 18 0.30 47.89 37.59 42.74 0.00
2018 5 19 0.00 52.01 38.62 45.83 0.00
2018 5 20 0.00 54.07 38.62 45.83 0.00
2018 5 21 0.00 58.19 38.62 45.83 0.00
2018 5 22 0.00 57.16 33.47 45.83 0.00
2018 5 23 0.00 53.04 39.65 47.89 0.00
2018 5 24 0.00 57.16 33.47 45.83 0.00
2018 5 25 0.00 59.22 35.53 47.89 0.00
2018 5 26 0.00 65.40 38.62 52.01 0.00
2018 5 27 0.20 67.46 39.65 50.98 0.00
2018 5 28 0.10 55.10 36.56 43.77 0.00
2018 5 29 0.00 50.98 35.53 42.74 0.00
2018 5 30 0.20 46.86 33.47 39.65 0.00
2018 5 31 0.00 55.10 30.38 42.74 0.00
2018 6 1 0.00 63.34 36.56 48.92 0.00
2018 6 2 0.00 66.43 37.59 50.98 0.00
2018 6 3 0.10 57.16 33.47 44.80 0.00
2018 6 4 0.00 57.16 29.35 42.74 0.00
2018 6 5 0.10 58.19 33.47 42.74 0.00
2018 6 6 0.00 56.13 34.50 42.74 0.00
2018 6 7 0.00 58.19 33.47 45.83 0.00
2018 6 8 0.10 58.19 37.59 45.83 0.00
2018 6 9 0.00 59.22 34.50 44.80 0.00
2018 6 10 0.00 56.13 28.32 40.68 0.00
2018 6 11 0.00 44.80 26.26 35.53 0.00
2018 6 12 0.00 45.83 22.14 33.47 0.00
2018 6 13 0.00 50.98 26.26 37.59 0.00
2018 6 14 0.00 56.13 31.41 43.77 0.00
2018 6 15 0.80 41.71 30.38 35.53 0.00
2018 6 16 0.20 38.62 30.38 34.50 0.00
2018 6 17 0.10 43.77 33.47 36.56 0.00
2018 6 18 1.10 40.68 33.47 36.56 0.00
2018 6 19 0.00 52.01 33.47 39.65 0.00
2018 6 20 0.00 57.16 34.50 44.80 0.00
2018 6 21 0.00 46.86 35.53 40.68 0.00
2018 6 22 0.00 47.89 32.44 38.62 0.00
2018 6 23 0.00 50.98 32.44 39.65 0.00
2018 6 24 0.00 46.86 30.38 36.56 0.00
2018 6 25 0.00 48.92 30.38 38.62 0.00
2018 6 26 0.00 49.95 28.32 38.62 0.00
2018 6 27 0.00 46.86 31.41 38.62 0.00
2018 6 28 0.00 50.98 32.44 39.65 0.00
2018 6 29 0.00 55.10 33.47 41.71 0.00
2018 6 30 0.00 54.07 32.44 41.71 0.00
2018 7 1 0.00 61.28 31.41 42.74 0.00
2018 7 2 0.00 68.49 22.14 46.86 0.00
2018 7 3 0.00 73.64 38.62 56.13 0.00
2018 7 4 0.00 71.58 41.71 55.10 0.00
2018 7 5 0.00 68.49 44.80 54.07 0.00
2018 7 6 0.00 74.67 43.77 59.22 0.00
2018 7 7 0.00 68.49 41.71 55.10 0.00
2018 7 8 0.10 47.89 39.65 43.77 0.00
2018 7 9 0.40 45.83 37.59 40.68 0.00
2018 7 10 0.10 50.98 36.56 42.74 0.00
2018 7 11 0.00 53.04 36.56 43.77 0.00
2018 7 12 0.00 53.04 30.38 40.68 0.00
2018 7 13 0.00 55.10 34.50 41.71 0.00
2018 7 14 0.10 49.95 34.50 40.68 0.00
2018 7 15 0.20 57.16 35.53 42.74 0.00
2018 7 16 0.30 55.10 35.53 42.74 0.00
2018 7 17 0.00 59.22 33.47 44.80 0.00
2018 7 18 0.00 60.25 29.35 44.80 0.00
2018 7 19 0.00 62.31 29.35 46.86 0.00
2018 7 20 0.00 55.10 29.35 40.68 0.00
2018 7 21 0.00 66.43 29.35 45.83 0.00
2018 7 22 0.00 62.31 35.53 46.86 0.00
2018 7 23 0.00 50.98 32.44 43.77 0.00
2018 7 24 0.00 56.13 40.68 46.86 0.00
2018 7 25 0.20  nan  nan  nan 0.00
2018 7 26 0.10  nan  nan  nan 0.00
2018 7 27 0.10 54.07 36.56 43.77 0.00
2018 7 28 0.00 54.07 34.50 43.77 0.00
2018 7 29 0.00 58.19 38.62 47.89 0.00
2018 7 30 0.00 60.25 39.65 48.92 0.00
2018 7 31 0.00 62.31 38.62 47.89 0.00
2018 8 1 0.00 45.83 29.35 39.65 0.00
2018 8 2 0.30 39.65 27.29 34.50 0.00
2018 8 3 0.00 57.16 32.44 42.74 0.00
2018 8 4 0.00 53.04 30.38 42.74 0.00
2018 8 5 0.00 42.74 34.50 38.62 0.00
2018 8 6 0.00  nan  nan  nan 0.00
2018 8 7 0.10  nan  nan  nan 0.00
2018 8 8 0.00  nan  nan  nan 0.00
2018 8 9 0.00  nan  nan  nan 0.00
2018 8 10 0.00  nan  nan  nan 0.00
2018 8 11 0.30  nan  nan  nan 0.00
2018 8 12 0.40  nan  nan  nan 0.00
2018 8 13 0.00  nan  nan  nan 0.00
2018 8 14 0.00  nan  nan  nan 0.00
2018 8 15 0.00  nan  nan  nan 0.00
2018 8 16 0.00  nan  nan  nan 0.00
2018 8 17 0.10  nan  nan  nan 0.00
2018 8 18 0.00  nan  nan  nan 0.00
2018 8 19 0.20  nan  nan  nan 0.00
2018 8 20 0.40  nan  nan  nan 0.00
2018 8 21 0.40  nan  nan  nan 0.00
2018 8 22 0.10  nan  nan  nan 0.00
2018 8 23 0.10  nan  nan  nan 0.00
2018 8 24 0.30  nan  nan  nan 0.00
2018 8 25 0.00  nan  nan  nan 0.00
2018 8 26 0.40  nan  nan  nan 0.00
2018 8 27 0.00  nan  nan  nan 0.00
2018 8 28 0.00  nan  nan  nan 0.00
2018 8 29 0.00  nan  nan  nan 0.00
2018 8 30 0.00  nan  nan  nan 0.00
2018 8 31 0.00  nan  nan  nan 0.00
2018 9 1 0.00  nan  nan  nan 0.00
2018 9 2 0.00  nan  nan  nan 0.00
2018 9 3 0.00  nan  nan  nan 0.00
2018 9 4 0.00  nan  nan  nan 0.00
2018 9 5 0.00  nan  nan  nan 0.00
2018 9 6 0.00  nan  nan  nan 0.00
2018 9 7 0.00  nan  nan  nan 0.00
2018 9 8 0.00  nan  nan  nan 0.00
2018 9 9 0.00  nan  nan  nan 0.00
2018 9 10 0.00  nan  nan  nan 0.00
2018 9 11 0.00  nan  nan  nan 0.00
2018 9 12 0.00  nan  nan  nan 0.00
2018 9 13 0.00  nan  nan  nan 0.00
2018 9 14 0.00  nan  nan  nan 0.00
2018 9 15 0.00  nan  nan  nan 0.00
2018 9 16 0.00  nan  nan  nan 0.00
2018 9 17 0.00  nan  nan  nan 0.00
2018 9 18 0.00  nan  nan  nan 0.00
2018 9 19 0.10  nan  nan  nan 0.00
2018 9 20 0.00  nan  nan  nan 0.00
2018 9 21 0.00  nan  nan  nan 0.00
2018 9 22 0.50  nan  nan  nan 0.00
2018 9 23 0.00  nan  nan  nan 0.00
2018 9 24 1.40  nan  nan  nan 0.00
2018 9 25 0.10  nan  nan  nan 0.00
2018 9 26 0.00  nan  nan  nan 0.00
2018 9 27 0.00  nan  nan  nan 0.00
2018 9 28 0.00  nan  nan  nan 0.00
2018 9 29 0.00  nan  nan  nan 0.00
2018 9 30 0.00  nan  nan  nan 0.00
