2015 9 30  nan 26.26 16.99 21.11  nan
2015 10 1  nan 26.26 16.99 20.08  nan
2015 10 2  nan 28.32 19.05 24.20  nan
2015 10 3  nan 28.32 20.08 25.23  nan
2015 10 4  nan 34.50 25.23 29.35  nan
2015 10 5  nan 40.68 27.29 32.44  nan
2015 10 6  nan  nan  nan  nan  nan
2015 10 7  nan  nan  nan  nan  nan
2015 10 8  nan 33.47 23.17 27.29  nan
2015 10 9  nan 23.17 16.99 21.11  nan
2015 10 10  nan 23.17 15.96 19.05  nan
2015 10 11  nan 29.35 18.02 24.20  nan
2015 10 12  nan 30.38 24.20 27.29  nan
2015 10 13  nan 32.44 27.29 30.38  nan
2015 10 14  nan 39.65 28.32 32.44  nan
2015 10 15  nan 30.38 25.23 27.29  nan
2015 10 16  nan 30.38 25.23 28.32  nan
2015 10 17  nan 34.50 28.32 32.44  nan
2015 10 18  nan 39.65 31.41 34.50  nan
2015 10 19  nan 34.50 27.29 30.38  nan
2015 10 20  nan 29.35 24.20 27.29  nan
2015 10 21  nan 29.35 20.08 25.23  nan
2015 10 22  nan 24.20 18.02 21.11  nan
2015 10 23  nan 29.35 21.11 24.20  nan
2015 10 24  nan 27.29 22.14 24.20  nan
2015 10 25  nan 34.50 23.17 26.26  nan
2015 10 26  nan 32.44 20.08 23.17  nan
2015 10 27  nan 28.32 20.08 22.14  nan
2015 10 28  nan 22.14 19.05 20.08  nan
2015 10 29  nan 24.20 14.93 20.08  nan
2015 10 30  nan 14.93 11.84 13.90  nan
2015 10 31  nan 11.84 1.54 7.72  nan
2015 11 1  nan 13.90 -0.52 3.60  nan
2015 11 2  nan 15.96 2.57 10.81  nan
2015 11 3  nan 14.93 1.54 6.69  nan
2015 11 4  nan 20.08 4.63 10.81  nan
2015 11 5  nan 14.93 5.66 9.78  nan
2015 11 6  nan 24.20 10.81 15.96  nan
2015 11 7  nan 22.14 10.81 12.87  nan
2015 11 8  nan 19.05 3.60 8.75  nan
2015 11 9  nan 18.02 10.81 13.90  nan
2015 11 10  nan 21.11 5.66 12.87  nan
2015 11 11  nan 13.90 -4.64 1.54  nan
2015 11 12  nan 6.69 -1.55 1.54  nan
2015 11 13  nan -0.52 -8.76 -3.61  nan
2015 11 14  nan -3.61 -11.85 -9.79  nan
2015 11 15  nan -5.67 -12.88 -10.82  nan
2015 11 16  nan -8.76 -14.94 -11.85  nan
2015 11 17  nan -10.82 -19.06 -14.94  nan
2015 11 18  nan -17.00 -21.12 -19.06  nan
2015 11 19  nan -11.85 -20.09 -18.03  nan
2015 11 20  nan 5.66 -12.88 -2.58  nan
2015 11 21  nan 13.90 5.66 10.81  nan
2015 11 22  nan 8.75 -2.58 3.60  nan
2015 11 23  nan 10.81 -0.52 3.60  nan
2015 11 24  nan 21.11 4.63 10.81  nan
2015 11 25  nan 25.23 14.93 21.11  nan
2015 11 26  nan 25.23 20.08 23.17  nan
2015 11 27  nan 24.20 20.08 22.14  nan
2015 11 28  nan 27.29 21.11 24.20  nan
2015 11 29  nan 25.23 15.96 21.11  nan
2015 11 30  nan 18.02 0.51 9.78  nan
2015 12 1  nan 7.72 0.51 3.60  nan
2015 12 2  nan 11.84 -2.58 3.60  nan
2015 12 3  nan 0.51 -5.67 -1.55  nan
2015 12 4  nan 10.81 -1.55 4.63  nan
2015 12 5  nan 11.84 1.54 6.69  nan
2015 12 6  nan 7.72 1.54 4.63  nan
2015 12 7  nan 7.72 2.57 5.66  nan
2015 12 8  nan 3.60 -1.55 1.54  nan
2015 12 9  nan 8.75 1.54 4.63  nan
2015 12 10  nan 10.81 4.63 7.72  nan
2015 12 11  nan 13.90 4.63 9.78  nan
2015 12 12  nan 8.75 2.57 4.63  nan
2015 12 13  nan 2.57 -3.61 -1.55  nan
2015 12 14  nan 4.63 -2.58 0.51  nan
2015 12 15  nan 8.75 -0.52 3.60  nan
2015 12 16  nan 9.78 -5.67 2.57  nan
2015 12 17  nan 8.75 -5.67 3.60  nan
2015 12 18  nan 9.78 4.63 7.72  nan
2015 12 19  nan 8.75 3.60 5.66  nan
2015 12 20  nan 6.69 -2.58 2.57  nan
2015 12 21  nan -0.52 -3.61 -1.55  nan
2015 12 22  nan -1.55 -9.79 -5.67  nan
2015 12 23  nan -1.55 -13.91 -7.73  nan
2015 12 24  nan -2.58 -13.91 -9.79  nan
2015 12 25  nan -13.91 -25.24 -19.06  nan
2015 12 26  nan -5.67 -15.97 -11.85  nan
2015 12 27  nan -1.55 -9.79 -5.67  nan
2015 12 28  nan 8.75 -7.73 0.51  nan
2015 12 29  nan 23.17 5.66 16.99  nan
2015 12 30  nan 26.26 11.84 18.02  nan
2015 12 31  nan 26.26 15.96 22.14  nan
2016 1 1  nan 25.23 15.96 22.14  nan
2016 1 2  nan 27.29 21.11 24.20  nan
2016 1 3  nan 26.26 15.96 22.14  nan
2016 1 4  nan 20.08 8.75 12.87  nan
2016 1 5  nan 14.93 8.75 11.84  nan
2016 1 6  nan 11.84 3.60 6.69  nan
2016 1 7  nan 10.81 3.60 6.69  nan
2016 1 8  nan 11.84 1.54 5.66  nan
2016 1 9  nan 12.87 5.66 7.72  nan
2016 1 10  nan 11.84 1.54 4.63  nan
2016 1 11  nan 12.87 6.69 9.78  nan
2016 1 12  nan 16.99 8.75 11.84  nan
2016 1 13  nan 16.99 5.66 11.84  nan
2016 1 14  nan 18.02 11.84 14.93  nan
2016 1 15  nan 13.90 6.69 10.81  nan
2016 1 16  nan 15.96 5.66 11.84  nan
2016 1 17  nan 9.78 -1.55 5.66  nan
2016 1 18  nan -1.55 -11.85 -6.70  nan
2016 1 19  nan -9.79 -14.94 -11.85  nan
2016 1 20  nan 4.63 -10.82 -4.64  nan
2016 1 21  nan -1.55 -12.88 -5.67  nan
2016 1 22  nan 5.66 -15.97 -9.79  nan
2016 1 23  nan 12.87 1.54 6.69  nan
2016 1 24  nan 21.11 8.75 12.87  nan
2016 1 25  nan 23.17 12.87 19.05  nan
2016 1 26  nan 27.29 19.05 23.17  nan
2016 1 27  nan 24.20 18.02 22.14  nan
2016 1 28  nan 25.23 22.14 23.17  nan
2016 1 29  nan 24.20 18.02 21.11  nan
2016 1 30  nan 21.11 12.87 16.99  nan
2016 1 31  nan 18.02 8.75 13.90  nan
2016 2 1  nan 11.84 -2.58 4.63  nan
2016 2 2  nan 5.66 -3.61 -0.52  nan
2016 2 3  nan 4.63 -4.64 0.51  nan
2016 2 4  nan 14.93 3.60 8.75  nan
2016 2 5  nan 13.90 4.63 10.81  nan
2016 2 6  nan 22.14 8.75 14.93  nan
2016 2 7  nan 16.99 6.69 9.78  nan
2016 2 8  nan 15.96 7.72 9.78  nan
2016 2 9  nan 26.26 5.66 11.84  nan
2016 2 10  nan 13.90 4.63 9.78  nan
2016 2 11  nan 23.17 12.87 19.05  nan
2016 2 12  nan 22.14 19.05 21.11  nan
2016 2 13  nan 29.35 20.08 23.17  nan
2016 2 14  nan 24.20 12.87 18.02  nan
2016 2 15  nan 21.11 10.81 15.96  nan
2016 2 16  nan 10.81 -7.73 0.51  nan
2016 2 17  nan  nan  nan  nan  nan
2016 2 18  nan  nan  nan  nan  nan
2016 2 19  nan -3.61 -10.82 -7.73  nan
2016 2 20  nan 11.84 -5.67 0.51  nan
2016 2 21  nan 22.14 6.69 15.96  nan
2016 2 22  nan 28.32 21.11 24.20  nan
2016 2 23  nan 25.23 15.96 20.08  nan
2016 2 24  nan 26.26 16.99 20.08  nan
2016 2 25  nan 33.47 20.08 25.23  nan
2016 2 26  nan 25.23 18.02 22.14  nan
2016 2 27  nan 25.23 19.05 22.14  nan
2016 2 28  nan 30.38 21.11 24.20  nan
2016 2 29  nan 28.32 20.08 23.17  nan
2016 3 1  nan 29.35 15.96 21.11  nan
2016 3 2  nan 24.20 10.81 15.96  nan
2016 3 3  nan 14.93 7.72 10.81  nan
2016 3 4  nan 12.87 4.63 9.78  nan
2016 3 5  nan 7.72 2.57 4.63  nan
2016 3 6  nan 4.63 0.51 1.54  nan
2016 3 7  nan 15.96 1.54 9.78  nan
2016 3 8  nan 24.20 11.84 18.02  nan
2016 3 9  nan 24.20 12.87 18.02  nan
2016 3 10  nan 27.29 14.93 20.08  nan
2016 3 11  nan 29.35 18.02 24.20  nan
2016 3 12  nan 29.35 20.08 24.20  nan
2016 3 13  nan 27.29 7.72 19.05  nan
2016 3 14  nan 14.93 5.66 9.78  nan
2016 3 15  nan 20.08 5.66 10.81  nan
2016 3 16  nan 29.35 8.75 20.08  nan
2016 3 17  nan 22.14 3.60 10.81  nan
2016 3 18  nan 7.72 -2.58 2.57  nan
2016 3 19  nan 8.75 -5.67 0.51  nan
2016 3 20  nan 21.11 7.72 12.87  nan
2016 3 21  nan 26.26 5.66 14.93  nan
2016 3 22  nan 31.41 16.99 25.23  nan
2016 3 23  nan 33.47 20.08 26.26  nan
2016 3 24  nan 36.56 22.14 28.32  nan
2016 3 25  nan 36.56 26.26 30.38  nan
2016 3 26  nan 39.65 25.23 30.38  nan
2016 3 27  nan 36.56 24.20 29.35  nan
2016 3 28  nan 36.56 27.29 31.41  nan
2016 3 29  nan 42.74 29.35 34.50  nan
2016 3 30  nan 44.80 29.35 35.53  nan
2016 3 31  nan 47.89 33.47 40.68  nan
2016 4 1  nan 41.71 26.26 34.50  nan
2016 4 2  nan 37.59 27.29 31.41  nan
2016 4 3  nan 37.59 25.23 29.35  nan
2016 4 4  nan 37.59 21.11 29.35  nan
2016 4 5  nan 32.44 22.14 27.29  nan
2016 4 6  nan 40.68 24.20 33.47  nan
2016 4 7  nan 34.50 27.29 30.38  nan
2016 4 8  nan 35.53 26.26 30.38  nan
2016 4 9  nan 44.80 28.32 35.53  nan
2016 4 10  nan 39.65 31.41 34.50  nan
2016 4 11  nan 42.74 26.26 34.50  nan
2016 4 12  nan 29.35 11.84 22.14  nan
2016 4 13  nan 27.29 8.75 18.02  nan
2016 4 14  nan 29.35 12.87 20.08  nan
2016 4 15  nan 38.62 14.93 27.29  nan
2016 4 16  nan 39.65 26.26 31.41  nan
2016 4 17  nan 38.62 28.32 31.41  nan
2016 4 18  nan 35.53 26.26 30.38  nan
2016 4 19  nan 45.83 25.23 33.47  nan
2016 4 20  nan 44.80 28.32 35.53  nan
2016 4 21  nan 40.68 27.29 33.47  nan
2016 4 22  nan 35.53 26.26 31.41  nan
2016 4 23  nan 45.83 29.35 38.62  nan
2016 4 24  nan 50.98 37.59 43.77  nan
2016 4 25  nan 46.86 34.50 38.62  nan
2016 4 26  nan 44.80 31.41 37.59  nan
2016 4 27  nan 45.83 33.47 38.62  nan
2016 4 28  nan 44.80 31.41 36.56  nan
2016 4 29  nan 39.65 31.41 34.50  nan
2016 4 30  nan 42.74 29.35 34.50  nan
2016 5 1  nan 48.92 29.35 38.62  nan
2016 5 2  nan 40.68 31.41 35.53  nan
2016 5 3  nan 40.68 28.32 33.47  nan
2016 5 4  nan 44.80 28.32 35.53  nan
2016 5 5  nan 46.86 30.38 38.62  nan
2016 5 6  nan 47.89 33.47 39.65  nan
2016 5 7  nan 46.86 32.44 37.59  nan
2016 5 8  nan 49.95 31.41 40.68  nan
2016 5 9  nan 52.01 34.50 40.68  nan
2016 5 10  nan 49.95 34.50 41.71  nan
2016 5 11  nan 59.22 40.68 50.98  nan
2016 5 12  nan 66.43 48.92 57.16  nan
2016 5 13  nan 69.52 52.01 61.28  nan
2016 5 14  nan 68.49 53.04 60.25  nan
2016 5 15  nan 58.19 36.56 49.95  nan
2016 5 16  nan 38.62 27.29 32.44  nan
2016 5 17  nan 31.41 24.20 28.32  nan
2016 5 18  nan 41.71 26.26 33.47  nan
2016 5 19  nan 57.16 33.47 46.86  nan
2016 5 20  nan 53.04 43.77 47.89  nan
2016 5 21  nan 62.31 42.74 49.95  nan
2016 5 22  nan 53.04 39.65 43.77  nan
2016 5 23  nan 48.92 36.56 43.77  nan
2016 5 24  nan 42.74 34.50 37.59  nan
2016 5 25  nan 48.92 32.44 39.65  nan
2016 5 26  nan 48.92 32.44 40.68  nan
2016 5 27  nan 50.98 34.50 43.77  nan
2016 5 28  nan 56.13 37.59 45.83  nan
2016 5 29  nan 49.95 34.50 39.65  nan
2016 5 30  nan 53.04 34.50 44.80  nan
2016 5 31  nan 58.19 42.74 49.95  nan
2016 6 1  nan 62.31 45.83 53.04  nan
2016 6 2  nan 58.19 40.68 48.92  nan
2016 6 3  nan 48.92 38.62 42.74  nan
2016 6 4  nan 52.01 36.56 43.77  nan
2016 6 5  nan 57.16 38.62 46.86  nan
2016 6 6  nan 45.83 37.59 40.68  nan
2016 6 7  nan 49.95 36.56 42.74  nan
2016 6 8  nan 57.16 39.65 46.86  nan
2016 6 9  nan 64.37 42.74 53.04  nan
2016 6 10  nan 65.40 45.83 55.10  nan
2016 6 11  nan 61.28 38.62 48.92  nan
2016 6 12  nan 55.10 37.59 44.80  nan
2016 6 13  nan 56.13 37.59 45.83  nan
2016 6 14  nan 44.80 39.65 42.74  nan
2016 6 15  nan 61.28 38.62 50.98  nan
2016 6 16  nan 66.43 47.89 56.13  nan
2016 6 17  nan 72.61 47.89 60.25  nan
2016 6 18  nan 68.49 50.98 60.25  nan
2016 6 19  nan 68.49 47.89 57.16  nan
2016 6 20  nan 56.13 43.77 49.95  nan
2016 6 21  nan 60.25 42.74 49.95  nan
2016 6 22  nan 58.19 38.62 47.89  nan
2016 6 23  nan 59.22 37.59 48.92  nan
2016 6 24  nan 66.43 44.80 56.13  nan
2016 6 25  nan 65.40 49.95 57.16  nan
2016 6 26  nan 61.28 46.86 53.04  nan
2016 6 27  nan 64.37 45.83 54.07  nan
2016 6 28  nan 61.28 45.83 53.04  nan
2016 6 29  nan 63.34 49.95 56.13  nan
2016 6 30  nan 57.16 46.86 50.98  nan
2016 7 1  nan 60.25 45.83 50.98  nan
2016 7 2  nan 63.34 46.86 52.01  nan
2016 7 3  nan 61.28 47.89 52.01  nan
2016 7 4  nan 60.25 46.86 50.98  nan
2016 7 5  nan 61.28 47.89 53.04  nan
2016 7 6  nan 58.19 46.86 50.98  nan
2016 7 7  nan 57.16 46.86 49.95  nan
2016 7 8  nan 61.28 46.86 53.04  nan
2016 7 9  nan 67.46 50.98 58.19  nan
2016 7 10  nan 66.43 49.95 56.13  nan
2016 7 11  nan 64.37 48.92 55.10  nan
2016 7 12  nan 66.43 48.92 58.19  nan
2016 7 13  nan 71.58 55.10 62.31  nan
2016 7 14  nan 68.49 52.01 61.28  nan
2016 7 15  nan 72.61 53.04 59.22  nan
2016 7 16  nan 59.22 49.95 53.04  nan
2016 7 17  nan 57.16 44.80 50.98  nan
2016 7 18  nan 49.95 42.74 45.83  nan
2016 7 19  nan 54.07 41.71 47.89  nan
2016 7 20  nan 50.98 41.71 44.80  nan
2016 7 21  nan 47.89 41.71 44.80  nan
2016 7 22  nan 50.98 43.77 45.83  nan
2016 7 23  nan 53.04 38.62 46.86  nan
2016 7 24  nan 48.92 36.56 43.77  nan
2016 7 25  nan 59.22 41.71 47.89  nan
2016 7 26  nan 63.34 45.83 53.04  nan
2016 7 27  nan 65.40 48.92 56.13  nan
2016 7 28  nan 58.19 46.86 52.01  nan
2016 7 29  nan 60.25 45.83 50.98  nan
2016 7 30  nan 58.19 45.83 50.98  nan
2016 7 31  nan 54.07 44.80 49.95  nan
2016 8 1  nan 64.37 42.74 54.07  nan
2016 8 2  nan 66.43 46.86 55.10  nan
2016 8 3  nan 63.34 47.89 54.07  nan
2016 8 4  nan 60.25 45.83 49.95  nan
2016 8 5  nan 54.07 46.86 49.95  nan
2016 8 6  nan 64.37 44.80 53.04  nan
2016 8 7  nan 66.43 48.92 58.19  nan
2016 8 8  nan 65.40 46.86 55.10  nan
2016 8 9  nan 52.01 44.80 48.92  nan
2016 8 10  nan 58.19 41.71 47.89  nan
2016 8 11  nan 61.28 45.83 50.98  nan
2016 8 12  nan 57.16 46.86 50.98  nan
2016 8 13  nan 58.19 47.89 52.01  nan
2016 8 14  nan 61.28 45.83 50.98  nan
2016 8 15  nan 47.89 43.77 45.83  nan
2016 8 16  nan 57.16  nan 50.98  nan
2016 8 17  nan 63.34 44.80 53.04  nan
2016 8 18  nan 61.28 46.86 52.01  nan
2016 8 19  nan 56.13 42.74 48.92  nan
2016 8 20  nan 59.22 40.68 47.89  nan
2016 8 21  nan 60.25 43.77 49.95  nan
2016 8 22  nan 59.22 44.80 49.95  nan
2016 8 23  nan 62.31 47.89 54.07  nan
2016 8 24  nan 63.34 46.86 54.07  nan
2016 8 25  nan 52.01 45.83 47.89  nan
2016 8 26  nan 56.13 44.80 48.92  nan
2016 8 27  nan 54.07 42.74 47.89  nan
2016 8 28  nan 52.01 35.53 43.77  nan
2016 8 29  nan 49.95 32.44 40.68  nan
2016 8 30  nan 49.95 34.50 41.71  nan
2016 8 31  nan 53.04 38.62 46.86  nan
2016 9 1  nan 52.01 36.56 42.74  nan
2016 9 2  nan 47.89 33.47 39.65  nan
2016 9 3  nan 57.16 34.50 45.83  nan
2016 9 4  nan 59.22 45.83 50.98  nan
2016 9 5  nan 52.01 41.71 46.86  nan
2016 9 6  nan 47.89 31.41 41.71  nan
2016 9 7  nan 40.68 28.32 31.41  nan
2016 9 8  nan 44.80 27.29 36.56  nan
2016 9 9  nan 45.83 32.44 38.62  nan
2016 9 10  nan 49.95 31.41 40.68  nan
2016 9 11  nan 53.04 37.59 43.77  nan
2016 9 12  nan 54.07 42.74 47.89  nan
2016 9 13  nan 46.86 35.53 40.68  nan
2016 9 14  nan 48.92 33.47 39.65  nan
2016 9 15  nan 53.04 37.59 44.80  nan
2016 9 16  nan 52.01 39.65 42.74  nan
2016 9 17  nan 48.92 36.56 41.71  nan
2016 9 18  nan 40.68 30.38 36.56  nan
2016 9 19  nan 42.74 27.29 34.50  nan
2016 9 20  nan 49.95 35.53 41.71  nan
2016 9 21  nan 44.80 37.59 41.71  nan
2016 9 22  nan 50.98 37.59 42.74  nan
2016 9 23  nan 45.83 33.47 38.62  nan
2016 9 24  nan 48.92 34.50 39.65  nan
2016 9 25  nan 43.77 29.35 36.56  nan
2016 9 26  nan 37.59 26.26 31.41  nan
2016 9 27  nan 38.62 25.23 30.38  nan
2016 9 28  nan 36.56 23.17 30.38  nan
2016 9 29  nan 38.62 27.29 30.38  nan
2016 9 30  nan 40.68 25.23 32.44  nan
2016 10 1  nan 38.62 27.29 31.41  nan
2016 10 2  nan 34.50 23.17 28.32  nan
2016 10 3  nan 32.44 22.14 26.26  nan
2016 10 4  nan 33.47 22.14 26.26  nan
2016 10 5  nan 33.47 21.11 26.26  nan
2016 10 6  nan 36.56 21.11 28.32  nan
2016 10 7  nan 35.53 23.17 28.32  nan
2016 10 8  nan 34.50 22.14 27.29  nan
2016 10 9  nan 41.71 24.20 31.41  nan
2016 10 10  nan 38.62 26.26 32.44  nan
2016 10 11  nan 33.47 24.20 28.32  nan
2016 10 12  nan 34.50 22.14 28.32  nan
2016 10 13  nan 29.35 13.90 23.17  nan
2016 10 14  nan 18.02 6.69 11.84  nan
2016 10 15  nan 11.84 3.60 6.69  nan
2016 10 16  nan 10.81 2.57 5.66  nan
2016 10 17  nan 10.81 3.60 8.75  nan
2016 10 18  nan 16.99 9.78 12.87  nan
2016 10 19  nan 23.17 10.81 16.99  nan
2016 10 20  nan 26.26 16.99 21.11  nan
2016 10 21  nan 20.08 9.78 15.96  nan
2016 10 22  nan 12.87 3.60 7.72  nan
2016 10 23  nan 14.93 2.57 5.66  nan
2016 10 24  nan 24.20 2.57 10.81  nan
2016 10 25  nan 22.14 5.66 12.87  nan
2016 10 26  nan 13.90 4.63 8.75  nan
2016 10 27  nan 18.02 11.84 15.96  nan
2016 10 28  nan 16.99 10.81 14.93  nan
2016 10 29  nan 26.26 11.84 16.99  nan
2016 10 30  nan 20.08 12.87 15.96  nan
2016 10 31  nan 16.99 10.81 13.90  nan
2016 11 1  nan 15.96 8.75 12.87  nan
2016 11 2  nan  nan  nan  nan  nan
2016 11 3  nan  nan  nan  nan  nan
2016 11 4  nan 18.02 10.81 14.93  nan
2016 11 5  nan 18.02 7.72 11.84  nan
2016 11 6  nan 25.23 12.87 15.96  nan
2016 11 7  nan 20.08 10.81 15.96  nan
2016 11 8  nan 27.29 15.96 19.05  nan
2016 11 9  nan 31.41 20.08 23.17  nan
2016 11 10  nan 30.38 25.23 29.35  nan
2016 11 11  nan 31.41 23.17 27.29  nan
2016 11 12  nan 29.35 20.08 24.20  nan
2016 11 13  nan 25.23 20.08 23.17  nan
2016 11 14  nan 30.38 20.08 24.20  nan
2016 11 15  nan 22.14 8.75 16.99  nan
2016 11 16  nan 15.96 10.81 13.90  nan
2016 11 17  nan 11.84 0.51 7.72  nan
2016 11 18  nan 5.66 -1.55 1.54  nan
2016 11 19  nan 5.66 -3.61 1.54  nan
2016 11 20  nan 4.63 -6.70 -3.61  nan
2016 11 21  nan 4.63 -10.82 -4.64  nan
2016 11 22  nan -2.58 -14.94 -9.79  nan
2016 11 23  nan 1.54 -8.76 -5.67  nan
2016 11 24  nan -2.58 -14.94 -9.79  nan
2016 11 25  nan -6.70 -14.94 -10.82  nan
2016 11 26  nan 6.69 -7.73 -0.52  nan
2016 11 27  nan 14.93 -3.61 5.66  nan
2016 11 28  nan -3.61 -13.91 -8.76  nan
2016 11 29  nan -9.79 -14.94 -12.88  nan
2016 11 30  nan -7.73 -20.09 -14.94  nan
2016 12 1  nan 13.90 -7.73 5.66  nan
2016 12 2  nan 16.99 -12.88 1.54  nan
2016 12 3  nan -12.88 -17.00 -14.94  nan
2016 12 4  nan -15.97 -21.12 -19.06  nan
2016 12 5  nan -14.94 -25.24 -21.12  nan
2016 12 6  nan -9.79 -17.00 -12.88  nan
2016 12 7  nan -12.88 -22.15 -19.06  nan
2016 12 8  nan -9.79 -18.03 -13.91  nan
2016 12 9  nan -5.67 -18.03 -13.91  nan
2016 12 10  nan 2.57 -10.82 -1.55  nan
2016 12 11  nan 13.90 2.57 7.72  nan
2016 12 12  nan 12.87 -6.70 3.60  nan
2016 12 13  nan 8.75 -7.73 -0.52  nan
2016 12 14  nan 7.72 1.54 3.60  nan
2016 12 15  nan 3.60 -3.61 0.51  nan
2016 12 16  nan 4.63 -2.58 1.54  nan
2016 12 17  nan 6.69 -7.73 -2.58  nan
2016 12 18  nan 8.75 -0.52 3.60  nan
2016 12 19  nan 14.93 5.66 8.75  nan
2016 12 20  nan 18.02 8.75 13.90  nan
2016 12 21  nan 15.96 3.60 12.87  nan
2016 12 22  nan 8.75 -6.70 0.51  nan
2016 12 23  nan 4.63 -7.73 -1.55  nan
2016 12 24  nan 5.66 -7.73 -3.61  nan
2016 12 25  nan 5.66 -5.67 0.51  nan
2016 12 26  nan 8.75 2.57 5.66  nan
2016 12 27  nan 6.69 2.57 4.63  nan
2016 12 28  nan 8.75 -2.58 3.60  nan
2016 12 29  nan 6.69 -8.76 -3.61  nan
2016 12 30  nan 13.90 1.54 9.78  nan
2016 12 31  nan 22.14 13.90 18.02  nan
2017 1 1  nan 29.35 15.96 22.14  nan
2017 1 2  nan 28.32 20.08 23.17  nan
2017 1 3  nan 24.20 11.84 19.05  nan
2017 1 4  nan 22.14 9.78 14.93  nan
2017 1 5  nan 10.81 -3.61 3.60  nan
2017 1 6  nan -3.61 -18.03 -12.88  nan
2017 1 7  nan -8.76 -19.06 -13.91  nan
2017 1 8  nan 6.69 -11.85 0.51  nan
2017 1 9  nan 18.02 -5.67 5.66  nan
2017 1 10  nan 22.14 5.66 13.90  nan
2017 1 11  nan 11.84 -3.61 5.66  nan
2017 1 12  nan -2.58 -10.82 -6.70  nan
2017 1 13  nan 4.63 -10.82 -4.64  nan
2017 1 14  nan 23.17 1.54 12.87  nan
2017 1 15  nan 4.63 -7.73 -3.61  nan
2017 1 16  nan -4.64 -13.91 -8.76  nan
2017 1 17  nan -13.91 -26.27 -22.15  nan
2017 1 18  nan -18.03 -25.24 -21.12  nan
2017 1 19  nan -21.12 -27.30 -23.18  nan
2017 1 20  nan -10.82 -25.24 -19.06  nan
2017 1 21  nan -11.85 -23.18 -18.03  nan
2017 1 22  nan -2.58 -17.00 -9.79  nan
2017 1 23  nan 6.69 -7.73 -1.55  nan
2017 1 24  nan 13.90 3.60 7.72  nan
2017 1 25  nan 23.17 12.87 19.05  nan
2017 1 26  nan 22.14 16.99 20.08  nan
2017 1 27  nan 23.17 16.99 21.11  nan
2017 1 28  nan 23.17 9.78 19.05  nan
2017 1 29  nan 10.81 1.54 5.66  nan
2017 1 30  nan 10.81 4.63 7.72  nan
2017 1 31  nan 13.90 4.63 9.78  nan
2017 2 1  nan 16.99 7.72 10.81  nan
2017 2 2  nan 12.87 5.66 8.75  nan
2017 2 3  nan 23.17 7.72 15.96  nan
2017 2 4  nan 27.29 18.02 22.14  nan
2017 2 5  nan 23.17 10.81 19.05  nan
2017 2 6  nan 21.11 8.75 13.90  nan
2017 2 7  nan 10.81 -3.61 5.66  nan
2017 2 8  nan 7.72 -1.55 2.57  nan
2017 2 9  nan 4.63 -12.88 -2.58  nan
2017 2 10  nan -11.85 -26.27 -21.12  nan
2017 2 11  nan -4.64 -24.21 -14.94  nan
2017 2 12  nan -0.52 -18.03 -10.82  nan
2017 2 13  nan 29.35 -7.73 12.87  nan
2017 2 14  nan 35.53 25.23 30.38  nan
2017 2 15  nan 33.47 19.05 26.26  nan
2017 2 16  nan 23.17 13.90 18.02  nan
2017 2 17  nan 21.11 9.78 14.93  nan
2017 2 18  nan 20.08 7.72 11.84  nan
2017 2 19  nan 14.93 3.60 7.72  nan
2017 2 20  nan 5.66 -6.70 0.51  nan
2017 2 21  nan -2.58 -9.79 -5.67  nan
2017 2 22  nan 6.69 -9.79 -0.52  nan
2017 2 23  nan 19.05 -0.52 9.78  nan
2017 2 24  nan  nan  nan  nan  nan
2017 2 25  nan  nan  nan  nan  nan
2017 2 26  nan 21.11 12.87 16.99  nan
2017 2 27  nan 14.93 4.63 9.78  nan
2017 2 28  nan 4.63 -21.12 -10.82  nan
2017 3 1  nan -11.85 -24.21 -19.06  nan
2017 3 2  nan -6.70 -19.06 -13.91  nan
2017 3 3  nan -7.73 -19.06 -13.91  nan
2017 3 4  nan -0.52 -15.97 -7.73  nan
2017 3 5  nan -9.79 -26.27 -18.03  nan
2017 3 6  nan -5.67 -26.27 -18.03  nan
2017 3 7  nan -6.70 -19.06 -13.91  nan
2017 3 8  nan -4.64 -19.06 -12.88  nan
2017 3 9  nan 1.54 -17.00 -9.79  nan
2017 3 10  nan 5.66 -8.76 -2.58  nan
2017 3 11  nan 5.66 -7.73 -1.55  nan
2017 3 12  nan 3.60 -7.73 -0.52  nan
2017 3 13  nan 2.57 -9.79 -4.64  nan
2017 3 14  nan -6.70 -19.06 -12.88  nan
2017 3 15  nan -10.82 -23.18 -18.03  nan
2017 3 16  nan -10.82 -19.06 -15.97  nan
2017 3 17  nan -7.73 -20.09 -14.94  nan
2017 3 18  nan -3.61 -22.15 -12.88  nan
2017 3 19  nan 9.78 -12.88 -0.52  nan
2017 3 20  nan 15.96 4.63 9.78  nan
2017 3 21  nan 10.81 -2.58 3.60  nan
2017 3 22  nan 4.63 -5.67 -0.52  nan
2017 3 23  nan 14.93 -3.61 3.60  nan
2017 3 24  nan 8.75 -4.64 1.54  nan
2017 3 25  nan 7.72 -6.70 -0.52  nan
2017 3 26  nan 13.90 -4.64 4.63  nan
2017 3 27  nan 23.17 1.54 11.84  nan
2017 3 28  nan 27.29 10.81 18.02  nan
2017 3 29  nan 32.44 18.02 25.23  nan
2017 3 30  nan 33.47 22.14 27.29  nan
2017 3 31  nan 37.59 21.11 28.32  nan
2017 4 1  nan 39.65 28.32 33.47  nan
2017 4 2  nan 37.59 24.20 30.38  nan
2017 4 3  nan 35.53 21.11 27.29  nan
2017 4 4  nan 36.56 21.11 28.32  nan
2017 4 5  nan 31.41 19.05 25.23  nan
2017 4 6  nan 26.26 10.81 19.05  nan
2017 4 7  nan 15.96 4.63 9.78  nan
2017 4 8  nan 27.29 3.60 14.93  nan
2017 4 9  nan 29.35 18.02 24.20  nan
2017 4 10  nan 39.65 23.17 29.35  nan
2017 4 11  nan 38.62 26.26 31.41  nan
2017 4 12  nan 36.56 24.20 29.35  nan
2017 4 13  nan 31.41 18.02 25.23  nan
2017 4 14  nan 40.68 20.08 31.41  nan
2017 4 15  nan 28.32 9.78 21.11  nan
2017 4 16  nan 22.14 4.63 12.87  nan
2017 4 17  nan 22.14 -0.52 10.81  nan
2017 4 18  nan 26.26 4.63 14.93  nan
2017 4 19  nan 24.20 5.66 14.93  nan
2017 4 20  nan 27.29 5.66 16.99  nan
2017 4 21  nan 33.47 12.87 24.20  nan
2017 4 22  nan 38.62 20.08 29.35  nan
2017 4 23  nan 42.74 22.14 33.47  nan
2017 4 24  nan 49.95 29.35 39.65  nan
2017 4 25  nan 47.89 34.50 40.68  nan
2017 4 26  nan 40.68 26.26 34.50  nan
2017 4 27  nan 34.50 21.11 27.29  nan
2017 4 28  nan 45.83 27.29 35.53  nan
2017 4 29  nan 38.62 30.38 33.47  nan
2017 4 30  nan 42.74 29.35 33.47  nan
2017 5 1  nan 44.80 28.32 35.53  nan
2017 5 2  nan 44.80 30.38 37.59  nan
2017 5 3  nan 41.71 30.38 33.47  nan
2017 5 4  nan 47.89 30.38 37.59  nan
2017 5 5  nan 47.89 32.44 38.62  nan
2017 5 6  nan 52.01 33.47 42.74  nan
2017 5 7  nan 53.04 36.56 44.80  nan
2017 5 8  nan 52.01 37.59 42.74  nan
2017 5 9  nan 48.92 34.50 39.65  nan
2017 5 10  nan 48.92 34.50 40.68  nan
2017 5 11  nan 53.04 35.53 43.77  nan
2017 5 12  nan 46.86 36.56 39.65  nan
2017 5 13  nan 49.95 35.53 41.71  nan
2017 5 14  nan 45.83 36.56 39.65  nan
2017 5 15  nan 48.92 35.53 40.68  nan
2017 5 16  nan 57.16 37.59 45.83  nan
2017 5 17  nan 57.16 40.68 46.86  nan
2017 5 18  nan 56.13 36.56 45.83  nan
2017 5 19  nan 47.89 34.50 39.65  nan
2017 5 20  nan 49.95 34.50 42.74  nan
2017 5 21  nan 44.80 35.53 39.65  nan
2017 5 22  nan 47.89 36.56 42.74  nan
2017 5 23  nan 47.89 36.56 40.68  nan
2017 5 24  nan 52.01 34.50 44.80  nan
2017 5 25  nan 47.89 32.44 39.65  nan
2017 5 26  nan 42.74 30.38 35.53  nan
2017 5 27  nan 46.86 31.41 38.62  nan
2017 5 28  nan 59.22 34.50 48.92  nan
2017 5 29  nan 58.19 40.68 48.92  nan
2017 5 30  nan 43.77 35.53 38.62  nan
2017 5 31  nan 55.10 34.50 44.80  nan
2017 6 1  nan 56.13 38.62 46.86  nan
2017 6 2  nan 56.13 36.56 45.83  nan
2017 6 3  nan 57.16 38.62 47.89  nan
2017 6 4  nan 57.16 40.68 46.86  nan
2017 6 5  nan 59.22 41.71 48.92  nan
2017 6 6  nan 58.19 43.77 50.98  nan
2017 6 7  nan 65.40 48.92 57.16  nan
2017 6 8  nan 71.58 52.01 61.28  nan
2017 6 9  nan 71.58 53.04 61.28  nan
2017 6 10  nan 65.40 48.92 57.16  nan
2017 6 11  nan 50.98 40.68 46.86  nan
2017 6 12  nan 55.10 31.41 42.74  nan
2017 6 13  nan 46.86 26.26 36.56  nan
2017 6 14  nan 54.07 34.50 43.77  nan
2017 6 15  nan 59.22 39.65 48.92  nan
2017 6 16  nan 61.28 43.77 52.01  nan
2017 6 17  nan 59.22 43.77 49.95  nan
2017 6 18  nan 58.19 44.80 50.98  nan
2017 6 19  nan 65.40 41.71 54.07  nan
2017 6 20  nan 64.37 45.83 53.04  nan
2017 6 21  nan 63.34 44.80 54.07  nan
2017 6 22  nan 67.46 49.95 58.19  nan
2017 6 23  nan 67.46 47.89 55.10  nan
2017 6 24  nan 54.07 44.80 48.92  nan
2017 6 25  nan 55.10 42.74 47.89  nan
2017 6 26  nan 59.22 43.77 49.95  nan
2017 6 27  nan 63.34 42.74 53.04  nan
2017 6 28  nan 64.37 46.86 54.07  nan
2017 6 29  nan 67.46 50.98 58.19  nan
2017 6 30  nan 60.25 48.92 53.04  nan
2017 7 1  nan 59.22 47.89 50.98  nan
2017 7 2  nan 60.25 46.86 49.95  nan
2017 7 3  nan 65.40 45.83 54.07  nan
2017 7 4  nan 63.34 46.86 55.10  nan
2017 7 5  nan 68.49 49.95 59.22  nan
2017 7 6  nan 75.70 55.10 64.37  nan
2017 7 7  nan 71.58 57.16 64.37  nan
2017 7 8  nan 75.70 49.95 60.25  nan
2017 7 9  nan 64.37 46.86 55.10  nan
2017 7 10  nan 49.95 47.89 48.92  nan
2017 7 11  nan 61.28 48.92 54.07  nan
2017 7 12  nan 64.37 47.89 55.10  nan
2017 7 13  nan 66.43 48.92 57.16  nan
2017 7 14  nan 70.55 53.04 60.25  nan
2017 7 15  nan 67.46 48.92 58.19  nan
2017 7 16  nan 63.34 48.92 55.10  nan
2017 7 17  nan 63.34 50.98 55.10  nan
2017 7 18  nan 67.46 48.92 56.13  nan
2017 7 19  nan 66.43 52.01 59.22  nan
2017 7 20  nan 66.43 50.98 57.16  nan
2017 7 21  nan 57.16 44.80 49.95  nan
2017 7 22  nan 64.37 43.77 54.07  nan
2017 7 23  nan 69.52 50.98 60.25  nan
2017 7 24  nan 60.25 49.95 56.13  nan
2017 7 25  nan 58.19 47.89 52.01  nan
2017 7 26  nan 53.04 46.86 49.95  nan
2017 7 27  nan 58.19 42.74 48.92  nan
2017 7 28  nan 62.31 40.68 52.01  nan
2017 7 29  nan 64.37 49.95 56.13  nan
2017 7 30  nan 66.43 47.89 59.22  nan
2017 7 31  nan 68.49 52.01 59.22  nan
2017 8 1  nan 64.37 47.89 55.10  nan
2017 8 2  nan 63.34 45.83 55.10  nan
2017 8 3  nan 66.43 49.95 57.16  nan
2017 8 4  nan 61.28 48.92 54.07  nan
2017 8 5  nan 68.49 48.92 58.19  nan
2017 8 6  nan 73.64 56.13 64.37  nan
2017 8 7  nan 73.64 54.07 63.34  nan
2017 8 8  nan 71.58 54.07 62.31  nan
2017 8 9  nan 73.64 52.01 64.37  nan
2017 8 10  nan 71.58 52.01 61.28  nan
2017 8 11  nan 62.31  nan 56.13  nan
2017 8 12  nan 62.31 47.89 54.07  nan
2017 8 13  nan 64.37 44.80 53.04  nan
2017 8 14  nan 48.92 40.68 43.77  nan
2017 8 15  nan 55.10 40.68 44.80  nan
2017 8 16  nan 57.16 42.74 47.89  nan
2017 8 17  nan 55.10 39.65 44.80  nan
2017 8 18  nan 52.01 36.56 42.74  nan
2017 8 19  nan  nan  nan  nan  nan
2017 8 20  nan  nan  nan  nan  nan
2017 8 21  nan 45.83 40.68 43.77  nan
2017 8 22  nan 53.04 42.74 46.86  nan
2017 8 23  nan 54.07 41.71 45.83  nan
2017 8 24  nan 59.22 41.71 47.89  nan
2017 8 25  nan 47.89 40.68 43.77  nan
2017 8 26  nan 47.89 38.62 42.74  nan
2017 8 27  nan 42.74 38.62 40.68  nan
2017 8 28  nan 52.01 38.62 44.80  nan
2017 8 29  nan 47.89 39.65 44.80  nan
2017 8 30  nan 54.07 41.71 47.89  nan
2017 8 31  nan 57.16 40.68 47.89  nan
2017 9 1  nan 54.07 36.56 44.80  nan
2017 9 2  nan 48.92 31.41 40.68  nan
2017 9 3  nan 52.01 36.56 43.77  nan
2017 9 4  nan 53.04 40.68 45.83  nan
2017 9 5  nan 47.89 42.74 44.80  nan
2017 9 6  nan 57.16 43.77 49.95  nan
2017 9 7  nan 55.10 39.65 44.80  nan
2017 9 8  nan 52.01 35.53 43.77  nan
2017 9 9  nan 42.74 37.59 39.65  nan
2017 9 10  nan 44.80 36.56 38.62  nan
2017 9 11  nan 44.80 34.50 37.59  nan
2017 9 12  nan 50.98 32.44 41.71  nan
2017 9 13  nan 56.13 38.62 45.83  nan
2017 9 14  nan 49.95 40.68 44.80  nan
2017 9 15  nan 52.01 36.56 42.74  nan
2017 9 16  nan 48.92 36.56 41.71  nan
2017 9 17  nan 53.04 38.62 43.77  nan
2017 9 18  nan 53.04 40.68 44.80  nan
2017 9 19  nan 47.89 35.53 41.71  nan
2017 9 20  nan 43.77 34.50 37.59  nan
2017 9 21  nan 39.65 33.47 36.56  nan
2017 9 22  nan 40.68 36.56 38.62  nan
2017 9 23  nan 46.86 38.62 41.71  nan
2017 9 24  nan 46.86 36.56 40.68  nan
2017 9 25  nan 44.80 35.53 38.62  nan
2017 9 26  nan 38.62 31.41 34.50  nan
2017 9 27  nan 37.59 29.35 33.47  nan
2017 9 28  nan 50.98 35.53 41.71  nan
2017 9 29  nan 38.62 24.20 33.47  nan
2017 9 30  nan 28.32 21.11 24.20  nan
2017 10 1  nan 39.65 23.17 30.38  nan
2017 10 2  nan 34.50 28.32 31.41  nan
2017 10 3  nan 41.71 31.41 35.53  nan
2017 10 4  nan 40.68 35.53 37.59  nan
2017 10 5  nan 42.74 34.50 37.59  nan
2017 10 6  nan 37.59 31.41 34.50  nan
2017 10 7  nan 36.56 29.35 31.41  nan
2017 10 8  nan 31.41 29.35 30.38  nan
2017 10 9  nan 29.35 20.08 26.26  nan
2017 10 10  nan 29.35 21.11 26.26  nan
2017 10 11  nan 29.35 22.14 25.23  nan
2017 10 12  nan 27.29 20.08 23.17  nan
2017 10 13  nan 28.32 22.14 25.23  nan
2017 10 14  nan 31.41 23.17 26.26  nan
2017 10 15  nan 25.23 20.08 23.17  nan
2017 10 16  nan 23.17 14.93 19.05  nan
2017 10 17  nan 23.17 12.87 15.96  nan
2017 10 18  nan 21.11 14.93 15.96  nan
2017 10 19  nan 14.93 2.57 9.78  nan
2017 10 20  nan 9.78 0.51 3.60  nan
2017 10 21  nan 12.87 3.60 8.75  nan
2017 10 22  nan 22.14 11.84 15.96  nan
2017 10 23  nan 26.26 9.78 13.90  nan
2017 10 24  nan 20.08 9.78 15.96  nan
2017 10 25  nan 30.38 19.05 24.20  nan
2017 10 26  nan 28.32 22.14 25.23  nan
2017 10 27  nan 32.44 25.23 29.35  nan
2017 10 28  nan 35.53 24.20 29.35  nan
2017 10 29  nan 30.38 22.14 26.26  nan
2017 10 30  nan 29.35 23.17 27.29  nan
2017 10 31  nan 28.32 19.05 24.20  nan
2017 11 1  nan 23.17 19.05 20.08  nan
2017 11 2  nan 25.23 19.05 22.14  nan
2017 11 3  nan 24.20 14.93 21.11  nan
2017 11 4  nan 20.08 10.81 13.90  nan
2017 11 5  nan 13.90 9.78 12.87  nan
2017 11 6  nan 14.93 9.78 11.84  nan
2017 11 7  nan 13.90 1.54 7.72  nan
2017 11 8  nan 8.75 -1.55 2.57  nan
2017 11 9  nan 11.84 2.57 7.72  nan
2017 11 10  nan 7.72 2.57 4.63  nan
2017 11 11  nan 7.72 1.54 3.60  nan
2017 11 12  nan 4.63 -1.55 1.54  nan
2017 11 13  nan 9.78 0.51 5.66  nan
2017 11 14  nan 8.75 -4.64 3.60  nan
2017 11 15  nan 1.54 -8.76 -3.61  nan
2017 11 16  nan 1.54 -4.64 -1.55  nan
2017 11 17  nan 0.51 -9.79 -4.64  nan
2017 11 18  nan -5.67 -15.97 -12.88  nan
2017 11 19  nan -14.94 -22.15 -20.09  nan
2017 11 20  nan -15.97 -22.15 -19.06  nan
2017 11 21  nan -10.82 -24.21 -18.03  nan
2017 11 22  nan -2.58 -13.91 -8.76  nan
2017 11 23  nan -2.58 -12.88 -7.73  nan
2017 11 24  nan -4.64 -12.88 -9.79  nan
2017 11 25  nan -9.79 -20.09 -15.97  nan
2017 11 26  nan -1.55 -17.00 -10.82  nan
2017 11 27  nan 1.54 -5.67 -2.58  nan
2017 11 28  nan 3.60 -5.67 -2.58  nan
2017 11 29  nan 9.78 -3.61 3.60  nan
2017 11 30  nan 14.93 6.69 10.81  nan
2017 12 1  nan 12.87 3.60 9.78  nan
2017 12 2  nan 10.81 6.69 8.75  nan
2017 12 3  nan 12.87 1.54 7.72  nan
2017 12 4  nan 25.23 12.87 19.05  nan
2017 12 5  nan 25.23 15.96 21.11  nan
2017 12 6  nan 29.35 21.11 24.20  nan
2017 12 7  nan 29.35 20.08 24.20  nan
2017 12 8  nan 31.41 27.29 29.35  nan
2017 12 9  nan 29.35 22.14 26.26  nan
2017 12 10  nan 27.29 20.08 25.23  nan
2017 12 11  nan 30.38 24.20 27.29  nan
2017 12 12  nan 28.32 23.17 25.23  nan
2017 12 13  nan 25.23 15.96 21.11  nan
2017 12 14  nan 27.29 23.17 25.23  nan
2017 12 15  nan 24.20 15.96 20.08  nan
2017 12 16  nan 20.08 14.93 18.02  nan
2017 12 17  nan 19.05 10.81 14.93  nan
2017 12 18  nan 12.87 8.75 10.81  nan
2017 12 19  nan 15.96 7.72 10.81  nan
2017 12 20  nan 14.93 9.78 12.87  nan
2017 12 21  nan 19.05 7.72 11.84  nan
2017 12 22  nan 22.14 4.63 14.93  nan
2017 12 23  nan 22.14 -1.55 10.81  nan
2017 12 24  nan 9.78 -3.61 3.60  nan
2017 12 25  nan 11.84 0.51 6.69  nan
2017 12 26  nan 12.87 -2.58 6.69  nan
2017 12 27  nan 5.66 -2.58 2.57  nan
2017 12 28  nan 4.63 -12.88 -6.70  nan
2017 12 29  nan -9.79 -13.91 -11.85  nan
2017 12 30  nan -10.82 -19.06 -14.94  nan
2017 12 31  nan -6.70 -18.03 -12.88  nan
2018 1 1  nan 4.63 -8.76 -4.64  nan
2018 1 2  nan 27.29 3.60 18.02  nan
2018 1 3  nan 25.23 15.96 21.11  nan
2018 1 4  nan 20.08 13.90 15.96  nan
2018 1 5  nan 15.96 0.51 11.84  nan
2018 1 6  nan 10.81 0.51 6.69  nan
2018 1 7  nan 8.75 -7.73 1.54  nan
2018 1 8  nan -6.70 -26.27 -18.03  nan
2018 1 9  nan -17.00 -25.24 -22.15  nan
2018 1 10  nan -20.09 -25.24 -23.18  nan
2018 1 11  nan -19.06 -23.18 -21.12  nan
2018 1 12  nan -13.91 -20.09 -17.00  nan
2018 1 13  nan 13.90 -15.97 -2.58  nan
2018 1 14  nan 31.41 12.87 23.17  nan
2018 1 15  nan 32.44 28.32 30.38  nan
2018 1 16  nan 31.41 28.32 30.38  nan
2018 1 17  nan 28.32 20.08 24.20  nan
2018 1 18  nan 22.14 14.93 18.02  nan
2018 1 19  nan 15.96 5.66 10.81  nan
2018 1 20  nan 7.72 -4.64 2.57  nan
2018 1 21  nan -4.64 -12.88 -8.76  nan
2018 1 22  nan -4.64 -13.91 -10.82  nan
2018 1 23  nan -3.61 -18.03 -11.85  nan
2018 1 24  nan -14.94 -18.03 -17.00  nan
2018 1 25  nan -13.91 -18.03 -15.97  nan
2018 1 26  nan -8.76 -17.00 -12.88  nan
2018 1 27  nan -7.73 -12.88 -9.79  nan
2018 1 28  nan -2.58 -9.79 -6.70  nan
2018 1 29  nan -5.67 -14.94 -11.85  nan
2018 1 30  nan -10.82 -21.12 -15.97  nan
2018 1 31  nan -10.82 -24.21 -21.12  nan
2018 2 1  nan -4.64 -25.24 -19.06  nan
2018 2 2  nan -2.58 -18.03 -12.88  nan
2018 2 3  nan 7.72 -12.88 -6.70  nan
2018 2 4  nan 7.72 -7.73 -3.61  nan
2018 2 5  nan 10.81 -8.76 -0.52  nan
2018 2 6  nan -7.73 -18.03 -12.88  nan
2018 2 7  nan -2.58 -12.88 -7.73  nan
2018 2 8  nan 5.66 -5.67 -1.55  nan
2018 2 9  nan 8.75 -2.58 1.54  nan
2018 2 10  nan 18.02 5.66 11.84  nan
2018 2 11  nan 12.87 3.60 7.72  nan
2018 2 12  nan 18.02 -0.52 11.84  nan
2018 2 13  nan 18.02 10.81 14.93  nan
2018 2 14  nan 15.96 11.84 13.90  nan
2018 2 15  nan 15.96 7.72 12.87  nan
2018 2 16  nan 15.96 2.57 7.72  nan
2018 2 17  nan 11.84 0.51 5.66  nan
2018 2 18  nan 20.08 6.69 10.81  nan
2018 2 19  nan 22.14 5.66 14.93  nan
2018 2 20  nan 22.14 11.84 16.99  nan
2018 2 21  nan 16.99 7.72 11.84  nan
2018 2 22  nan 19.05 13.90 16.99  nan
2018 2 23  nan 13.90 -0.52 7.72  nan
2018 2 24  nan 6.69 -3.61 -0.52  nan
2018 2 25  nan 0.51 -7.73 -4.64  nan
2018 2 26  nan 15.96 -3.61 5.66  nan
2018 2 27  nan 4.63 -5.67 -3.61  nan
2018 2 28  nan -2.58 -14.94 -7.73  nan
2018 3 1  nan -0.52 -17.00 -9.79  nan
2018 3 2  nan 4.63 -11.85 -3.61  nan
2018 3 3  nan 0.51 -6.70 -2.58  nan
2018 3 4  nan 11.84 -0.52 4.63  nan
2018 3 5  nan 13.90 2.57 6.69  nan
2018 3 6  nan  nan  nan  nan  nan
2018 3 7  nan  nan  nan  nan  nan
2018 3 8  nan 11.84 0.51 5.66  nan
2018 3 9  nan 19.05 8.75 13.90  nan
2018 3 10  nan 25.23 13.90 18.02  nan
2018 3 11  nan 22.14 11.84 18.02  nan
2018 3 12  nan 30.38 21.11 24.20  nan
2018 3 13  nan 29.35 22.14 26.26  nan
2018 3 14  nan 35.53 23.17 29.35  nan
2018 3 15  nan 26.26 18.02 20.08  nan
2018 3 16  nan 36.56 19.05 27.29  nan
2018 3 17  nan 34.50 26.26 29.35  nan
2018 3 18  nan 32.44 24.20 28.32  nan
2018 3 19  nan 30.38 13.90 22.14  nan
2018 3 20  nan 13.90 7.72 11.84  nan
2018 3 21  nan 9.78 1.54 6.69  nan
2018 3 22  nan 16.99 -3.61 6.69  nan
2018 3 23  nan 18.02 1.54 10.81  nan
2018 3 24  nan 9.78 -4.64 1.54  nan
2018 3 25  nan 9.78 -5.67 0.51  nan
2018 3 26  nan 9.78 -7.73 2.57  nan
2018 3 27  nan 20.08 0.51 10.81  nan
2018 3 28  nan 26.26 8.75 15.96  nan
2018 3 29  nan 25.23 13.90 19.05  nan
2018 3 30  nan 23.17 11.84 18.02  nan
2018 3 31  nan 22.14 10.81 14.93  nan
2018 4 1  nan 20.08 7.72 13.90  nan
2018 4 2  nan 13.90 -3.61 6.69  nan
2018 4 3  nan 8.75 -6.70 -0.52  nan
2018 4 4  nan 16.99 -9.79 4.63  nan
2018 4 5  nan 21.11 6.69 14.93  nan
2018 4 6  nan 25.23 10.81 18.02  nan
2018 4 7  nan 31.41 15.96 23.17  nan
2018 4 8  nan 30.38 12.87 22.14  nan
2018 4 9  nan 32.44 14.93 23.17  nan
2018 4 10  nan 37.59 14.93 27.29  nan
2018 4 11  nan 39.65 29.35 34.50  nan
2018 4 12  nan 42.74 31.41 35.53  nan
2018 4 13  nan 35.53 16.99 28.32  nan
2018 4 14  nan 21.11 3.60 14.93  nan
2018 4 15  nan 20.08 -0.52 10.81  nan
2018 4 16  nan 30.38 7.72 20.08  nan
2018 4 17  nan 31.41 13.90 23.17  nan
2018 4 18  nan 30.38 13.90 21.11  nan
2018 4 19  nan 25.23 10.81 18.02  nan
2018 4 20  nan 19.05 6.69 11.84  nan
2018 4 21  nan 31.41 5.66 20.08  nan
2018 4 22  nan 40.68 19.05 31.41  nan
2018 4 23  nan 38.62 26.26 32.44  nan
2018 4 24  nan 41.71 29.35 36.56  nan
2018 4 25  nan 40.68 27.29 34.50  nan
2018 4 26  nan 37.59 25.23 30.38  nan
2018 4 27  nan 39.65 23.17 30.38  nan
2018 4 28  nan 37.59 23.17 29.35  nan
2018 4 29  nan 37.59 23.17 31.41  nan
2018 4 30  nan 42.74 29.35 34.50  nan
2018 5 1  nan 39.65 25.23 29.35  nan
2018 5 2  nan 33.47 20.08 24.20  nan
2018 5 3  nan 37.59 22.14 30.38  nan
2018 5 4  nan 40.68 28.32 36.56  nan
2018 5 5  nan 44.80 28.32 36.56  nan
2018 5 6  nan 42.74 26.26 34.50  nan
2018 5 7  nan 39.65 29.35 33.47  nan
2018 5 8  nan 49.95 30.38 40.68  nan
2018 5 9  nan 56.13 39.65 47.89  nan
2018 5 10  nan 62.31 44.80 53.04  nan
2018 5 11  nan 53.04 33.47 43.77  nan
2018 5 12  nan 45.83 29.35 37.59  nan
2018 5 13  nan 47.89 31.41 38.62  nan
2018 5 14  nan 35.53 30.38 32.44  nan
2018 5 15  nan 46.86 29.35 36.56  nan
2018 5 16  nan 50.98 33.47 41.71  nan
2018 5 17  nan 55.10 36.56 44.80  nan
2018 5 18  nan 52.01 38.62 44.80  nan
2018 5 19  nan 58.19 38.62 48.92  nan
2018 5 20  nan 58.19 40.68 47.89  nan
2018 5 21  nan 53.04 37.59 43.77  nan
2018 5 22  nan 47.89 36.56 39.65  nan
2018 5 23  nan 46.86 35.53 38.62  nan
2018 5 24  nan 44.80 35.53 37.59  nan
2018 5 25  nan 47.89 34.50 39.65  nan
2018 5 26  nan 50.98 35.53 41.71  nan
2018 5 27  nan 49.95 32.44 40.68  nan
2018 5 28  nan 52.01 32.44 42.74  nan
2018 5 29  nan 47.89 34.50 39.65  nan
2018 5 30  nan 50.98 35.53 42.74  nan
2018 5 31  nan 56.13 37.59 44.80  nan
2018 6 1  nan 56.13 36.56 46.86  nan
2018 6 2  nan 57.16 41.71 47.89  nan
2018 6 3  nan 58.19 40.68 48.92  nan
2018 6 4  nan 58.19 41.71 47.89  nan
2018 6 5  nan 57.16 41.71 46.86  nan
2018 6 6  nan 49.95 40.68 43.77  nan
2018 6 7  nan 52.01 38.62 42.74  nan
2018 6 8  nan 53.04 38.62 43.77  nan
2018 6 9  nan 56.13 39.65 45.83  nan
2018 6 10  nan 45.83 36.56 40.68  nan
2018 6 11  nan 39.65 31.41 35.53  nan
2018 6 12  nan 49.95 31.41 39.65  nan
2018 6 13  nan 53.04 33.47 43.77  nan
2018 6 14  nan 57.16 39.65 47.89  nan
2018 6 15  nan 59.22 38.62 48.92  nan
2018 6 16  nan 58.19 42.74 50.98  nan
2018 6 17  nan 61.28 46.86 53.04  nan
2018 6 18  nan 64.37 47.89 56.13  nan
2018 6 19  nan 64.37 49.95 56.13  nan
2018 6 20  nan 69.52 49.95 59.22  nan
2018 6 21  nan 76.73 48.92 61.28  nan
2018 6 22  nan 61.28 46.86 52.01  nan
2018 6 23  nan 57.16 44.80 49.95  nan
2018 6 24  nan 62.31 44.80 53.04  nan
2018 6 25  nan 56.13 45.83 49.95  nan
2018 6 26  nan 57.16 43.77 49.95  nan
2018 6 27  nan 55.10 42.74 47.89  nan
2018 6 28  nan 61.28 44.80 52.01  nan
2018 6 29  nan 59.22 44.80 48.92  nan
2018 6 30  nan 54.07 44.80 48.92  nan
2018 7 1  nan 60.25 45.83 52.01  nan
2018 7 2  nan 61.28 45.83 50.98  nan
2018 7 3  nan 66.43 46.86 56.13  nan
2018 7 4  nan 68.49 48.92 59.22  nan
2018 7 5  nan 57.16 47.89 52.01  nan
2018 7 6  nan 59.22 45.83 52.01  nan
2018 7 7  nan 67.46 48.92 58.19  nan
2018 7 8  nan 64.37 50.98 56.13  nan
2018 7 9  nan 63.34 47.89 54.07  nan
2018 7 10  nan 55.10 42.74 48.92  nan
2018 7 11  nan 55.10 40.68 46.86  nan
2018 7 12  nan 47.89 38.62 42.74  nan
2018 7 13  nan 63.34 42.74 54.07  nan
2018 7 14  nan 57.16 44.80 52.01  nan
2018 7 15  nan 57.16 42.74 46.86  nan
2018 7 16  nan 55.10 40.68 46.86  nan
2018 7 17  nan 55.10 39.65 44.80  nan
2018 7 18  nan 59.22 38.62 48.92  nan
2018 7 19  nan 61.28 45.83 52.01  nan
2018 7 20  nan 62.31 45.83 53.04  nan
2018 7 21  nan 69.52 49.95 59.22  nan
2018 7 22  nan 73.64 57.16 65.40  nan
2018 7 23  nan 75.70 59.22 66.43  nan
2018 7 24  nan 73.64 58.19 65.40  nan
2018 7 25  nan 75.70 57.16 65.40  nan
2018 7 26  nan 68.49 55.10 61.28  nan
2018 7 27  nan 67.46 54.07 59.22  nan
2018 7 28  nan 63.34 50.98 55.10  nan
2018 7 29  nan 70.55 50.98 60.25  nan
2018 7 30  nan 72.61 56.13 63.34  nan
2018 7 31  nan 70.55 55.10 61.28  nan
2018 8 1  nan 72.61 52.01 62.31  nan
2018 8 2  nan 62.31 48.92 55.10  nan
2018 8 3  nan 62.31 48.92 53.04  nan
2018 8 4  nan 55.10 47.89 49.95  nan
2018 8 5  nan 54.07 47.89 50.98  nan
2018 8 6  nan 54.07 43.77 47.89  nan
2018 8 7  nan 52.01 41.71 45.83  nan
2018 8 8  nan 46.86 35.53 40.68  nan
2018 8 9  nan 48.92 33.47 40.68  nan
2018 8 10  nan 54.07 34.50 42.74  nan
2018 8 11  nan 60.25 42.74 50.98  nan
2018 8 12  nan 57.16 45.83 50.98  nan
2018 8 13  nan 59.22 43.77 50.98  nan
2018 8 14  nan 49.95 40.68 44.80  nan
2018 8 15  nan 52.01 40.68 44.80  nan
2018 8 16  nan 52.01 38.62 43.77  nan
2018 8 17  nan 47.89 37.59 42.74  nan
2018 8 18  nan 57.16 41.71 47.89  nan
2018 8 19  nan 60.25 41.71 50.98  nan
2018 8 20  nan 62.31 47.89 53.04  nan
2018 8 21  nan 50.98 39.65 48.92  nan
2018 8 22  nan 39.65 31.41 33.47  nan
2018 8 23  nan 54.07 30.38 41.71  nan
2018 8 24  nan 48.92 39.65 42.74  nan
2018 8 25  nan 47.89 38.62 41.71  nan
2018 8 26  nan 53.04 39.65 44.80  nan
2018 8 27  nan 55.10 40.68 45.83  nan
2018 8 28  nan 47.89 36.56 41.71  nan
2018 8 29  nan 47.89 36.56 39.65  nan
2018 8 30  nan 42.74 35.53 39.65  nan
2018 8 31  nan 43.77 31.41 35.53  nan
2018 9 1  nan 44.80 29.35 35.53  nan
2018 9 2  nan 45.83 35.53 39.65  nan
2018 9 3  nan 48.92 34.50 40.68  nan
2018 9 4  nan 46.86 36.56 40.68  nan
2018 9 5  nan 45.83 34.50 39.65  nan
2018 9 6  nan 41.71 34.50 37.59  nan
2018 9 7  nan 43.77 29.35 36.56  nan
2018 9 8  nan 45.83 26.26 35.53  nan
2018 9 9  nan 49.95 33.47 40.68  nan
2018 9 10  nan 49.95 33.47 41.71  nan
2018 9 11  nan 45.83 36.56 40.68  nan
2018 9 12  nan 42.74 37.59 40.68  nan
2018 9 13  nan 44.80 29.35 38.62  nan
2018 9 14  nan 43.77 25.23 34.50  nan
2018 9 15  nan 45.83 33.47 38.62  nan
2018 9 16  nan 44.80 33.47 38.62  nan
2018 9 17  nan 48.92 32.44 39.65  nan
2018 9 18  nan 47.89 35.53 40.68  nan
2018 9 19  nan 45.83 37.59 40.68  nan
2018 9 20  nan 48.92 36.56 40.68  nan
2018 9 21  nan 46.86 34.50 39.65  nan
2018 9 22  nan 39.65 34.50 37.59  nan
2018 9 23  nan 47.89 34.50 38.62  nan
2018 9 24  nan 42.74 35.53 38.62  nan
2018 9 25  nan 46.86 33.47 37.59  nan
2018 9 26  nan 42.74 30.38 33.47  nan
2018 9 27  nan 36.56 26.26 31.41  nan
2018 9 28  nan 37.59 28.32 31.41  nan
2018 9 29  nan 42.74 28.32 34.50  nan
2018 9 30  nan 50.98 34.50 40.68  nan
