2016 9 23  nan 57.16 30.38 41.71  nan
2016 9 24  nan 48.92 30.38 37.59 0.00
2016 9 25  nan 55.10 32.44 41.71 0.00
2016 9 26  nan 60.25 32.44 43.77 0.00
2016 9 27  nan 62.31 40.68 48.92 0.00
2016 9 28  nan 63.34 43.77 52.01 0.00
2016 9 29  nan 60.25 42.74 48.92 0.00
2016 9 30 0.00  nan  nan  nan 0.00
2016 10 1 0.00 58.19 39.65 45.83 0.00
2016 10 2 0.10 61.28 40.68 47.89 0.00
2016 10 3 0.00 53.04 31.41 42.74 0.00
2016 10 4 0.00 46.86 27.29 35.53 0.00
2016 10 5 0.00 52.01 31.41 40.68 0.00
2016 10 6 0.00 50.98 32.44 38.62 0.00
2016 10 7 0.00 55.10 33.47 41.71 0.00
2016 10 8 0.30 48.92 36.56 41.71 0.00
2016 10 9 0.00 48.92 35.53 40.68 0.00
2016 10 10 0.00 58.19 36.56 45.83 0.00
2016 10 11 0.00 59.22 41.71 47.89 0.00
2016 10 12 0.00 59.22 39.65 46.86 0.00
2016 10 13 0.00 60.25 40.68 47.89 0.00
2016 10 14 0.00 63.34 40.68 49.95 0.00
2016 10 15 0.00 64.37 40.68 49.95 0.00
2016 10 16 0.00 63.34 42.74 49.95 0.00
2016 10 17 0.00 61.28 40.68 48.92 0.00
2016 10 18 0.00 60.25 38.62 47.89 0.00
2016 10 19 0.00 56.13 33.47 42.74 0.00
2016 10 20 0.00 55.10 31.41 40.68 0.00
2016 10 21 0.10 60.25 37.59 46.86 0.00
2016 10 22 0.00 62.31 41.71 48.92 0.00
2016 10 23 0.00 61.28 42.74 48.92 0.00
2016 10 24 0.10 61.28 43.77 49.95 0.00
2016 10 25 0.00 53.04 35.53 41.71 0.00
2016 10 26 0.00 60.25 35.53 45.83 0.00
2016 10 27 0.00 61.28 39.65 48.92 0.00
2016 10 28 0.00 61.28 43.77 48.92 0.00
2016 10 29 0.00 57.16 40.68 45.83 0.00
2016 10 30 0.00 57.16 41.71 47.89 0.00
2016 10 31 0.00 55.10 38.62 44.80 0.00
2016 11 1 0.00 49.95 36.56 40.68 0.00
2016 11 2 0.00 54.07 33.47 40.68 0.00
2016 11 3 0.00 50.98 33.47 40.68 0.00
2016 11 4 0.20 38.62 33.47 36.56 0.00
2016 11 5 0.40 41.71 33.47 36.56 0.00
2016 11 6 0.00 42.74 32.44 35.53 0.00
2016 11 7 0.00 50.98 31.41 38.62 0.00
2016 11 8 0.00 50.98 32.44 38.62 0.00
2016 11 9 0.00 54.07 30.38 39.65 0.00
2016 11 10 0.00 53.04 31.41 38.62 0.00
2016 11 11 0.00  nan  nan  nan 0.00
2016 11 12 0.00  nan  nan  nan 0.00
2016 11 13 0.00 47.89 30.38 36.56 0.00
2016 11 14 0.00 53.04 33.47 40.68 0.00
2016 11 15 0.00 60.25 37.59 46.86 0.00
2016 11 16 0.00 50.98 37.59 42.74 0.00
2016 11 17 0.00 39.65 14.93 27.29 0.00
2016 11 18 0.00 41.71 13.90 26.26 0.00
2016 11 19 0.00 49.95 29.35 37.59 0.00
2016 11 20 0.00 54.07 36.56 42.74 0.00
2016 11 21 0.70 37.59 25.23 31.41 0.00
2016 11 22 0.10 31.41 23.17 26.26 0.60
2016 11 23 0.00 42.74 21.11 28.32 0.70
2016 11 24 0.00 37.59 19.05 27.29 0.70
2016 11 25 0.00 39.65 22.14 28.32 0.70
2016 11 26 0.10 40.68 24.20 31.41 0.70
2016 11 27 0.40 31.41 16.99 22.14 0.80
2016 11 28 0.30 21.11 13.90 16.99 1.20
2016 11 29 0.00 26.26 7.72 13.90 1.50
2016 11 30 0.00 22.14 4.63 11.84 1.50
2016 12 1 0.10 33.47 10.81 19.05 1.50
2016 12 2 0.10 27.29 18.02 20.08 1.60
2016 12 3 0.00 36.56 12.87 22.14 1.70
2016 12 4 0.00 42.74 12.87 27.29 1.70
2016 12 5 0.00 40.68 22.14 29.35 1.70
2016 12 6 0.00 25.23 20.08 23.17 1.70
2016 12 7 0.00 27.29 11.84 19.05 1.70
2016 12 8 0.00 33.47 13.90 23.17 1.70
2016 12 9 0.10 39.65 23.17 30.38 1.70
2016 12 10 0.00 44.80 28.32 34.50 1.80
2016 12 11 0.00 37.59 25.23 29.35 1.80
2016 12 12 0.00 37.59 25.23 30.38 1.70
2016 12 13 0.10 39.65 23.17 30.38 1.70
2016 12 14 0.00 43.77 29.35 34.50 1.70
2016 12 15 0.10 46.86 31.41 36.56 1.70
2016 12 16 0.90 34.50 28.32 31.41 1.80
2016 12 17 0.20 30.38 1.54 14.93 2.70
2016 12 18 0.00 23.17 1.54 10.81 2.90
2016 12 19 0.20 39.65 8.75 23.17 2.90
2016 12 20 0.00 43.77 21.11 31.41 3.10
2016 12 21 0.10 47.89 29.35 36.56 3.10
2016 12 22 0.90 32.44 24.20 29.35 3.20
2016 12 23 0.00 32.44 22.14 26.26 4.10
2016 12 24 0.40 35.53 22.14 28.32 4.10
2016 12 25 0.10 22.14 6.69 11.84 4.50
2016 12 26 0.10 30.38 3.60 15.96 4.60
2016 12 27 0.00 41.71 23.17 29.35 4.70
2016 12 28 0.00 38.62 24.20 28.32 4.70
2016 12 29 0.00 43.77 24.20 31.41 4.70
2016 12 30 0.00 43.77 25.23 32.44 4.70
2016 12 31 0.10 29.35 24.20 26.26 4.70
2017 1 1 0.20 30.38 22.14 24.20 4.80
2017 1 2 0.10 28.32 19.05 22.14 5.00
2017 1 3 0.00 30.38 18.02 22.14 5.10
2017 1 4 0.10 31.41 20.08 25.23 5.10
2017 1 5 0.80 29.35 25.23 27.29 5.20
2017 1 6 0.00 25.23 5.66 12.87 6.00
2017 1 7 0.20 34.50 8.75 22.14 6.00
2017 1 8 0.20 40.68 22.14 32.44 6.00
2017 1 9 0.10 40.68 25.23 33.47 6.20
2017 1 10 0.00 36.56 22.14 28.32 6.20
2017 1 11 0.00 34.50 25.23 29.35 6.20
2017 1 12 0.00 39.65 22.14 29.35 6.20
2017 1 13 0.00 35.53 31.41 32.44 6.20
2017 1 14 0.10 43.77 29.35 33.47 6.20
2017 1 15 1.20 36.56 26.26 29.35 6.30
2017 1 16 0.10 32.44 24.20 26.26 7.50
2017 1 17 0.00 33.47 19.05 24.20 7.50
2017 1 18 0.00 29.35 18.02 22.14 7.50
2017 1 19 0.10 35.53 18.02 23.17 7.40
2017 1 20 0.50 24.20 16.99 19.05 7.50
2017 1 21 0.90 22.14 14.93 20.08 8.00
2017 1 22 0.20 29.35 10.81 19.05 8.90
2017 1 23 0.60 30.38 19.05 24.20 9.00
2017 1 24 0.40 19.05 8.75 13.90 9.60
2017 1 25 0.00 20.08 1.54 7.72 10.00
2017 1 26 0.00 12.87 -1.55 5.66 9.90
2017 1 27 0.00 23.17 -2.58 6.69 9.80
2017 1 28 0.00 34.50 8.75 20.08 9.80
2017 1 29 0.10 43.77 16.99 27.29 10.00
2017 1 30 0.00 46.86 22.14 31.41 10.10
2017 1 31 0.10 44.80 26.26 32.44 10.10
2017 2 1 0.00 46.86 27.29 34.50 10.10
2017 2 2 0.00 42.74 27.29 32.44 10.10
2017 2 3 0.00 39.65 27.29 31.41 10.00
2017 2 4 0.00 43.77 25.23 31.41 9.90
2017 2 5 0.00 46.86 29.35 35.53 9.80
2017 2 6 0.10 34.50 25.23 28.32 9.80
2017 2 7 0.10 38.62 25.23 30.38 9.80
2017 2 8 0.00 43.77 29.35 34.50 9.80
2017 2 9 0.10 52.01 30.38 39.65 9.70
2017 2 10 0.00 54.07 37.59 42.74 9.50
2017 2 11 0.00 48.92 34.50 39.65 9.40
2017 2 12 0.00 36.56 21.11 29.35 9.40
2017 2 13 0.10 34.50 18.02 26.26 9.40
2017 2 14 0.00 36.56 18.02 25.23 9.40
2017 2 15 0.00 40.68 16.99 28.32 9.40
2017 2 16 0.00 49.95 24.20 34.50 9.40
2017 2 17 0.00 40.68 26.26 31.41 9.40
2017 2 18 0.00 43.77 27.29 33.47 9.40
2017 2 19 0.40 34.50 24.20 27.29 9.40
2017 2 20 0.00 41.71 23.17 29.35 9.60
2017 2 21 0.00 50.98 28.32 36.56 9.80
2017 2 22 0.00 38.62 30.38 34.50 9.70
2017 2 23 0.00 31.41 10.81 23.17 9.70
2017 2 24 0.00 26.26 7.72 13.90 9.70
2017 2 25 0.00 29.35 7.72 18.02 9.70
2017 2 26 0.00 27.29 11.84 18.02 9.70
2017 2 27 0.00 32.44 19.05 24.20 9.70
2017 2 28 0.60 26.26 15.96 22.14 9.70
2017 3 1 0.20 36.56 7.72 19.05 10.30
2017 3 2 0.20 44.80 15.96 27.29 10.50
2017 3 3 0.00 44.80 24.20 31.41 10.70
2017 3 4 0.30 47.89 28.32 35.53 10.70
2017 3 5 0.00 41.71 28.32 34.50 11.00
2017 3 6 0.00 30.38 12.87 23.17 11.10
2017 3 7 0.00 40.68 11.84 26.26 11.10
2017 3 8 0.10 50.98 28.32 36.56 11.10
2017 3 9 0.10 53.04 32.44 40.68 10.20
2017 3 10 0.00 55.10 34.50 42.74 9.40
2017 3 11 0.00 52.01 29.35 40.68 8.70
2017 3 12 0.00 48.92 28.32 37.59 8.30
2017 3 13 0.20 50.98 30.38 39.65 8.30
2017 3 14 0.00 54.07 31.41 41.71 7.70
2017 3 15 0.00 59.22 35.53 44.80 7.10
2017 3 16 0.00 55.10 37.59 43.77 6.20
2017 3 17 0.00 56.13 35.53 44.80 5.60
2017 3 18 0.00 59.22 38.62 46.86 5.10
2017 3 19 0.00  nan  nan  nan 4.30
2017 3 20 0.00  nan  nan  nan 3.50
2017 3 21 0.00  nan  nan  nan 3.00
2017 3 22 0.00 55.10 37.59 45.83 2.30
2017 3 23 0.50 45.83 22.14 32.44 1.40
2017 3 24 0.00 43.77 23.17 31.41 1.90
2017 3 25 0.20 48.92 27.29 36.56 1.90
2017 3 26 0.20 42.74 26.26 31.41 1.90
2017 3 27 0.20 46.86 28.32 34.50 1.80
2017 3 28 0.50 35.53 26.26 28.32 1.60
2017 3 29 0.30 42.74 27.29 31.41 2.10
2017 3 30 0.10 49.95 27.29 38.62 2.40
2017 3 31 0.00 40.68 23.17 31.41 2.10
2017 4 1 0.70 31.41 19.05 24.20 2.10
2017 4 2 0.00 41.71 18.02 29.35 2.50
2017 4 3 0.00 39.65 27.29 31.41 2.60
2017 4 4 0.00 31.41 12.87 22.14 2.70
2017 4 5 0.70 44.80 12.87 30.38 3.00
2017 4 6 0.00 52.01 30.38 40.68 2.40
2017 4 7 0.00 54.07 34.50 43.77 1.80
2017 4 8 0.00 50.98 34.50 41.71 1.60
2017 4 9 0.00 42.74 27.29 34.50 1.20
2017 4 10 0.00 45.83 25.23 35.53 0.80
2017 4 11 0.10 49.95 31.41 41.71 0.60
2017 4 12 0.00 56.13 36.56 44.80 0.00
2017 4 13 0.00 56.13 38.62 45.83 0.00
2017 4 14 0.00 56.13 35.53 45.83 0.00
2017 4 15 0.00 55.10 33.47 42.74 0.00
2017 4 16 0.00 58.19 35.53 45.83 0.00
2017 4 17 0.00 57.16 38.62 46.86 0.00
2017 4 18 0.00 60.25 38.62 47.89 0.00
2017 4 19 0.00 58.19 34.50 44.80 0.00
2017 4 20 0.00 52.01 35.53 42.74 0.00
2017 4 21 0.00 52.01 31.41 39.65 0.00
2017 4 22 0.00 54.07 28.32 38.62 0.00
2017 4 23 0.00 57.16 27.29 43.77 0.00
2017 4 24 0.10 55.10 35.53 44.80 0.00
2017 4 25 0.00 38.62 23.17 30.38 0.00
2017 4 26 0.20 39.65 21.11 31.41 0.00
2017 4 27 0.00 40.68 24.20 32.44 0.00
2017 4 28 0.40 33.47 21.11 24.20 0.00
2017 4 29 0.80 31.41 18.02 22.14 0.40
2017 4 30 0.10 41.71 21.11 30.38 0.80
2017 5 1 0.00 47.89 28.32 37.59 0.00
2017 5 2 0.00 55.10 35.53 43.77 0.00
2017 5 3 0.00 56.13 29.35 42.74 0.00
2017 5 4 0.00 61.28 35.53 47.89 0.00
2017 5 5 0.10 66.43 40.68 52.01 0.00
2017 5 6 0.00 64.37 44.80 52.01 0.00
2017 5 7 0.00 57.16 42.74 48.92 0.00
2017 5 8 0.00 57.16 35.53 46.86 0.00
2017 5 9 0.10 43.77 32.44 37.59 0.00
2017 5 10 0.40 38.62 29.35 32.44 0.00
2017 5 11 0.10 55.10 30.38 40.68 0.00
2017 5 12 0.00 58.19 38.62 47.89 0.00
2017 5 13 0.00 60.25 41.71 49.95  nan
2017 5 14 0.00 58.19 40.68 48.92  nan
2017 5 15 0.00 57.16 37.59 46.86  nan
2017 5 16 0.00 47.89 28.32 34.50  nan
2017 5 17 0.20 48.92 24.20 36.56  nan
2017 5 18 0.00 40.68 24.20 30.38  nan
2017 5 19 0.00 42.74 24.20 30.38  nan
2017 5 20 0.10 53.04 24.20 37.59  nan
2017 5 21 0.00 58.19 35.53 44.80  nan
2017 5 22 0.00  nan  nan  nan  nan
2017 5 23 0.00  nan  nan  nan  nan
2017 5 24 0.00 65.40 36.56 52.01 0.00
2017 5 25 0.00 63.34 43.77 52.01 0.00
2017 5 26 0.00 60.25 39.65 48.92 0.00
2017 5 27 0.00 59.22 35.53 46.86 0.00
2017 5 28 0.00 60.25 37.59 46.86 0.00
2017 5 29 0.00 60.25 39.65 46.86 0.00
2017 5 30 0.00 59.22 36.56 45.83 0.00
2017 5 31 0.00 54.07 39.65 44.80 0.00
2017 6 1 0.10 59.22 40.68 45.83 0.00
2017 6 2 0.00 59.22 40.68 48.92 0.00
2017 6 3 0.00 65.40 41.71 52.01 0.00
2017 6 4 0.00 68.49 43.77 54.07 0.00
2017 6 5 0.00 70.55 45.83 57.16 0.00
2017 6 6 0.30 64.37 42.74 53.04 0.00
2017 6 7 0.00 68.49 44.80 53.04 0.00
2017 6 8 0.00 69.52 45.83 56.13 0.00
2017 6 9 0.00 70.55 48.92 59.22 0.00
2017 6 10 0.00 71.58 47.89 58.19 0.00
2017 6 11 0.00 68.49 45.83 56.13 0.00
2017 6 12 0.00 68.49 45.83 55.10 0.00
2017 6 13 0.00 60.25 39.65 48.92 0.00
2017 6 14 0.00 69.52 42.74 56.13 0.00
2017 6 15 0.00 73.64 48.92 60.25 0.00
2017 6 16 0.00 75.70 49.95 61.28 0.00
2017 6 17 0.00 77.76 53.04 64.37 0.00
2017 6 18 0.00 77.76 55.10 63.34 0.00
2017 6 19 0.00 77.76 54.07 62.31 0.00
2017 6 20 0.00 78.79 54.07 64.37 0.00
2017 6 21 0.00 79.82 54.07 65.40 0.00
2017 6 22 0.00 76.73 56.13 65.40 0.00
2017 6 23 0.00 77.76 48.92 63.34 0.00
2017 6 24 0.00 74.67 46.86 58.19 0.00
2017 6 25 0.00 70.55 46.86 55.10 0.00
2017 6 26 0.00 71.58 45.83 55.10 0.00
2017 6 27 0.00 72.61 48.92 59.22 0.00
2017 6 28 0.00 72.61 49.95 60.25 0.00
2017 6 29 0.00 73.64 48.92 59.22 0.00
2017 6 30 0.00 73.64 50.98 61.28 0.00
2017 7 1 0.00 68.49 46.86 55.10 0.00
2017 7 2 0.00 71.58 49.95 59.22 0.00
2017 7 3 0.00 73.64 50.98 60.25 0.00
2017 7 4 0.00 73.64 54.07 62.31 0.00
2017 7 5 0.00 74.67 52.01 62.31 0.00
2017 7 6 0.00 77.76 54.07 62.31 0.00
2017 7 7 0.00 70.55 53.04 59.22 0.00
2017 7 8 0.00 69.52 52.01 57.16 0.00
2017 7 9 0.10 73.64 49.95 58.19 0.00
2017 7 10 0.10 76.73 49.95 59.22 0.00
2017 7 11 0.00 72.61 50.98 59.22 0.00
2017 7 12 0.30 71.58 46.86 56.13 0.00
2017 7 13 0.00 67.46 47.89 55.10 0.00
2017 7 14 0.20 61.28 47.89 53.04 0.00
2017 7 15 0.20 65.40 48.92 55.10 0.00
2017 7 16 0.00 63.34 48.92 55.10 0.00
2017 7 17 0.00 67.46 49.95 56.13 0.00
2017 7 18 0.10 68.49 49.95 57.16 0.00
2017 7 19 0.00 72.61 50.98 60.25 0.00
2017 7 20 0.00 69.52 48.92 58.19 0.00
2017 7 21 0.00 70.55 49.95 58.19 0.00
2017 7 22 0.00 68.49 48.92 55.10 0.00
2017 7 23 0.10 63.34 48.92 55.10 0.00
2017 7 24 0.10 64.37 48.92 56.13 0.00
2017 7 25 0.00 66.43 50.98 56.13 0.00
2017 7 26 0.00 72.61 50.98 59.22 0.00
2017 7 27 0.60 66.43 48.92 55.10 0.00
2017 7 28 0.40 62.31 48.92 53.04 0.00
2017 7 29 0.20 65.40 48.92 53.04 0.00
2017 7 30 0.50 62.31 47.89 50.98 0.00
2017 7 31 0.40 60.25 46.86 49.95 0.00
2017 8 1 0.00 66.43 45.83 54.07 0.00
2017 8 2 0.00 70.55 46.86 56.13 0.00
2017 8 3 0.00 68.49 48.92 56.13 0.00
2017 8 4 0.40 64.37 46.86 50.98 0.00
2017 8 5 0.20 62.31 46.86 52.01 0.00
2017 8 6 0.10 66.43 47.89 54.07 0.00
2017 8 7 0.00 68.49 47.89 55.10 0.00
2017 8 8 0.00 67.46 47.89 55.10 0.00
2017 8 9 0.00 71.58 49.95 58.19 0.00
2017 8 10 0.00 72.61 50.98 59.22 0.00
2017 8 11 0.00 57.16 47.89 50.98 0.00
2017 8 12 0.20 67.46 45.83 55.10 0.00
2017 8 13 0.00 68.49 49.95 57.16 0.00
2017 8 14 0.00 66.43 47.89 55.10 0.00
2017 8 15 0.00 63.34 44.80 52.01 0.00
2017 8 16 0.00 67.46 44.80 54.07 0.00
2017 8 17 0.00 66.43 50.98 56.13 0.00
2017 8 18 0.10 70.55 50.98 58.19 0.00
2017 8 19 0.00 66.43 52.01 57.16 0.00
2017 8 20 0.00 62.31 45.83 54.07 0.00
2017 8 21 0.10 59.22 44.80 48.92 0.00
2017 8 22 0.20 64.37 43.77 50.98 0.00
2017 8 23 0.10 63.34 46.86 53.04 0.00
2017 8 24 0.00 55.10 45.83 49.95 0.00
2017 8 25 0.10 68.49 44.80 54.07 0.00
2017 8 26 0.00 70.55 47.89 56.13 0.00
2017 8 27 0.00 69.52 47.89 57.16 0.00
2017 8 28 0.00 70.55 49.95 57.16 0.00
2017 8 29 0.00 70.55 47.89 55.10 0.00
2017 8 30 0.00 68.49 46.86 56.13 0.00
2017 8 31 0.00 65.40 48.92 55.10 0.00
2017 9 1 0.00 65.40 48.92 54.07 0.00
2017 9 2 0.00 69.52 47.89 57.16 0.00
2017 9 3 0.00 73.64 50.98 59.22 0.00
2017 9 4 0.00 72.61 54.07 59.22 0.00
2017 9 5 0.00 67.46 49.95 57.16 0.00
2017 9 6 0.00 69.52 48.92 57.16 0.00
2017 9 7 0.00 64.37 47.89 53.04 0.00
2017 9 8 0.00 65.40 45.83 54.07 0.00
2017 9 9 0.00 66.43 46.86 55.10 0.00
2017 9 10 0.00 66.43 47.89 55.10 0.00
2017 9 11 0.00 68.49 49.95 56.13 0.00
2017 9 12 0.00 71.58 50.98 57.16 0.00
2017 9 13 0.00 71.58 48.92 58.19 0.00
2017 9 14 0.00 64.37 44.80 52.01 0.00
2017 9 15 0.00 61.28 42.74 49.95 0.00
2017 9 16 0.00 61.28 40.68 49.95 0.00
2017 9 17 0.00 60.25 44.80 48.92 0.00
2017 9 18 0.00 63.34 44.80 52.01 0.00
2017 9 19 0.10 63.34 40.68 50.98 0.00
2017 9 20 0.00 65.40 41.71 52.01 0.00
2017 9 21 0.00 65.40 41.71 53.04 0.00
2017 9 22 0.00 57.16 46.86 52.01 0.00
2017 9 23 0.00 56.13 36.56 44.80 0.00
2017 9 24 0.00 53.04 33.47 41.71 0.00
2017 9 25 0.00 56.13 36.56 43.77 0.00
2017 9 26 0.40 52.01 34.50 40.68 0.00
2017 9 27 1.50 42.74 33.47 37.59 0.00
2017 9 28 0.30 46.86 36.56 41.71 0.00
2017 9 29 0.20 50.98 39.65 42.74 0.00
2017 9 30 0.20 45.83 38.62 41.71 0.00
2017 10 1 0.00 55.10 36.56 45.83 0.00
2017 10 2 0.20 56.13 41.71 47.89 0.00
2017 10 3 0.20 60.25 39.65 48.92 0.00
2017 10 4 0.10 57.16 46.86 49.95 0.00
2017 10 5 0.10 55.10 45.83 48.92 0.00
2017 10 6 0.00 52.01 34.50 42.74 0.00
2017 10 7 0.40 61.28 32.44 45.83 0.00
2017 10 8 0.00 59.22 39.65 46.86 0.00
2017 10 9 0.00 40.68 24.20 33.47 0.00
2017 10 10 0.10 52.01 23.17 36.56 0.00
2017 10 11 0.10 59.22 33.47 44.80 0.00
2017 10 12 0.00 58.19 40.68 47.89 0.00
2017 10 13 0.00 59.22 39.65 47.89 0.00
2017 10 14 0.00 57.16 34.50 43.77 0.00
2017 10 15 0.00 60.25 36.56 46.86 0.00
2017 10 16 0.00 59.22 40.68 47.89 0.00
2017 10 17 0.00 60.25 39.65 46.86 0.00
2017 10 18 0.00 59.22 39.65 46.86 0.00
2017 10 19 0.00 58.19 39.65 46.86 0.00
2017 10 20 0.00 53.04 36.56 43.77 0.00
2017 10 21 0.00 44.80 28.32 35.53 0.00
2017 10 22 0.00 53.04 28.32 40.68 0.00
2017 10 23 0.00 58.19 37.59 45.83 0.00
2017 10 24 0.00 57.16 36.56 42.74 0.00
2017 10 25 0.00 57.16 37.59 44.80 0.00
2017 10 26 0.00 56.13 29.35 42.74 0.00
2017 10 27 0.00 47.89 27.29 34.50 0.00
2017 10 28 0.00 49.95 29.35 37.59 0.00
2017 10 29 0.00 56.13 34.50 42.74 0.00
2017 10 30 0.00 49.95 26.26 37.59 0.00
2017 10 31 0.00 44.80 26.26 34.50 0.00
2017 11 1 0.00 50.98 34.50 39.65 0.00
2017 11 2 0.00 52.01 29.35 38.62 0.00
2017 11 3 0.00 52.01 31.41 39.65 0.00
2017 11 4 0.00 47.89 37.59 40.68 0.00
2017 11 5 0.00 47.89 32.44 37.59 0.00
2017 11 6 0.00 46.86 29.35 36.56 0.00
2017 11 7 0.00 35.53 32.44 33.47 0.00
2017 11 8 0.00 42.74 24.20 33.47 0.00
2017 11 9 0.00 50.98 35.53 40.68 0.00
2017 11 10 0.00 54.07 33.47 41.71 0.00
2017 11 11 0.00 49.95 32.44 38.62 0.00
2017 11 12 0.00 50.98 34.50 40.68 0.00
2017 11 13 0.00 54.07 37.59 43.77 0.00
2017 11 14 0.00 53.04 33.47 42.74 0.00
2017 11 15 0.00 45.83 33.47 38.62 0.00
2017 11 16 0.00 52.01 33.47 42.74 0.00
2017 11 17 0.00 42.74 25.23 36.56 0.00
2017 11 18 0.00 40.68 15.96 28.32 0.00
2017 11 19 0.00 45.83 28.32 34.50 0.00
2017 11 20 0.00 45.83 28.32 35.53 0.00
2017 11 21 0.00 50.98 31.41 38.62 0.00
2017 11 22 0.00 55.10 31.41 40.68 0.00
2017 11 23 0.00 57.16 37.59 44.80 0.00
2017 11 24 0.00 55.10 35.53 44.80 0.00
2017 11 25 0.00 53.04 35.53 42.74 0.00
2017 11 26 0.00 57.16 38.62 45.83 0.00
2017 11 27 0.00 54.07 38.62 44.80 0.00
2017 11 28 0.00 41.71 27.29 32.44 0.00
2017 11 29 0.00 48.92 29.35 36.56 0.00
2017 11 30 0.00 40.68 33.47 36.56 0.00
2017 12 1 0.00 43.77 31.41 35.53 0.00
2017 12 2 0.00 47.89 31.41 36.56 0.00
2017 12 3 0.00 40.68 31.41 35.53 0.00
2017 12 4 0.00 34.50 21.11 27.29 0.00
2017 12 5 0.00 37.59 20.08 26.26 0.00
2017 12 6 0.00 34.50 8.75 22.14 0.00
2017 12 7 0.00 20.08 5.66 11.84 0.00
2017 12 8 0.00 38.62 13.90 26.26 0.00
2017 12 9 0.00 44.80 24.20 32.44 0.00
2017 12 10 0.00 47.89 27.29 34.50 0.00
2017 12 11 0.00 50.98 29.35 37.59 0.00
2017 12 12 0.00 52.01 32.44 38.62 0.00
2017 12 13 0.00 50.98 29.35 36.56 0.00
2017 12 14 0.00 31.41 18.02 24.20 0.00
2017 12 15 0.30 40.68 15.96 29.35 0.00
2017 12 16 0.00 45.83 24.20 33.47 0.30
2017 12 17 0.00 40.68 23.17 28.32 0.30
2017 12 18 0.00 42.74 22.14 29.35 0.30
2017 12 19 0.00 42.74 20.08 29.35 0.30
2017 12 20 0.00 40.68 27.29 32.44 0.30
2017 12 21 0.00 29.35 11.84 22.14 0.30
2017 12 22 0.00 27.29 5.66 15.96 0.30
2017 12 23 0.00 38.62 16.99 27.29 0.30
2017 12 24 0.00 40.68 22.14 29.35 0.30
2017 12 25 0.00 41.71 27.29 32.44 0.30
2017 12 26 0.00 44.80 27.29 32.44 0.30
2017 12 27 0.00 45.83 26.26 32.44 0.30
2017 12 28 0.00 44.80 30.38 34.50 0.30
2017 12 29 0.00 47.89 29.35 36.56 0.30
2017 12 30 0.00 52.01 32.44 39.65 0.30
2017 12 31 0.00 44.80 29.35 34.50 0.30
2018 1 1 0.00 43.77 26.26 32.44 0.30
2018 1 2 0.00 40.68 24.20 29.35 0.30
2018 1 3 0.00 44.80 28.32 33.47 0.30
2018 1 4 0.00 42.74 27.29 33.47 0.30
2018 1 5 0.00 44.80 29.35 34.50 0.30
2018 1 6 0.00 46.86 28.32 34.50 0.30
2018 1 7 0.00 37.59 23.17 28.32 0.30
2018 1 8 0.00 52.01 32.44 38.62 0.30
2018 1 9 0.00 47.89 32.44 37.59 0.30
2018 1 10 0.00 33.47 23.17 27.29 0.30
2018 1 11 0.00 31.41 14.93 22.14 0.30
2018 1 12 0.10 34.50 20.08 26.26 0.30
2018 1 13 0.00 41.71 19.05 28.32 0.40
2018 1 14 0.00 46.86 26.26 33.47 0.40
2018 1 15 0.00 43.77 20.08 30.38 0.40
2018 1 16 0.10 35.53 16.99 24.20 0.40
2018 1 17 0.00 41.71 20.08 28.32 0.50
2018 1 18 0.10 47.89 24.20 33.47 0.50
2018 1 19 0.00 50.98 31.41 38.62 0.60
2018 1 20 0.20 42.74 18.02 32.44 0.60
2018 1 21 0.00 18.02 5.66 12.87 0.80
2018 1 22 0.00 28.32 3.60 13.90 0.80
2018 1 23 0.00 34.50 11.84 22.14 0.80
2018 1 24 0.00 43.77 21.11 30.38 0.80
2018 1 25 0.00 39.65 24.20 29.35 0.80
2018 1 26 0.00 29.35 10.81 20.08 0.80
2018 1 27 0.00 37.59 12.87 24.20 0.80
2018 1 28 0.10 43.77 23.17 30.38 0.80
2018 1 29 0.00 46.86 27.29 34.50 0.80
2018 1 30 0.00 48.92 30.38 37.59 0.60
2018 1 31 0.00 48.92 31.41 37.59 0.60
2018 2 1 0.00 48.92 30.38 37.59 0.60
2018 2 2 0.00 47.89 31.41 36.56 0.60
2018 2 3 0.00 44.80 28.32 33.47 0.60
2018 2 4 0.00  nan  nan  nan 0.50
2018 2 5 0.00  nan  nan  nan 0.50
2018 2 6 0.00 37.59 19.05 27.29 0.50
2018 2 7 0.00 43.77 19.05 29.35 0.50
2018 2 8 0.00 46.86 28.32 34.50 0.50
2018 2 9 0.10 47.89 29.35 36.56 0.50
2018 2 10 0.00 43.77 18.02 32.44 0.60
2018 2 11 0.00 34.50 8.75 21.11 0.60
2018 2 12 0.00 33.47 20.08 27.29 0.60
2018 2 13 0.00 41.71 26.26 32.44 0.60
2018 2 14 0.20 36.56 26.26 30.38 0.60
2018 2 15 0.50 32.44 22.14 26.26 0.80
2018 2 16 0.00 31.41 19.05 24.20 1.30
2018 2 17 0.10 45.83 18.02 28.32 1.30
2018 2 18 0.10 42.74 25.23 31.41 1.40
2018 2 19 0.10 37.59 14.93 27.29 1.40
2018 2 20 0.10 19.05 6.69 11.84 1.50
2018 2 21 0.20 30.38 10.81 20.08 1.60
2018 2 22 0.30 24.20 11.84 16.99 1.70
2018 2 23 0.10 31.41 10.81 19.05 1.80
2018 2 24 0.00 26.26 6.69 12.87 1.90
2018 2 25 0.00 26.26 8.75 14.93 1.90
2018 2 26 0.00 39.65 15.96 27.29 1.90
2018 2 27 0.00 40.68 23.17 30.38 2.00
2018 2 28 0.00 31.41 16.99 22.14 2.00
2018 3 1 0.30 38.62 15.96 26.26 2.00
2018 3 2 0.00 46.86 22.14 33.47 2.30
2018 3 3 0.00 47.89 30.38 36.56 2.00
2018 3 4 0.00 43.77 12.87 29.35 1.60
2018 3 5 0.00 32.44 8.75 18.02 0.80
2018 3 6 0.00 39.65 12.87 25.23 0.60
2018 3 7 0.00 42.74 23.17 32.44 0.60
2018 3 8 0.00 47.89 29.35 35.53 0.60
2018 3 9 0.00 46.86 29.35 35.53 0.60
2018 3 10 0.00 45.83 30.38 35.53 0.60
2018 3 11 0.00 34.50 24.20 27.29 0.60
2018 3 12 0.00 39.65 24.20 29.35 0.60
2018 3 13 0.00 41.71 25.23 32.44 0.60
2018 3 14 0.00 47.89 29.35 37.59 0.60
2018 3 15 0.60 40.68 20.08 28.32 0.60
2018 3 16 0.10 39.65 13.90 26.26 1.20
2018 3 17 0.10 42.74 24.20 32.44 1.10
2018 3 18 0.20 29.35 13.90 20.08 0.60
2018 3 19 0.10 33.47 10.81 20.08 0.80
2018 3 20 0.00 38.62 14.93 27.29 0.70
2018 3 21 0.10 48.92 28.32 37.59 0.60
2018 3 22 0.10 54.07 33.47 43.77 0.60
2018 3 23 0.00 42.74 30.38 37.59 0.70
2018 3 24 0.00 45.83 28.32 36.56 0.50
2018 3 25 0.00 46.86 26.26 36.56 0.50
2018 3 26 0.00 43.77 24.20 31.41 0.50
2018 3 27 0.00 32.44 19.05 25.23 0.50
2018 3 28 0.40 40.68 16.99 27.29 1.30
2018 3 29 0.00 43.77 20.08 30.38 1.30
2018 3 30 0.20 48.92 27.29 36.56 1.00
2018 3 31 0.00 53.04 32.44 41.71 0.50
2018 4 1 0.00 46.86 34.50 40.68 0.50
2018 4 2 0.00 52.01 33.47 41.71 0.50
2018 4 3 0.00 47.89 30.38 36.56 0.50
2018 4 4 0.00 53.04 31.41 40.68 0.20
2018 4 5 0.00 48.92 30.38 39.65 0.20
2018 4 6 0.10 50.98 34.50 42.74 0.20
2018 4 7 0.00 60.25 39.65 47.89 0.30
2018 4 8 0.00 53.04 32.44 40.68 0.20
2018 4 9 0.00 49.95 28.32 36.56 0.00
2018 4 10 0.00 58.19 28.32 41.71 0.00
2018 4 11 0.00 59.22 38.62 47.89 0.00
2018 4 12 0.00 55.10 27.29 42.74 0.00
2018 4 13 0.00 31.41 13.90 22.14 0.00
2018 4 14 0.00 44.80 16.99 30.38 0.00
2018 4 15 0.00 54.07 28.32 39.65 0.00
2018 4 16 0.00 58.19 36.56 44.80 0.00
2018 4 17 0.00 49.95 23.17 37.59 0.00
2018 4 18 0.00 52.01 20.08 35.53 0.00
2018 4 19 0.00 48.92 26.26 36.56 0.00
2018 4 20 0.00 39.65 22.14 29.35 0.00
2018 4 21 0.10 49.95 22.14 34.50 0.00
2018 4 22 0.10 55.10 32.44 42.74 0.00
2018 4 23 0.00 59.22 35.53 46.86 0.00
2018 4 24 0.00 61.28 38.62 48.92 0.00
2018 4 25 0.00 56.13 35.53 43.77 0.00
2018 4 26 0.00 61.28 34.50 45.83 0.00
2018 4 27 0.00 58.19 30.38 44.80 0.00
2018 4 28 0.00 55.10 39.65 44.80 0.00
2018 4 29 0.00 59.22 39.65 47.89 0.00
2018 4 30 0.00 54.07 37.59 43.77 0.00
2018 5 1 0.00 53.04 34.50 41.71 0.00
2018 5 2 0.00 44.80 24.20 31.41 0.00
2018 5 3 0.00 42.74 24.20 31.41 0.00
2018 5 4 0.00 50.98 30.38 38.62 0.00
2018 5 5 0.20 62.31 36.56 47.89 0.00
2018 5 6 0.10 62.31 43.77 52.01 0.00
2018 5 7 0.00 66.43 46.86 54.07 0.00
2018 5 8 0.00 69.52 44.80 56.13 0.00
2018 5 9 0.00 70.55 47.89 58.19 0.00
2018 5 10 0.00 70.55 48.92 58.19 0.00
2018 5 11 0.00 66.43 45.83 55.10 0.00
2018 5 12 0.00 64.37 43.77 53.04 0.00
2018 5 13 0.00 61.28 39.65 49.95 0.00
2018 5 14 0.00 61.28 38.62 49.95 0.00
2018 5 15 0.00 63.34 42.74 52.01 0.00
2018 5 16 0.00 68.49 43.77 55.10 0.00
2018 5 17 0.00 67.46 45.83 55.10 0.00
2018 5 18 0.00 62.31 41.71 49.95 0.00
2018 5 19 0.00 63.34 40.68 50.98 0.00
2018 5 20 0.00 60.25 41.71 48.92 0.00
2018 5 21 0.30 56.13 35.53 44.80 0.00
2018 5 22 0.00 59.22 40.68 47.89 0.00
2018 5 23 0.00 63.34 42.74 52.01 0.00
2018 5 24 0.00 68.49 45.83 56.13 0.00
2018 5 25 0.00 72.61 48.92 59.22 0.00
2018 5 26 0.00 64.37 49.95 57.16 0.00
2018 5 27 0.00 66.43 42.74 55.10 0.00
2018 5 28 0.00 65.40 44.80 53.04 0.00
2018 5 29 0.00 66.43 44.80 54.07 0.00
2018 5 30 0.00 67.46 47.89 56.13 0.00
2018 5 31 0.00 70.55 47.89 59.22 0.00
2018 6 1 0.00 69.52 45.83 56.13 0.00
2018 6 2 0.00 72.61 47.89 58.19 0.00
2018 6 3 0.00 59.22 44.80 48.92 0.00
2018 6 4 0.00 73.64 45.83 59.22 0.00
2018 6 5 0.00 75.70 49.95 63.34 0.00
2018 6 6 0.00 74.67 53.04 61.28 0.00
2018 6 7 0.00 74.67 52.01 61.28 0.00
2018 6 8 0.00 75.70 53.04 62.31 0.00
2018 6 9 0.00 74.67 49.95 61.28 0.00
2018 6 10 0.00 73.64 52.01 61.28 0.00
2018 6 11 0.00 77.76 48.92 62.31 0.00
2018 6 12 0.00 79.82 55.10 65.40 0.00
2018 6 13 0.00 72.61 53.04 60.25 0.00
2018 6 14 0.00 73.64 52.01 60.25 0.00
2018 6 15 0.00 70.55 52.01 60.25 0.00
2018 6 16 0.00 56.13 45.83 48.92 0.00
2018 6 17 0.00 60.25 44.80 49.95 0.00
2018 6 18 0.10 69.52 44.80 57.16 0.00
2018 6 19 0.00 72.61 49.95 59.22 0.00
2018 6 20 0.00 76.73 47.89 61.28 0.00
2018 6 21 0.00 78.79 49.95 63.34 0.00
2018 6 22 0.00 78.79 54.07 64.37 0.00
2018 6 23 0.00 75.70 52.01 63.34 0.00
2018 6 24 0.00 75.70 52.01 61.28 0.00
2018 6 25 0.00 75.70 47.89 61.28 0.00
2018 6 26 0.00 81.88 53.04 66.43 0.00
2018 6 27 0.00 79.82 58.19 67.46 0.00
2018 6 28 0.00 79.82 57.16 66.43 0.00
2018 6 29 0.00 70.55 53.04 61.28 0.00
2018 6 30 0.00 73.64 49.95 60.25 0.00
2018 7 1 0.00 76.73 52.01 62.31 0.00
2018 7 2 0.00 74.67 52.01 62.31 0.00
2018 7 3 0.00 73.64 50.98 61.28 0.00
2018 7 4 0.00 75.70 52.01 62.31 0.00
2018 7 5 0.00 71.58 49.95 58.19 0.00
2018 7 6 0.00 69.52 49.95 57.16 0.00
2018 7 7 0.00 77.76 49.95 59.22 0.00
2018 7 8 0.00 68.49 50.98 58.19 0.00
2018 7 9 0.00 69.52 49.95 58.19 0.00
2018 7 10 0.00 70.55 49.95 57.16 0.00
2018 7 11 0.00 69.52 47.89 55.10 0.00
2018 7 12 0.00 65.40 48.92 54.07 0.00
2018 7 13 0.00 68.49 49.95 56.13 0.00
2018 7 14 0.00 69.52 48.92 56.13 0.00
2018 7 15 0.10 71.58 49.95 57.16 0.00
2018 7 16 0.30 65.40 50.98 55.10 0.00
2018 7 17 0.10 65.40 49.95 55.10 0.00
2018 7 18 0.20 77.76 54.07 63.34 0.00
2018 7 19 0.10 78.79 54.07 64.37 0.00
2018 7 20 0.00 74.67 50.98 60.25 0.00
2018 7 21 0.00 77.76 57.16 66.43 0.00
2018 7 22 0.00 81.88 58.19 66.43 0.00
2018 7 23 0.00 74.67 50.98 60.25 0.00
2018 7 24 0.00 76.73 50.98 60.25 0.00
2018 7 25 0.00 74.67 53.04 60.25 0.00
2018 7 26 0.00 67.46 49.95 56.13 0.00
2018 7 27 0.00 65.40 43.77 52.01 0.00
2018 7 28 2.40 71.58 45.83 57.16 0.00
2018 7 29 0.00 74.67 47.89 62.31 0.00
2018 7 30 0.00 72.61 49.95 59.22 0.00
2018 7 31 0.00 70.55 47.89 55.10 0.00
2018 8 1 0.00 73.64 52.01 59.22 0.00
2018 8 2 0.00 73.64 50.98 59.22 0.00
2018 8 3 0.00 69.52 52.01 59.22 0.00
2018 8 4 0.00 72.61 54.07 62.31 0.00
2018 8 5 0.00 74.67 55.10 62.31 0.00
2018 8 6 0.00 77.76 55.10 64.37 0.00
2018 8 7 0.20 73.64 55.10 63.34 0.00
2018 8 8 0.00 76.73 49.95 62.31 0.00
2018 8 9 0.00 69.52 47.89 56.13 0.00
2018 8 10 0.00 72.61 46.86 55.10 0.00
2018 8 11 0.00 70.55 45.83 54.07 0.00
2018 8 12 0.00 70.55 45.83 55.10 0.00
2018 8 13 0.00 74.67 46.86 57.16 0.00
2018 8 14 0.00 73.64 54.07 61.28 0.00
2018 8 15 0.00 69.52 50.98 57.16 0.00
2018 8 16 0.00 68.49 49.95 56.13 0.00
2018 8 17 0.00 65.40 49.95 55.10 0.00
2018 8 18 0.00 69.52 48.92 57.16 0.00
2018 8 19 0.20 71.58 49.95 59.22 0.00
2018 8 20 0.00 70.55 46.86 57.16 0.00
2018 8 21 0.00 71.58 49.95 57.16 0.00
2018 8 22 0.00 59.22 45.83 50.98 0.00
2018 8 23 0.00 66.43 46.86 55.10 0.00
2018 8 24 0.00 70.55 49.95 57.16 0.00
2018 8 25 0.20 65.40 46.86 54.07 0.00
2018 8 26 0.20 66.43 45.83 54.07 0.00
2018 8 27 0.00 66.43 46.86 55.10 0.00
2018 8 28 0.10 68.49 46.86 57.16 0.00
2018 8 29 0.10 72.61 52.01 60.25 0.00
2018 8 30 0.10 73.64 53.04 61.28 0.00
2018 8 31 0.00 70.55 45.83 57.16 0.00
2018 9 1 0.00 54.07 42.74 46.86 0.00
2018 9 2 0.10 59.22 43.77 49.95 0.00
2018 9 3 0.10 56.13 40.68 47.89 0.00
2018 9 4 0.10 62.31 45.83 50.98 0.00
2018 9 5 0.00 60.25 45.83 50.98 0.00
2018 9 6 0.10 59.22 44.80 48.92 0.00
2018 9 7 0.20 64.37 44.80 52.01 0.00
2018 9 8 0.10 68.49 44.80 54.07 0.00
2018 9 9 0.00 70.55 47.89 55.10 0.00
2018 9 10 0.10 70.55 48.92 57.16 0.00
2018 9 11 0.00 70.55 49.95 58.19 0.00
2018 9 12 0.00 69.52 49.95 58.19 0.00
2018 9 13 0.00 70.55 49.95 58.19 0.00
2018 9 14 0.00 73.64 50.98 59.22 0.00
2018 9 15 0.00 72.61 52.01 59.22 0.00
2018 9 16 0.00 72.61 49.95 59.22 0.00
2018 9 17 0.00 72.61 53.04 60.25 0.00
2018 9 18 0.00 71.58 54.07 60.25 0.00
2018 9 19 0.20 69.52 44.80 56.13 0.00
2018 9 20 0.00 59.22 42.74 48.92 0.00
2018 9 21 0.30 62.31 43.77 49.95 0.00
2018 9 22 0.10 64.37 41.71 52.01 0.00
2018 9 23 0.00 66.43 45.83 54.07 0.00
2018 9 24 0.00 66.43 44.80 53.04 0.00
2018 9 25 0.00 66.43 40.68 50.98 0.00
2018 9 26 0.00 60.25 40.68 48.92 0.00
2018 9 27 0.00 67.46 43.77 53.04 0.00
2018 9 28 0.10 69.52 45.83 56.13 0.00
2018 9 29 0.10 66.43 46.86 56.13 0.00
2018 9 30 0.10 67.46 47.89 55.10 0.00
