2013 7 10  nan 78.79 47.89 66.43  nan
2013 7 11  nan 73.64 59.22 65.40  nan
2013 7 12  nan 74.67 52.01 64.37  nan
2013 7 13  nan 76.73 46.86 64.37  nan
2013 7 14  nan 78.79 38.62 62.31  nan
2013 7 15  nan 80.85 41.71 63.34  nan
2013 7 16  nan 73.64 57.16 64.37  nan
2013 7 17  nan 80.85 35.53 60.25  nan
2013 7 18  nan 87.03 37.59 63.34  nan
2013 7 19  nan 90.12 41.71 68.49  nan
2013 7 20  nan 92.18 45.83 68.49  nan
2013 7 21  nan 91.15 45.83 71.58  nan
2013 7 22  nan 88.06 58.19 72.61  nan
2013 7 23  nan 74.67 50.98 64.37  nan
2013 7 24  nan 78.79 44.80 64.37  nan
2013 7 25  nan 82.91 46.86 62.31  nan
2013 7 26  nan 80.85 46.86 66.43  nan
2013 7 27  nan 82.91 44.80 65.40  nan
2013 7 28  nan 76.73 45.83 64.37  nan
2013 7 29  nan 75.70 45.83 63.34  nan
2013 7 30  nan 74.67 47.89 64.37  nan
2013 7 31  nan 73.64 50.98 63.34  nan
2013 8 1  nan 69.52 44.80 59.22  nan
2013 8 2  nan 72.61 29.35 55.10  nan
2013 8 3  nan 76.73 34.50 58.19  nan
2013 8 4  nan 78.79 38.62 61.28  nan
2013 8 5  nan 79.82 38.62 62.31  nan
2013 8 6  nan 82.91 39.65 63.34  nan
2013 8 7  nan 71.58 56.13 62.31  nan
2013 8 8  nan 73.64 36.56 57.16  nan
2013 8 9  nan 71.58 40.68 56.13  nan
2013 8 10  nan 68.49 40.68 58.19  nan
2013 8 11  nan 73.64 34.50 57.16  nan
2013 8 12  nan 74.67 36.56 57.16  nan
2013 8 13  nan 78.79 33.47 59.22  nan
2013 8 14  nan 80.85 38.62 63.34  nan
2013 8 15  nan 78.79 38.62 62.31  nan
2013 8 16  nan 76.73 47.89 65.40  nan
2013 8 17  nan 80.85 44.80 63.34  nan
2013 8 18  nan 86.00 39.65 64.37  nan
2013 8 19  nan 76.73 49.95 60.25  nan
2013 8 20  nan 82.91 44.80 63.34  nan
2013 8 21  nan 79.82 44.80 60.25  nan
2013 8 22  nan 72.61 39.65 58.19  nan
2013 8 23  nan 72.61 44.80 61.28  nan
2013 8 24  nan 69.52 52.01 60.25  nan
2013 8 25  nan 69.52 47.89 59.22  nan
2013 8 26  nan 71.58 42.74 59.22  nan
2013 8 27  nan 74.67 40.68 59.22  nan
2013 8 28  nan 71.58 52.01 63.34  nan
2013 8 29  nan 75.70 58.19 65.40  nan
2013 8 30  nan 78.79 45.83 66.43  nan
2013 8 31  nan 79.82 61.28 69.52  nan
2013 9 1  nan 74.67 59.22 65.40  nan
2013 9 2  nan 73.64 60.25 64.37  nan
2013 9 3  nan 74.67 50.98 64.37  nan
2013 9 4  nan 75.70 55.10 65.40  nan
2013 9 5  nan 69.52 56.13 62.31  nan
2013 9 6  nan 74.67 41.71 59.22  nan
2013 9 7  nan 75.70 35.53 57.16  nan
2013 9 8  nan 78.79 38.62 59.22  nan
2013 9 9  nan 77.76 35.53 55.10  nan
2013 9 10  nan 75.70 33.47 54.07  nan
2013 9 11  nan 77.76 38.62 58.19  nan
2013 9 12  nan 71.58 41.71 56.13  nan
2013 9 13  nan 71.58 40.68 55.10  nan
2013 9 14  nan 77.76 38.62 58.19  nan
2013 9 15  nan 73.64 43.77 62.31  nan
2013 9 16  nan 71.58 49.95 62.31  nan
2013 9 17  nan 61.28 33.47 54.07  nan
2013 9 18  nan 62.31 26.26 41.71  nan
2013 9 19  nan 69.52 26.26 44.80  nan
2013 9 20  nan 68.49 33.47 54.07  nan
2013 9 21  nan 53.04 35.53 44.80  nan
2013 9 22  nan 57.16 29.35 42.74  nan
2013 9 23  nan 67.46 28.32 49.95  nan
2013 9 24  nan 59.22 42.74 53.04  nan
2013 9 25  nan 48.92 31.41 39.65  nan
2013 9 26  nan 43.77 26.26 34.50  nan
2013 9 27  nan 55.10 20.08 35.53  nan
2013 9 28  nan 62.31 27.29 49.95  nan
2013 9 29  nan 58.19 47.89 52.01  nan
2013 9 30  nan 58.19 46.86 50.98  nan
2013 10 1 0.00 61.28 32.44 52.01 0.00
2013 10 2 0.00 58.19 26.26 43.77 0.00
2013 10 3 0.00 47.89 25.23 36.56 0.00
2013 10 4 0.00 50.98 23.17 35.53 0.00
2013 10 5 0.00 59.22 15.96 34.50 0.00
2013 10 6 0.00 70.55 20.08 44.80 0.00
2013 10 7 0.10 64.37 49.95 55.10 0.00
2013 10 8 0.00 57.16 27.29 44.80 0.00
2013 10 9 0.10 41.71 32.44 37.59 0.00
2013 10 10 0.00 55.10 26.26 40.68 0.00
2013 10 11 0.00 58.19 26.26 40.68 0.00
2013 10 12 0.00 55.10 28.32 42.74 0.00
2013 10 13 0.00 45.83 24.20 34.50 0.00
2013 10 14 0.00 50.98 18.02 32.44 0.00
2013 10 15 0.00 49.95 16.99 31.41 0.00
2013 10 16 0.00 61.28 14.93 40.68 0.00
2013 10 17 0.00 59.22 23.17 37.59 0.00
2013 10 18 0.00 62.31 20.08 36.56 0.00
2013 10 19 0.00 64.37 21.11 38.62 0.00
2013 10 20 0.00 64.37 23.17 39.65 0.00
2013 10 21 0.00 63.34 23.17 39.65 0.00
2013 10 22 0.00  nan  nan  nan 0.00
2013 10 23 0.00  nan  nan  nan 0.00
2013 10 24 0.00 64.37 23.17 41.71 0.00
2013 10 25 0.00 63.34 24.20 39.65 0.00
2013 10 26 0.00 62.31 22.14 38.62 0.00
2013 10 27 0.20 57.16 27.29 45.83 0.00
2013 10 28 0.70 34.50 27.29 31.41 0.20
2013 10 29 0.30 38.62 28.32 32.44 0.90
2013 10 30 0.00 44.80 14.93 29.35 1.00
2013 10 31 0.00 53.04 18.02 31.41 1.00
2013 11 1 0.00 57.16 20.08 34.50 1.00
2013 11 2 0.00 53.04 42.74 47.89 1.00
2013 11 3 0.00 42.74 26.26 32.44 1.00
2013 11 4 0.10 40.68 18.02 28.32 0.80
2013 11 5 0.00 48.92 13.90 28.32 0.70
2013 11 6 0.00 56.13 21.11 36.56 0.70
2013 11 7 0.00 55.10 43.77 49.95 0.60
2013 11 8 0.00 54.07 40.68 48.92 0.60
2013 11 9 0.00 59.22 27.29 41.71 0.40
2013 11 10 0.00 61.28 24.20 40.68 0.20
2013 11 11 0.00 59.22 24.20 39.65 0.00
2013 11 12 0.00 59.22 30.38 49.95 0.00
2013 11 13 0.00 56.13 26.26 36.56 0.00
2013 11 14 0.00 55.10 23.17 42.74 0.00
2013 11 15 0.00 42.74 27.29 34.50 0.00
2013 11 16 0.00 44.80 35.53 39.65 0.00
2013 11 17 0.00 55.10 26.26 38.62 0.00
2013 11 18 0.00 49.95 22.14 38.62 0.00
2013 11 19 0.20 44.80 36.56 39.65 0.00
2013 11 20 0.30 43.77 29.35 37.59 0.00
2013 11 21 0.20 30.38 20.08 24.20 0.00
2013 11 22 0.00 33.47 13.90 25.23 0.20
2013 11 23 0.00 38.62 15.96 27.29 0.20
2013 11 24 0.10 42.74 8.75 23.17 0.10
2013 11 25 0.00 50.98 12.87 27.29 0.20
2013 11 26 0.00 52.01 19.05 31.41 0.20
2013 11 27 0.00 49.95 24.20 31.41 0.20
2013 11 28 0.00 44.80 24.20 30.38 0.20
2013 11 29 0.00 44.80 18.02 28.32 0.20
2013 11 30 0.00 47.89 16.99 28.32 0.20
2013 12 1 0.00 52.01 18.02 33.47 0.20
2013 12 2 0.10 50.98 36.56 44.80 0.20
2013 12 3 0.40 39.65 1.54 22.14 0.30
2013 12 4 0.30 21.11 0.51 11.84 0.70
2013 12 5 0.00 23.17 4.63 11.84 1.00
2013 12 6 0.80 27.29 10.81 23.17 1.00
2013 12 7 0.20 24.20 1.54 15.96 1.80
2013 12 8 0.40 19.05 -18.03 -2.58 1.90
2013 12 9 0.00 32.44 -22.15 -0.52 2.20
2013 12 10 0.00 42.74 -4.64 15.96 2.20
2013 12 11 0.00 38.62 0.51 14.93 2.20
2013 12 12 0.00 46.86 0.51 28.32 2.20
2013 12 13 0.00 41.71 11.84 27.29 2.20
2013 12 14 0.00 48.92 5.66 22.14 2.20
2013 12 15 0.00 52.01 8.75 26.26 2.20
2013 12 16 0.00 53.04 13.90 27.29 2.20
2013 12 17 0.00 56.13 16.99 37.59 2.20
2013 12 18 0.00 50.98 34.50 44.80 2.20
2013 12 19 0.00 38.62 13.90 25.23 2.20
2013 12 20 0.00 38.62 4.63 21.11 2.20
2013 12 21 0.00 41.71 19.05 31.41 2.20
2013 12 22 0.00 45.83 15.96 27.29 2.20
2013 12 23 0.10 49.95 15.96 28.32 2.20
2013 12 24 0.00 48.92 15.96 27.29 2.30
2013 12 25 0.00 46.86 9.78 24.20 2.30
2013 12 26 0.00 52.01 7.72 24.20 2.30
2013 12 27 0.00 50.98 16.99 39.65 2.30
2013 12 28 0.00 42.74 14.93 26.26 2.30
2013 12 29 0.00 42.74 9.78 23.17 2.30
2013 12 30 0.00 53.04 15.96 38.62 2.30
2013 12 31 0.00 50.98 23.17 40.68 2.30
2014 1 1 0.00 50.98 18.02 29.35 2.30
2014 1 2 0.00 52.01 18.02 29.35 2.30
2014 1 3 0.00 54.07 23.17 39.65 2.30
2014 1 4 0.00 45.83 15.96 30.38 2.30
2014 1 5 0.00 42.74 9.78 22.14 2.30
2014 1 6 0.00 48.92 10.81 31.41 2.30
2014 1 7 0.00 45.83 37.59 41.71 2.30
2014 1 8 0.00 43.77 31.41 38.62 2.30
2014 1 9 0.00 42.74 29.35 37.59 2.30
2014 1 10 0.00 48.92 27.29 38.62 2.30
2014 1 11 0.40 44.80 31.41 38.62 2.30
2014 1 12 0.00 38.62 20.08 29.35 2.30
2014 1 13 0.00 49.95 15.96 27.29 2.30
2014 1 14 0.00 50.98 14.93 28.32 2.30
2014 1 15 0.00 50.98 15.96 28.32 2.30
2014 1 16 0.00 53.04 11.84 27.29 2.30
2014 1 17 0.00 49.95 14.93 28.32 2.30
2014 1 18 0.00 53.04 14.93 29.35 2.30
2014 1 19 0.00 54.07 15.96 31.41 2.30
2014 1 20 0.00 52.01 15.96 29.35 2.30
2014 1 21 0.00 50.98 13.90 28.32 2.30
2014 1 22 0.00 52.01 13.90 29.35 2.30
2014 1 23 0.00 37.59 18.02 28.32 2.30
2014 1 24 0.00 44.80 18.02 29.35 2.30
2014 1 25 0.00 48.92 15.96 28.32 2.30
2014 1 26 0.00 52.01 14.93 29.35 2.30
2014 1 27 0.00 52.01 19.05 33.47 2.30
2014 1 28 0.00 50.98 35.53 43.77 2.30
2014 1 29 1.70 47.89 32.44 42.74 2.30
2014 1 30 1.30 37.59 26.26 30.38 2.00
2014 1 31 0.00 31.41 6.69 22.14 1.80
2014 2 1 0.00 33.47 -0.52 14.93 1.80
2014 2 2 0.00 29.35 14.93 22.14 1.80
2014 2 3 0.00 33.47 12.87 24.20 1.80
2014 2 4 0.10 34.50 12.87 25.23 1.80
2014 2 5 0.10 37.59 16.99 29.35 1.90
2014 2 6 0.10 37.59 27.29 32.44 2.00
2014 2 7 0.40 36.56 30.38 32.44 2.10
2014 2 8 2.00 37.59 33.47 35.53 2.30
2014 2 9 3.30 39.65 33.47 36.56 3.10
2014 2 10 0.00 45.83 29.35 35.53 3.10
2014 2 11 0.00 47.89 34.50 40.68 3.10
2014 2 12 0.00 49.95 40.68 44.80 3.10
2014 2 13 0.00 46.86 40.68 44.80 3.10
2014 2 14 0.00 52.01 43.77 47.89 2.10
2014 2 15 0.10 53.04 33.47 44.80 1.00
2014 2 16 0.30 44.80 32.44 38.62 1.00
2014 2 17 0.00 45.83 37.59 40.68 1.00
2014 2 18 0.00 49.95 29.35 40.68 1.00
2014 2 19 0.00 44.80 24.20 35.53 0.90
2014 2 20 0.00 48.92 19.05 33.47 0.60
2014 2 21 0.00 46.86 22.14 32.44 0.60
2014 2 22 0.00 49.95 21.11 32.44 0.50
2014 2 23 0.00 53.04 20.08 36.56 0.50
2014 2 24 0.00 56.13 22.14 38.62 0.30
2014 2 25 0.00 56.13 25.23 40.68 0.30
2014 2 26 0.40 47.89 31.41 40.68 0.30
2014 2 27 0.40 37.59 26.26 32.44 0.60
2014 2 28 0.40 42.74 26.26 32.44 0.90
2014 3 1 0.00 43.77 30.38 35.53 1.20
2014 3 2 0.00 42.74 28.32 36.56 1.20
2014 3 3 0.20 41.71 34.50 37.59 1.20
2014 3 4 0.20 48.92 28.32 38.62 0.90
2014 3 5 0.20 47.89 37.59 43.77 0.60
2014 3 6 0.30 42.74 29.35 37.59 0.30
2014 3 7 0.00 46.86 25.23 33.47 0.00
2014 3 8 0.00 58.19 20.08 39.65 0.00
2014 3 9 0.00 52.01 42.74 46.86 0.00
2014 3 10 0.30 45.83 25.23 36.56 0.00
2014 3 11 0.00 40.68 19.05 29.35 0.00
2014 3 12 0.00 45.83 23.17 33.47 0.00
2014 3 13 0.00 55.10 18.02 35.53 0.00
2014 3 14 0.00 56.13 27.29 42.74 0.00
2014 3 15 0.00 58.19 23.17 37.59 0.00
2014 3 16 0.00 59.22 24.20 43.77 0.00
2014 3 17 0.00 46.86 22.14 37.59 0.00
2014 3 18 0.00 44.80 18.02 29.35 0.00
2014 3 19 0.00 54.07 15.96 37.59 0.00
2014 3 20 0.00 55.10 26.26 42.74 0.00
2014 3 21 0.00 53.04 22.14 37.59 0.00
2014 3 22 0.00 50.98 21.11 34.50 0.00
2014 3 23 0.00 57.16 21.11 36.56 0.00
2014 3 24 0.00 60.25 20.08 41.71 0.00
2014 3 25 0.30 46.86 33.47 41.71 0.00
2014 3 26 0.00 38.62 28.32 32.44 0.30
2014 3 27 0.30 39.65 29.35 33.47 0.00
2014 3 28 0.40 43.77 33.47 37.59 0.30
2014 3 29 0.60 40.68 29.35 35.53 0.30
2014 3 30 0.00 38.62 26.26 31.41 0.90
2014 3 31 0.20 39.65 24.20 31.41 0.30
2014 4 1 0.20 33.47 24.20 28.32 0.30
2014 4 2 0.00 42.74 14.93 28.32 0.60
2014 4 3 0.00 43.77 16.99 31.41 0.50
2014 4 4 0.00 44.80 26.26 35.53 0.30
2014 4 5 0.00 47.89 22.14 33.47 0.10
2014 4 6 0.00 56.13 25.23 37.59 0.00
2014 4 7  nan  nan  nan  nan 0.00
2014 4 8  nan 62.31 28.32 47.89  nan
2014 4 9 0.00 61.28 39.65 52.01 0.00
2014 4 10 0.00 65.40 34.50 52.01 0.00
2014 4 11 0.00 65.40 28.32 47.89 0.00
2014 4 12 0.00 63.34 33.47 49.95 0.00
2014 4 13 0.00 56.13 25.23 40.68 0.00
2014 4 14 0.00 63.34 20.08 43.77 0.00
2014 4 15 0.00 61.28 39.65 50.98 0.00
2014 4 16 0.00 62.31 28.32 44.80 0.00
2014 4 17 0.00 61.28 27.29 45.83 0.00
2014 4 18 0.00 63.34 33.47 48.92 0.00
2014 4 19 0.00 58.19 37.59 48.92 0.00
2014 4 20 0.00 63.34 27.29 44.80 0.00
2014 4 21 0.00 58.19 27.29 44.80 0.00
2014 4 22 0.00 38.62 31.41 34.50 0.00
2014 4 23 0.00 50.98 25.23 38.62 0.00
2014 4 24 0.00 53.04 39.65 44.80 0.00
2014 4 25 0.90 40.68 29.35 33.47 0.00
2014 4 26 0.00 38.62 26.26 32.44 0.40
2014 4 27 0.00 44.80 31.41 36.56 0.10
2014 4 28 0.00 54.07 23.17 36.56 0.00
2014 4 29 0.10 59.22 23.17 40.68 0.00
2014 4 30 0.00 64.37 25.23 42.74 0.00
2014 5 1 0.00 70.55 24.20 48.92 0.00
2014 5 2 0.00 68.49 30.38 52.01 0.00
2014 5 3 0.00 61.28 47.89 53.04 0.00
2014 5 4 0.00 56.13 43.77 49.95 0.00
2014 5 5 0.00 49.95 34.50 42.74 0.00
2014 5 6 0.00 47.89 31.41 37.59 0.00
2014 5 7 0.10 53.04 26.26 40.68 0.00
2014 5 8 0.00 52.01 37.59 43.77 0.00
2014 5 9 0.10 52.01 39.65 43.77 0.00
2014 5 10 0.00 46.86 27.29 37.59 0.00
2014 5 11 0.00 53.04 25.23 36.56 0.00
2014 5 12 0.00 61.28 21.11 40.68 0.00
2014 5 13 0.00 67.46 25.23 44.80 0.00
2014 5 14 0.00 73.64 26.26 50.98 0.00
2014 5 15 0.00 72.61 31.41 55.10 0.00
2014 5 16 0.00 71.58 56.13 61.28 0.00
2014 5 17 0.00 65.40 47.89 57.16 0.00
2014 5 18 0.10 56.13 41.71 48.92 0.00
2014 5 19 0.00 55.10 28.32 42.74 0.00
2014 5 20 0.60 41.71 33.47 36.56 0.00
2014 5 21 0.50 52.01 36.56 40.68 0.00
2014 5 22 0.20 59.22 36.56 45.83 0.00
2014 5 23 0.00 69.52 30.38 52.01 0.00
2014 5 24 0.00 68.49 37.59 54.07 0.00
2014 5 25 0.00 75.70 35.53 58.19 0.00
2014 5 26 0.00 72.61 53.04 61.28 0.00
2014 5 27 0.00 68.49 50.98 59.22 0.00
2014 5 28 0.00 61.28 32.44 52.01 0.00
2014 5 29 0.00 65.40 26.26 44.80 0.00
2014 5 30 0.00 64.37 27.29 48.92 0.00
2014 5 31 0.00 66.43 37.59 55.10 0.00
2014 6 1 0.00 71.58 29.35 53.04 0.00
2014 6 2 0.00 68.49 33.47 54.07 0.00
2014 6 3 0.00 70.55 33.47 56.13 0.00
2014 6 4 0.00 74.67 33.47 54.07 0.00
2014 6 5 0.00 79.82 32.44 58.19 0.00
2014 6 6 0.00 78.79 37.59 60.25 0.00
2014 6 7 0.00 78.79 36.56 60.25 0.00
2014 6 8 0.00 76.73 35.53 57.16 0.00
2014 6 9 0.00 79.82 34.50 61.28 0.00
2014 6 10 0.00 79.82 38.62 62.31 0.00
2014 6 11 0.00 75.70 37.59 59.22 0.00
2014 6 12 0.00 66.43 53.04 60.25 0.00
2014 6 13 0.00 64.37 41.71 54.07 0.00
2014 6 14 0.00 64.37 28.32 48.92 0.00
2014 6 15 0.00 65.40 49.95 55.10 0.00
2014 6 16 0.00 57.16 44.80 50.98 0.00
2014 6 17 0.00 57.16 32.44 43.77 0.00
2014 6 18 0.00 69.52 26.26 48.92 0.00
2014 6 19 0.00 73.64 31.41 56.13 0.00
2014 6 20 0.00 72.61 46.86 62.31 0.10
2014 6 21 0.00 72.61 44.80 60.25 0.00
2014 6 22 0.00 74.67 29.35 56.13 0.00
2014 6 23 0.00 75.70 38.62 61.28 0.00
2014 6 24 0.00 73.64 45.83 61.28 0.00
2014 6 25 0.00 68.49 47.89 58.19 0.00
2014 6 26 0.00 59.22 47.89 52.01 0.00
2014 6 27 0.00 67.46 49.95 57.16 0.00
2014 6 28 0.00 73.64 53.04 63.34 0.00
2014 6 29 0.00 79.82 45.83 65.40 0.00
2014 6 30 0.00 86.00 38.62 61.28 0.00
2014 7 1 0.00 87.03 39.65 61.28 0.00
2014 7 2 0.00 80.85 45.83 67.46 0.00
2014 7 3 0.00 78.79 44.80 66.43 0.00
2014 7 4 0.00 76.73 50.98 66.43 0.00
2014 7 5 0.00 79.82 46.86 66.43 0.00
2014 7 6 0.00 88.06 41.71 65.40 0.00
2014 7 7 0.00 87.03 42.74 66.43 0.00
2014 7 8 0.00 81.88 55.10 66.43 0.00
2014 7 9 0.00 81.88 52.01 68.49 0.00
2014 7 10 0.00 84.97 44.80 64.37 0.00
2014 7 11 0.00 78.79 54.07 65.40 0.00
2014 7 12 0.00 83.94 45.83 65.40 0.00
2014 7 13 0.00 87.03 45.83 69.52 0.00
2014 7 14 0.00 90.12 48.92 72.61 0.00
2014 7 15 0.00 88.06 52.01 70.55 0.00
2014 7 16 0.10 86.00 57.16 70.55 0.00
2014 7 17 0.10 81.88 47.89 61.28 0.00
2014 7 18 0.00 86.00 43.77 65.40 0.00
2014 7 19 0.00 87.03 47.89 66.43 0.00
2014 7 20 1.10 76.73 52.01 60.25 0.00
2014 7 21 0.20 70.55 48.92 60.25 0.00
2014 7 22 0.10 74.67 47.89 61.28 0.00
2014 7 23 0.00 69.52 57.16 63.34 0.00
2014 7 24 0.00 77.76 45.83 62.31 0.00
2014 7 25 0.00 76.73 37.59 60.25 0.00
2014 7 26 0.00 80.85 40.68 62.31 0.00
2014 7 27 0.00 83.94 50.98 67.46 0.00
2014 7 28 0.00 82.91 45.83 65.40 0.00
2014 7 29 0.00 80.85 60.25 69.52 0.00
2014 7 30 0.10 77.76 44.80 61.28 0.00
2014 7 31 0.00 82.91 43.77 63.34 0.00
2014 8 1 0.00 80.85 47.89 65.40 0.00
2014 8 2 0.00 81.88 43.77 65.40 0.00
2014 8 3 0.00 78.79 49.95 63.34 0.00
2014 8 4 0.70 62.31 50.98 55.10 0.00
2014 8 5 0.30 57.16 48.92 52.01 0.00
2014 8 6 0.00 69.52 49.95 56.13 0.00
2014 8 7 0.00 76.73 41.71 59.22 0.00
2014 8 8 0.00 76.73 42.74 61.28 0.00
2014 8 9 0.00 79.82 39.65 60.25 0.00
2014 8 10 0.00 77.76 42.74 60.25 0.00
2014 8 11 0.10 77.76 42.74 56.13 0.00
2014 8 12 0.10 73.64 42.74 57.16 0.00
2014 8 13 0.10 68.49 55.10 61.28 0.00
2014 8 14 0.00 68.49 40.68 58.19 0.00
2014 8 15 0.00 75.70 48.92 63.34 0.00
2014 8 16 0.00 77.76 39.65 61.28 0.00
2014 8 17 0.00 77.76 40.68 62.31 0.00
2014 8 18 0.00 77.76 43.77 63.34 0.00
2014 8 19 0.00 77.76 56.13 65.40 0.00
2014 8 20 0.00 76.73 43.77 61.28 0.00
2014 8 21 0.00 72.61 45.83 61.28 0.00
2014 8 22 0.00 70.55 56.13 61.28 0.00
2014 8 23 0.00 72.61 36.56 54.07 0.00
2014 8 24 0.00 74.67 32.44 55.10 0.00
2014 8 25 0.00 71.58 45.83 58.19 0.00
2014 8 26 0.00 71.58 34.50 52.01 0.00
2014 8 27 0.00 79.82 34.50 57.16 0.00
2014 8 28 0.00 81.88 40.68 62.31 0.00
2014 8 29 0.00 75.70 42.74 61.28 0.00
2014 8 30 0.00 74.67 58.19 64.37 0.00
2014 8 31 0.00 75.70 44.80 62.31 0.00
2014 9 1 0.00 79.82 36.56 56.13 0.00
2014 9 2 0.00 78.79 36.56 60.25 0.00
2014 9 3 0.00 77.76 42.74 61.28 0.00
2014 9 4 0.00 71.58 30.38 49.95 0.00
2014 9 5 0.00 75.70 29.35 52.01 0.00
2014 9 6 0.00 77.76 31.41 56.13 0.00
2014 9 7 0.00 77.76 34.50 59.22 0.00
2014 9 8 0.00 71.58 49.95 60.25 0.00
2014 9 9 0.00 73.64 42.74 59.22 0.00
2014 9 10 0.00 75.70 32.44 53.04 0.00
2014 9 11 0.00 78.79 34.50 54.07 0.00
2014 9 12 0.00 78.79 33.47 57.16 0.00
2014 9 13 0.00 74.67 40.68 60.25 0.00
2014 9 14 0.00 75.70 41.71 60.25 0.00
2014 9 15 0.00 78.79 41.71 60.25 0.00
2014 9 16 0.00 77.76 57.16 66.43 0.00
2014 9 17 0.00 75.70 59.22 65.40 0.00
2014 9 18 0.00 67.46 47.89 58.19 0.00
2014 9 19 0.00 73.64 36.56 53.04 0.00
2014 9 20 0.00 76.73 36.56 56.13 0.00
2014 9 21 0.00 59.22 46.86 54.07 0.00
2014 9 22 0.00 71.58 39.65 58.19 0.00
2014 9 23 0.00 71.58 49.95 62.31 0.00
2014 9 24 0.00 74.67 55.10 62.31 0.00
2014 9 25 0.00 64.37 45.83 54.07 0.00
2014 9 26 0.10 53.04 36.56 44.80 0.00
2014 9 27 0.10 46.86 38.62 41.71 0.00
2014 9 28 0.10 46.86 30.38 38.62 0.00
2014 9 29 0.00 63.34 29.35 45.83 0.00
2014 9 30 0.10 64.37 37.59 52.01 0.00
2014 10 1 0.00 57.16 26.26 38.62 0.00
2014 10 2 0.00 67.46 22.14 40.68 0.00
2014 10 3 0.00 70.55 25.23 44.80 0.00
2014 10 4 0.00 74.67 26.26 46.86 0.00
2014 10 5 0.00 74.67 27.29 47.89 0.00
2014 10 6 0.00 75.70 29.35 48.92 0.00
2014 10 7 0.00 75.70 30.38 53.04 0.00
2014 10 8 0.00 70.55 31.41 53.04 0.00
2014 10 9 0.00 67.46 29.35 49.95 0.00
2014 10 10 0.00 67.46 28.32 45.83 0.00
2014 10 11 0.00 70.55 28.32 49.95 0.00
2014 10 12 0.00 61.28 27.29 42.74 0.00
2014 10 13 0.00 72.61 26.26 48.92 0.00
2014 10 14 0.00 66.43 50.98 58.19 0.00
2014 10 15 0.00 50.98 38.62 45.83 0.00
2014 10 16 0.00 59.22 28.32 43.77 0.00
2014 10 17 0.00 61.28 31.41 47.89 0.00
2014 10 18 0.00 61.28 25.23 39.65 0.00
2014 10 19 0.00 65.40 27.29 48.92 0.00
2014 10 20 0.20 60.25 38.62 50.98 0.00
2014 10 21 0.00 54.07 29.35 41.71 0.00
2014 10 22 0.00 61.28 27.29 44.80 0.00
2014 10 23 0.00 57.16 48.92 52.01 0.00
2014 10 24 0.00 67.46 49.95 56.13 0.00
2014 10 25 0.20 55.10 36.56 45.83 0.00
2014 10 26 0.00 50.98 25.23 39.65 0.00
2014 10 27 0.00 49.95 19.05 32.44 0.00
2014 10 28 0.00 59.22 22.14 38.62 0.00
2014 10 29 0.00 63.34 28.32 42.74 0.00
2014 10 30 0.00 62.31 26.26 43.77 0.00
2014 10 31 0.10 56.13 34.50 46.86 0.00
2014 11 1 0.30 36.56 26.26 33.47 0.00
2014 11 2 0.00 38.62 18.02 27.29 0.00
2014 11 3 0.00 44.80 15.96 28.32 0.00
2014 11 4 0.00 55.10 22.14 34.50 0.00
2014 11 5 0.00 57.16 26.26 36.56 0.00
2014 11 6 0.00 60.25 28.32 53.04 0.00
2014 11 7 0.00 62.31 30.38 48.92 0.00
2014 11 8 0.00 60.25 26.26 38.62 0.00
2014 11 9 0.00 63.34 28.32 50.98 0.00
2014 11 10 0.00 54.07 31.41 47.89 0.00
2014 11 11 0.00 56.13 45.83 49.95 0.00
2014 11 12 0.00 52.01 24.20 39.65 0.00
2014 11 13 0.00 46.86 39.65 43.77 0.00
2014 11 14 0.20 48.92 37.59 40.68 0.00
2014 11 15 0.00 47.89 27.29 37.59 0.00
2014 11 16 0.00 38.62 13.90 24.20 0.00
2014 11 17 0.00 43.77 6.69 22.14 0.00
2014 11 18 0.00 53.04 9.78 28.32 0.00
2014 11 19 0.10 47.89 30.38 41.71 0.00
2014 11 20 0.20 45.83 32.44 38.62 0.00
2014 11 21 0.00 43.77 27.29 35.53 0.00
2014 11 22 0.30 44.80 27.29 40.68 0.00
2014 11 23 0.00 41.71 19.05 29.35 0.00
2014 11 24 0.00 44.80 16.99 28.32 0.00
2014 11 25 0.00 58.19 30.38 43.77 0.00
2014 11 26 0.00 61.28 33.47 49.95 0.00
2014 11 27 0.00 58.19 48.92 53.04 0.00
2014 11 28 0.00 52.01 42.74 47.89 0.00
2014 11 29 1.50 42.74 32.44 36.56 0.00
2014 11 30 0.20 41.71 32.44 36.56 0.00
2014 12 1 0.20 45.83 27.29 37.59 0.20
2014 12 2 0.80 35.53 25.23 30.38 0.40
2014 12 3 0.90 44.80 32.44 39.65 0.90
2014 12 4 0.00 43.77 37.59 39.65 0.80
2014 12 5 0.00 45.83 28.32 38.62 0.40
2014 12 6 0.00 44.80 31.41 41.71 0.30
2014 12 7 0.00 49.95 26.26 35.53 0.20
2014 12 8 0.00 47.89 28.32 40.68 0.20
2014 12 9 0.00 49.95 27.29 42.74 0.20
2014 12 10 0.00 54.07 27.29 42.74 0.20
2014 12 11 0.10 49.95 35.53 44.80 0.20
2014 12 12 0.00 42.74 28.32 34.50 0.10
2014 12 13 0.00 38.62 21.11 28.32 0.10
2014 12 14 0.10 35.53 18.02 27.29 0.10
2014 12 15 0.30 34.50 26.26 30.38 0.20
2014 12 16 0.10 38.62 26.26 32.44 0.50
2014 12 17 0.00 37.59 26.26 32.44 0.60
2014 12 18 0.10 40.68 26.26 34.50 0.60
2014 12 19 0.30 40.68 32.44 36.56 0.70
2014 12 20 0.20 41.71 34.50 37.59 1.00
2014 12 21 0.00 49.95 33.47 43.77 1.00
2014 12 22 0.00 48.92 27.29 38.62 0.20
2014 12 23 0.00 47.89 24.20 33.47 0.20
2014 12 24 0.40 48.92 23.17 38.62 0.20
2014 12 25 0.00 27.29 15.96 23.17 0.40
2014 12 26 0.00 26.26 8.75 21.11 0.40
2014 12 27 0.00 37.59 3.60 21.11 0.40
2014 12 28 0.00 43.77 28.32 36.56 0.40
2014 12 29 0.00 39.65 23.17 31.41 0.40
2014 12 30 0.10 23.17 8.75 15.96 0.40
2014 12 31 0.00 21.11 -4.64 7.72 0.50
2015 1 1 0.00 35.53 -6.70 9.78 0.50
2015 1 2 0.00 40.68 2.57 18.02 0.50
2015 1 3 0.00 48.92 10.81 28.32 0.50
2015 1 4 0.00 47.89 27.29 39.65 0.50
2015 1 5 0.00 55.10 26.26 35.53 0.50
2015 1 6 0.00 52.01 24.20 33.47 0.50
2015 1 7 0.00 53.04 22.14 32.44 0.50
2015 1 8 0.00 55.10 21.11 31.41 0.50
2015 1 9 0.00 50.98 25.23 36.56 0.50
2015 1 10 0.00 49.95 31.41 40.68 0.40
2015 1 11 0.00 48.92 27.29 37.59 0.40
2015 1 12 0.00 41.71 29.35 36.56 0.30
2015 1 13 0.00 37.59 21.11 29.35 0.30
2015 1 14 0.00 40.68 13.90 25.23 0.30
2015 1 15 0.10 50.98 20.08 38.62 0.30
2015 1 16 0.00 44.80 37.59 42.74 0.30
2015 1 17 0.00 52.01 42.74 45.83 0.30
2015 1 18 0.00 50.98 43.77 45.83 0.30
2015 1 19 0.00 52.01 26.26 40.68 0.20
2015 1 20 0.00 41.71 23.17 29.35 0.00
2015 1 21 0.00 40.68 15.96 26.26 0.00
2015 1 22 0.00 47.89 14.93 28.32 0.00
2015 1 23 0.00 44.80 18.02 28.32 0.00
2015 1 24 0.00 48.92 18.02 29.35 0.00
2015 1 25 0.00 55.10 21.11 33.47 0.00
2015 1 26 0.00 56.13 22.14 36.56 0.00
2015 1 27 0.10 46.86 33.47 38.62 0.00
2015 1 28 0.00 45.83 25.23 33.47 0.00
2015 1 29 0.00 45.83 24.20 33.47 0.00
2015 1 30 0.00 42.74 29.35 35.53 0.00
2015 1 31 0.00 44.80 20.08 29.35 0.00
2015 2 1 0.00 58.19 18.02 37.59 0.00
2015 2 2 0.00 48.92 31.41 42.74 0.00
2015 2 3 0.00 52.01 41.71 45.83 0.00
2015 2 4 0.00 54.07 42.74 47.89 0.00
2015 2 5 0.00 56.13 39.65 47.89 0.00
2015 2 6 1.50 53.04 33.47 44.80 0.00
2015 2 7 1.70 44.80 34.50 39.65 0.00
2015 2 8 2.00 44.80 29.35 37.59 0.00
2015 2 9 0.30 38.62 27.29 35.53 0.00
2015 2 10 0.00 45.83 20.08 30.38 0.00
2015 2 11 0.00 49.95 23.17 33.47 0.00
2015 2 12 0.00 59.22 26.26 38.62 0.00
2015 2 13 0.00 63.34 27.29 40.68 0.00
2015 2 14 0.00 60.25 28.32 44.80 0.00
2015 2 15 0.00 53.04 25.23 36.56 0.00
2015 2 16 0.00 54.07 22.14 34.50 0.00
2015 2 17 0.00 60.25 22.14 37.59 0.00
2015 2 18 0.00 59.22 25.23 38.62 0.00
2015 2 19 0.00 58.19 26.26 39.65 0.00
2015 2 20 0.00 53.04 24.20 34.50 0.00
2015 2 21 0.00 48.92 21.11 33.47 0.00
2015 2 22 0.00 33.47 23.17 28.32 0.00
2015 2 23 0.00 33.47 14.93 23.17 0.00
2015 2 24 0.00 49.95 7.72 26.26 0.00
2015 2 25 0.00 52.01 18.02 32.44 0.00
2015 2 26 0.00 46.86 21.11 31.41 0.00
2015 2 27 0.10 40.68 27.29 35.53 0.00
2015 2 28 1.30 33.47 28.32 29.35 0.10
2015 3 1 0.00 34.50 14.93 28.32 1.40
2015 3 2 0.10 39.65 9.78 29.35 1.40
2015 3 3 0.00 39.65 13.90 27.29 1.50
2015 3 4 0.00 43.77 1.54 22.14 1.50
2015 3 5 0.00 50.98 7.72 27.29 1.50
2015 3 6 0.00 54.07 13.90 31.41 1.50
2015 3 7 0.00 56.13 15.96 33.47 1.50
2015 3 8 0.00 57.16 18.02 34.50 1.50
2015 3 9 0.00 59.22 20.08 35.53 1.50
2015 3 10 0.00 57.16 19.05 39.65 1.50
2015 3 11 0.10 48.92 36.56 41.71 1.30
2015 3 12 0.00 54.07 27.29 37.59 0.50
2015 3 13 0.00 60.25 25.23 42.74 0.00
2015 3 14 0.00 64.37 48.92 54.07 0.00
2015 3 15 0.00 59.22 47.89 53.04 0.00
2015 3 16 0.00 56.13 46.86 49.95 0.00
2015 3 17 0.00 52.01 31.41 45.83 0.00
2015 3 18 0.00 56.13 24.20 36.56 0.00
2015 3 19 0.00 60.25 22.14 38.62 0.00
2015 3 20 0.00 56.13 26.26 42.74 0.00
2015 3 21 0.00 54.07 39.65 44.80 0.00
2015 3 22 0.20 52.01 33.47 42.74 0.00
2015 3 23 0.30 40.68 33.47 36.56 0.00
2015 3 24 0.00 44.80 30.38 37.59 0.00
2015 3 25 0.00 56.13 25.23 37.59 0.00
2015 3 26 0.00 63.34 26.26 41.71 0.00
2015 3 27 0.00 62.31 29.35 47.89 0.00
2015 3 28 0.00 63.34 29.35 47.89 0.00
2015 3 29 0.00 66.43 24.20 42.74 0.00
2015 3 30 0.00 68.49 26.26 46.86 0.00
2015 3 31 0.00 53.04 27.29 45.83 0.00
2015 4 1 0.00 45.83 19.05 33.47 0.00
2015 4 2 0.00 43.77 21.11 31.41 0.00
2015 4 3 0.00 53.04 13.90 34.50 0.00
2015 4 4 0.00 52.01 34.50 41.71 0.00
2015 4 5 0.00 40.68 28.32 33.47 0.00
2015 4 6 0.00 42.74 26.26 32.44 0.00
2015 4 7 0.10 36.56 26.26 30.38 0.00
2015 4 8 0.00 44.80 24.20 31.41 0.00
2015 4 9 0.00 53.04 18.02 34.50 0.00
2015 4 10 0.10 53.04 23.17 38.62 0.00
2015 4 11 0.00 54.07 33.47 43.77 0.00
2015 4 12 0.00 61.28 23.17 42.74 0.00
2015 4 13 0.00 61.28 35.53 48.92 0.00
2015 4 14 0.00 43.77 22.14 33.47 0.00
2015 4 15 0.00 48.92 13.90 31.41 0.00
2015 4 16 0.00 55.10 18.02 34.50 0.00
2015 4 17 0.00 62.31 18.02 38.62 0.00
2015 4 18 0.00 65.40 24.20 43.77 0.00
2015 4 19 0.00 65.40 26.26 44.80 0.00
2015 4 20 0.00 68.49 25.23 46.86 0.00
2015 4 21 0.00 64.37 28.32 45.83 0.00
2015 4 22 0.00 63.34 36.56 45.83 0.00
2015 4 23 0.10 60.25 28.32 43.77 0.00
2015 4 24 0.90 43.77 34.50 38.62 0.00
2015 4 25 0.70 43.77 31.41 35.53 0.00
2015 4 26 0.00 52.01 27.29 36.56 0.00
2015 4 27 0.00 59.22 26.26 40.68 0.00
2015 4 28 0.00 64.37 26.26 46.86 0.00
2015 4 29 0.00 65.40 40.68 55.10 0.00
2015 4 30 0.00 64.37 27.29 44.80 0.00
2015 5 1 0.00 68.49 28.32 49.95 0.00
2015 5 2 0.00 66.43 48.92 56.13 0.00
2015 5 3 0.00 66.43 38.62 54.07 0.00
2015 5 4 0.00 66.43 34.50 52.01 0.00
2015 5 5 0.00 61.28 32.44 49.95 0.00
2015 5 6 0.00 57.16 31.41 43.77 0.00
2015 5 7 0.10 44.80 28.32 35.53 0.00
2015 5 8 0.10 56.13 33.47 42.74 0.00
2015 5 9 0.00 60.25 30.38 43.77 0.00
2015 5 10 0.00 64.37 26.26 46.86 0.00
2015 5 11 0.00 59.22 43.77 48.92 0.00
2015 5 12 0.00 47.89 35.53 43.77 0.00
2015 5 13 0.00 52.01 28.32 39.65 0.00
2015 5 14 0.30 47.89 33.47 37.59 0.00
2015 5 15 0.60 39.65 33.47 35.53 0.00
2015 5 16 0.00 50.98 34.50 42.74 0.00
2015 5 17 0.00 48.92 31.41 39.65 0.00
2015 5 18 0.00 53.04 30.38 40.68 0.00
2015 5 19 0.00 53.04 37.59 43.77 0.00
2015 5 20 0.30 52.01 32.44 41.71 0.00
2015 5 21 0.30 55.10 31.41 39.65 0.00
2015 5 22 0.50 54.07 38.62 42.74 0.00
2015 5 23 0.00 50.98 40.68 44.80 0.00
2015 5 24 0.00 62.31 38.62 48.92 0.00
2015 5 25 0.00 61.28 38.62 49.95 0.00
2015 5 26 0.00 66.43 36.56 52.01 0.00
2015 5 27 0.00 67.46 36.56 54.07 0.00
2015 5 28 0.00 71.58 33.47 54.07 0.00
2015 5 29 0.00 74.67 36.56 57.16 0.00
2015 5 30 0.00 73.64 46.86 63.34 0.00
2015 5 31 0.00 72.61 41.71 60.25 0.00
2015 6 1 0.00 60.25 46.86 53.04 0.00
2015 6 2 0.00 65.40 41.71 53.04 0.00
2015 6 3 0.00 65.40 34.50 50.98 0.00
2015 6 4 0.30 56.13 32.44 45.83 0.00
2015 6 5 0.00 64.37 36.56 48.92 0.00
2015 6 6 0.10 68.49 31.41 49.95 0.00
2015 6 7 0.00 71.58 36.56 53.04 0.00
2015 6 8 0.00 77.76 38.62 57.16 0.00
2015 6 9 0.10 79.82 39.65 58.19 0.00
2015 6 10 0.50 63.34 48.92 53.04 0.00
2015 6 11 0.00 72.61 40.68 55.10 0.00
2015 6 12 0.00 78.79 36.56 57.16 0.00
2015 6 13 0.00 79.82 57.16 67.46 0.00
2015 6 14 0.00 76.73 43.77 64.37 0.00
2015 6 15 0.00 75.70 47.89 64.37 0.00
2015 6 16 0.00 77.76 36.56 60.25 0.00
2015 6 17 0.00 76.73 39.65 62.31 0.00
2015 6 18 0.00 73.64 48.92 65.40 0.00
2015 6 19 0.00 75.70 57.16 66.43 0.00
2015 6 20 0.00 75.70 56.13 66.43 0.00
2015 6 21 0.00 68.49 55.10 62.31 0.00
2015 6 22 0.00 74.67 42.74 61.28 0.00
2015 6 23 0.00 79.82 36.56 60.25 0.00
2015 6 24 0.00 84.97 39.65 63.34 0.00
2015 6 25 0.00 86.00 42.74 66.43 0.00
2015 6 26 0.00 87.03 49.95 70.55 0.00
2015 6 27 0.00 86.00 50.98 69.52 0.00
2015 6 28 0.00 81.88 49.95 64.37 0.00
2015 6 29 0.00 81.88 50.98 67.46 0.00
2015 6 30 0.00 86.00 50.98 69.52 0.00
2015 7 1 0.00 84.97 48.92 66.43 0.00
2015 7 2 0.00 88.06 52.01 67.46 0.00
2015 7 3 0.00 81.88 54.07 68.49 0.00
2015 7 4 0.00 71.58 45.83 59.22 0.00
2015 7 5 0.00 77.76 39.65 60.25 0.00
2015 7 6 0.00 79.82 42.74 60.25 0.00
2015 7 7 0.00 76.73 43.77 56.13 0.00
2015 7 8 0.40 71.58 38.62 49.95 0.00
2015 7 9 0.00 61.28 36.56 48.92 0.00
2015 7 10 0.00 63.34 42.74 53.04 0.00
2015 7 11 0.00 67.46 40.68 55.10 0.00
2015 7 12 0.00 67.46 38.62 54.07 0.00
2015 7 13 0.00  nan  nan  nan 0.00
2015 7 14 0.00  nan  nan  nan 0.00
2015 7 15 0.00 78.79 38.62 60.25 0.00
2015 7 16 0.00 80.85 42.74 62.31 0.00
2015 7 17 0.00 80.85 44.80 63.34 0.00
2015 7 18 0.00 74.67 46.86 62.31 0.00
2015 7 19 0.00 77.76 42.74 61.28 0.00
2015 7 20 0.00 79.82 40.68 61.28 0.00
2015 7 21 0.00 76.73 47.89 61.28 0.00
2015 7 22 0.00 71.58 50.98 61.28 0.00
2015 7 23 0.00 71.58 46.86 59.22 0.00
2015 7 24 0.00 71.58 53.04 61.28 0.00
2015 7 25 0.00 71.58 46.86 61.28 0.00
2015 7 26 0.00 71.58 45.83 60.25 0.00
2015 7 27 0.00 73.64 35.53 54.07 0.00
2015 7 28 0.00 75.70 31.41 53.04 0.00
2015 7 29 0.00 83.94 33.47 58.19 0.00
2015 7 30 0.00 87.03 38.62 63.34 0.00
2015 7 31 0.00 80.85 47.89 63.34 0.00
2015 8 1 0.00 84.97 46.86 64.37 0.00
2015 8 2 0.00 79.82 48.92 65.40 0.00
2015 8 3 0.00 77.76 41.71 61.28 0.00
2015 8 4 0.00 76.73 38.62 59.22 0.00
2015 8 5 0.00 73.64 46.86 61.28 0.00
2015 8 6 0.00 73.64 33.47 56.13 0.00
2015 8 7 0.10 61.28 43.77 52.01 0.00
2015 8 8 0.00 72.61 35.53 55.10 0.00
2015 8 9 0.00 76.73 38.62 59.22 0.00
2015 8 10 0.00 74.67 42.74 60.25 0.00
2015 8 11 0.00 74.67 43.77 61.28 0.00
2015 8 12 0.00 78.79 40.68 63.34 0.00
2015 8 13 0.00 80.85 41.71 65.40 0.00
2015 8 14 0.00 74.67 59.22 65.40 0.00
2015 8 15 0.00 81.88 36.56 62.31 0.00
2015 8 16 0.00 82.91 38.62 63.34 0.00
2015 8 17 0.00 83.94 48.92 68.49 0.00
2015 8 18 0.00 84.97 39.65 64.37 0.00
2015 8 19 0.00 83.94 44.80 65.40 0.00
2015 8 20 0.00 81.88 45.83 67.46 0.00
2015 8 21 0.00 79.82 48.92 66.43 0.00
2015 8 22 0.00 83.94 38.62 63.34 0.00
2015 8 23 0.00 79.82 40.68 62.31 0.00
2015 8 24 0.00 79.82 44.80 66.43 0.00
2015 8 25 0.00 79.82 46.86 66.43 0.00
2015 8 26 0.00 77.76 60.25 67.46 0.00
2015 8 27 0.00 78.79 44.80 64.37 0.00
2015 8 28 0.00 76.73 45.83 63.34 0.00
2015 8 29 0.00 68.49 56.13 61.28 0.00
2015 8 30 0.00 69.52 44.80 59.22 0.00
2015 8 31 0.00 77.76 31.41 56.13 0.00
2015 9 1 0.00 75.70 38.62 59.22 0.00
2015 9 2 0.00 70.55 54.07 60.25 0.00
2015 9 3 0.00 63.34 50.98 56.13 0.00
2015 9 4 0.00 60.25 46.86 52.01 0.00
2015 9 5 0.00 65.40 30.38 45.83 0.00
2015 9 6 0.00 71.58 26.26 46.86 0.00
2015 9 7 0.00 75.70 28.32 48.92 0.00
2015 9 8 0.00 77.76 28.32 52.01 0.00
2015 9 9 0.00 80.85 35.53 59.22 0.00
2015 9 10 0.00 81.88 38.62 59.22 0.00
2015 9 11 0.00 86.00 39.65 60.25 0.00
2015 9 12 0.00 82.91 39.65 62.31 0.00
2015 9 13 0.00 77.76 52.01 66.43 0.00
2015 9 14 0.00 67.46 52.01 59.22 0.00
2015 9 15 0.00 59.22 45.83 52.01 0.00
2015 9 16 0.00 53.04 41.71 45.83 0.00
2015 9 17 0.00 62.31 34.50 47.89 0.00
2015 9 18 0.00 68.49 26.26 44.80 0.00
2015 9 19 0.00 74.67 27.29 48.92 0.00
2015 9 20 0.00 78.79 31.41 56.13 0.00
2015 9 21 0.00 79.82 34.50 59.22 0.00
2015 9 22 0.00 72.61 58.19 64.37 0.00
2015 9 23 0.00 73.64 44.80 62.31 0.00
2015 9 24 0.00 79.82 36.56 57.16 0.00
2015 9 25 0.00 77.76 42.74 63.34 0.00
2015 9 26 0.00 73.64 50.98 63.34 0.00
2015 9 27 0.00 72.61 52.01 62.31 0.00
2015 9 28 0.00 71.58 47.89 61.28 0.00
2015 9 29 0.00 70.55 39.65 56.13 0.00
2015 9 30 0.20 63.34 46.86 56.13 0.00
2015 10 1 0.80 53.04 41.71 47.89 0.00
2015 10 2 0.10 61.28 33.47 45.83 0.00
2015 10 3 0.00 61.28 28.32 44.80 0.00
2015 10 4 0.10 52.01 39.65 45.83 0.00
2015 10 5 0.00 61.28 32.44 44.80 0.00
2015 10 6 0.00 66.43 30.38 45.83 0.00
2015 10 7 0.00 68.49 31.41 48.92 0.00
2015 10 8 0.00 75.70 39.65 53.04 0.00
2015 10 9 0.00 77.76 38.62 57.16 0.00
2015 10 10 0.00 69.52 46.86 62.31 0.00
2015 10 11 0.00 73.64 40.68 58.19 0.00
2015 10 12 0.10 77.76 33.47 52.01 0.00
2015 10 13 0.00 77.76 34.50 52.01 0.00
2015 10 14 0.00 75.70 34.50 53.04 0.00
2015 10 15 0.00 70.55 35.53 50.98 0.00
2015 10 16 0.00 62.31 38.62 49.95 0.00
2015 10 17 0.60 54.07 41.71 48.92 0.00
2015 10 18 0.10 55.10 35.53 44.80 0.00
2015 10 19 0.00 56.13 29.35 39.65 0.00
2015 10 20 0.10 52.01 28.32 38.62 0.00
2015 10 21 0.00 54.07 26.26 36.56 0.00
2015 10 22 0.00 55.10 25.23 36.56 0.00
2015 10 23 0.00 59.22 24.20 39.65 0.00
2015 10 24 0.00 59.22 29.35 45.83 0.00
2015 10 25 0.00 59.22 48.92 53.04 0.00
2015 10 26 0.00 62.31 43.77 53.04 0.00
2015 10 27 0.00 58.19 44.80 50.98 0.00
2015 10 28 0.40 49.95 36.56 42.74 0.00
2015 10 29 0.00 47.89 27.29 35.53 0.00
2015 10 30 0.00 59.22 23.17 36.56 0.00
2015 10 31 0.00 61.28 36.56 53.04 0.00
2015 11 1 1.00 53.04 41.71 47.89 0.00
2015 11 2 1.90 43.77 30.38 33.47 0.00
2015 11 3 0.10 40.68 24.20 29.35 1.20
2015 11 4 0.10 33.47 12.87 24.20 1.00
2015 11 5 0.00 44.80 9.78 26.26 0.90
2015 11 6 0.00 45.83 13.90 26.26 0.90
2015 11 7 0.10 53.04 15.96 30.38 0.90
2015 11 8 0.00 46.86 34.50 41.71 1.00
2015 11 9 0.40 37.59 28.32 31.41 1.00
2015 11 10 0.20 37.59 11.84 26.26 1.40
2015 11 11 0.00 42.74 9.78 28.32 1.60
2015 11 12 0.00 44.80 12.87 25.23 1.60
2015 11 13 0.00 50.98 13.90 28.32 1.60
2015 11 14 0.00 50.98 24.20 42.74 1.60
2015 11 15 0.10 44.80 25.23 34.50 1.60
2015 11 16 0.00 31.41 10.81 22.14 1.70
2015 11 17 0.00 47.89 10.81 30.38 1.70
2015 11 18 0.00 50.98 27.29 39.65 1.70
2015 11 19 0.00 56.13 26.26 42.74 1.70
2015 11 20 0.00 47.89 26.26 35.53 1.70
2015 11 21 0.00 45.83 25.23 32.44 1.70
2015 11 22 0.00 55.10 22.14 34.50 1.70
2015 11 23 0.10 50.98 32.44 43.77 1.70
2015 11 24 0.40 42.74 22.14 33.47 1.80
2015 11 25 0.20 27.29 5.66 20.08 2.10
2015 11 26 0.00 22.14 6.69 18.02 2.30
2015 11 27 0.00 26.26 8.75 18.02 2.30
2015 11 28 0.00 26.26 -6.70 7.72 2.30
2015 11 29 0.00 36.56 -5.67 10.81 2.30
2015 11 30 0.00 40.68 6.69 26.26 2.30
2015 12 1 0.00 42.74 11.84 26.26 2.30
2015 12 2 0.00 49.95 33.47 40.68 2.30
2015 12 3 0.20 48.92 30.38 39.65 2.30
2015 12 4 0.00 36.56 21.11 31.41 2.50
2015 12 5 0.00 47.89 14.93 29.35 2.50
2015 12 6 0.00 44.80 33.47 41.71 2.50
2015 12 7 0.00 46.86 41.71 43.77 2.50
2015 12 8 0.00 53.04 42.74 48.92 2.10
2015 12 9 0.10 50.98 41.71 45.83 1.60
2015 12 10 1.40 45.83 28.32 34.50 0.90
2015 12 11 0.60 33.47 23.17 27.29 1.10
2015 12 12 0.00 37.59 7.72 24.20 1.50
2015 12 13 0.80 37.59 21.11 31.41 1.50
2015 12 14 0.00 25.23 -0.52 14.93 2.20
2015 12 15 0.00 25.23 -4.64 8.75 2.20
2015 12 16 0.20 34.50 -3.61 16.99 2.20
2015 12 17 0.10 39.65 27.29 35.53 2.40
2015 12 18 0.00 43.77 36.56 38.62 2.50
2015 12 19 0.10 36.56 26.26 31.41 2.50
2015 12 20 0.00 34.50 24.20 29.35 2.60
2015 12 21 1.50 36.56 33.47 35.53 2.60
2015 12 22 0.50 41.71 33.47 36.56 3.40
2015 12 23 0.10 34.50 24.20 29.35 3.10
2015 12 24 0.80 25.23 20.08 23.17 2.90
2015 12 25 0.00 27.29 8.75 19.05 3.70
2015 12 26 0.00 27.29 -0.52 14.93 3.70
2015 12 27 0.10 37.59 -4.64 16.99 3.70
2015 12 28 0.10 30.38 19.05 24.20 3.80
2015 12 29 0.00 30.38 6.69 20.08 3.90
2015 12 30 0.00 31.41 12.87 26.26 3.90
2015 12 31 0.00 22.14 11.84 16.99 3.90
2016 1 1 0.00 19.05 -10.82 7.72 3.90
2016 1 2 0.10 38.62 -15.97 10.81 3.90
2016 1 3 0.00 40.68 23.17 28.32 4.00
2016 1 4 0.10 38.62 15.96 29.35 4.00
2016 1 5 0.70 36.56 28.32 32.44 4.10
2016 1 6 0.30 34.50 22.14 28.32 4.80
2016 1 7 0.10 35.53 19.05 27.29 5.10
2016 1 8 0.00 33.47 7.72 19.05 5.20
2016 1 9 0.00 37.59 15.96 30.38 5.20
2016 1 10 0.00 33.47 23.17 28.32 5.20
2016 1 11 0.00 41.71 12.87 25.23 5.20
2016 1 12 0.00 47.89 9.78 28.32 5.20
2016 1 13 0.80 42.74 29.35 33.47 5.20
2016 1 14 0.80 38.62 28.32 31.41 6.00
2016 1 15 0.60 33.47 22.14 30.38 6.80
2016 1 16 0.00 41.71 32.44 37.59 7.40
2016 1 17 0.00 42.74 30.38 37.59 7.40
2016 1 18 0.10 42.74 32.44 35.53 7.40
2016 1 19 0.60 39.65 33.47 36.56 7.50
2016 1 20 0.00 43.77 26.26 35.53 7.70
2016 1 21 0.10 53.04 23.17 35.53 7.70
2016 1 22 0.80 44.80 35.53 38.62 7.80
2016 1 23 0.30 39.65 29.35 33.47 8.00
2016 1 24 0.00 36.56 27.29 32.44 8.00
2016 1 25 0.00 40.68 18.02 29.35 8.00
2016 1 26 0.00 40.68 12.87 26.26 8.00
2016 1 27 0.00 52.01 21.11 30.38 8.00
2016 1 28 0.20 48.92 21.11 37.59 8.00
2016 1 29 2.50 45.83 37.59 41.71 8.00
2016 1 30 1.30 39.65 26.26 30.38 7.80
2016 1 31 0.70 27.29 19.05 24.20 7.60
2016 2 1 0.00 27.29 4.63 15.96 8.30
2016 2 2 0.00 26.26 18.02 23.17 8.30
2016 2 3 0.00 36.56 3.60 23.17 8.30
2016 2 4 0.00 42.74 18.02 30.38 8.30
2016 2 5 0.00 45.83 8.75 25.23 8.30
2016 2 6 0.00 49.95 20.08 31.41 8.30
2016 2 7 0.00 47.89 16.99 29.35 8.30
2016 2 8 0.00 49.95 16.99 29.35 8.30
2016 2 9 0.00 57.16 15.96 31.41 8.30
2016 2 10 0.00 58.19 26.26 42.74 8.30
2016 2 11 0.00 59.22 25.23 38.62 8.30
2016 2 12 0.00 56.13 28.32 45.83 8.20
2016 2 13 0.00 55.10 29.35 42.74 8.20
2016 2 14 0.00 50.98 30.38 40.68 8.10
2016 2 15 0.00 55.10 26.26 35.53 7.90
2016 2 16 0.00 59.22 26.26 42.74 7.70
2016 2 17 0.10 49.95 29.35 40.68 7.70
2016 2 18 1.10 31.41 26.26 29.35 7.80
2016 2 19 0.00 39.65 26.26 34.50 8.90
2016 2 20 0.00 45.83 22.14 34.50 8.90
2016 2 21 0.00 52.01 27.29 41.71 8.90
2016 2 22 0.00 49.95 23.17 34.50 8.90
2016 2 23 0.00 44.80 15.96 28.32 8.80
2016 2 24 0.00 55.10 26.26 42.74 8.70
2016 2 25 0.00 59.22 24.20 37.59 8.60
2016 2 26 0.00 55.10 26.26 40.68 8.50
2016 2 27 0.00 50.98 40.68 44.80 8.40
2016 2 28 0.00  nan  nan  nan 8.20
2016 2 29 0.00  nan  nan  nan 7.90
2016 3 1 0.00 50.98 41.71 45.83 7.50
2016 3 2 0.00 56.13 42.74 47.89 6.80
2016 3 3 0.00 52.01 42.74 45.83 6.20
2016 3 4 0.80 53.04 34.50 41.71 5.60
2016 3 5 0.50 48.92 34.50 40.68 5.00
2016 3 6 0.70 38.62 26.26 31.41 4.80
2016 3 7 0.40 36.56 28.32 31.41 4.40
2016 3 8 0.10 38.62 15.96 30.38 4.70
2016 3 9 0.00 45.83 34.50 39.65 4.70
2016 3 10 0.00 48.92 39.65 43.77 4.30
2016 3 11 0.00 44.80 30.38 38.62 3.20
2016 3 12 0.30 38.62 30.38 33.47 2.60
2016 3 13 1.00 37.59 32.44 33.47 2.90
2016 3 14 0.00 40.68 31.41 35.53 3.90
2016 3 15 0.00 47.89 26.26 35.53 3.80
2016 3 16 0.00 53.04 23.17 34.50 3.60
2016 3 17 0.00 56.13 24.20 36.56 3.20
2016 3 18 0.00 60.25 25.23 41.71 2.80
2016 3 19 0.00 59.22 27.29 43.77 2.00
2016 3 20 0.70 53.04 38.62 43.77 1.20
2016 3 21 0.30 40.68 29.35 35.53 0.50
2016 3 22 0.20 36.56 22.14 29.35 0.80
2016 3 23 0.00 49.95 13.90 31.41 0.90
2016 3 24 0.00 54.07 28.32 41.71 0.80
2016 3 25 0.00 55.10 28.32 40.68 0.30
2016 3 26 0.00 50.98 23.17 37.59 0.00
2016 3 27 0.00 52.01 37.59 43.77 0.00
2016 3 28 0.70 38.62 25.23 30.38 0.00
2016 3 29 0.00 40.68 19.05 28.32 0.60
2016 3 30 0.00 43.77 27.29 33.47 0.60
2016 3 31 0.00 54.07 22.14 35.53 0.60
2016 4 1 0.00 59.22 26.26 40.68 0.00
2016 4 2 0.00 59.22 27.29 43.77 0.00
2016 4 3 0.00 58.19 35.53 47.89 0.00
2016 4 4 0.00 59.22 33.47 47.89 0.00
2016 4 5 0.00 59.22 26.26 39.65 0.00
2016 4 6 0.00 64.37 25.23 42.74 0.00
2016 4 7 0.00 66.43 28.32 45.83 0.00
2016 4 8 0.00 63.34 32.44 47.89 0.00
2016 4 9 0.60 50.98 35.53 41.71 0.00
2016 4 10 0.00 48.92 36.56 41.71 0.00
2016 4 11 0.00 57.16 36.56 45.83 0.00
2016 4 12 0.00 54.07 39.65 45.83 0.00
2016 4 13 0.00 48.92 36.56 42.74 0.00
2016 4 14 0.10 40.68 29.35 35.53 0.00
2016 4 15 0.00 45.83 25.23 34.50 0.00
2016 4 16 0.00 57.16 21.11 36.56 0.00
2016 4 17 0.00 62.31 23.17 40.68 0.00
2016 4 18 0.00 67.46 25.23 45.83 0.00
2016 4 19 0.00 67.46 27.29 48.92 0.00
2016 4 20 0.00 64.37 46.86 54.07 0.00
2016 4 21 0.00 62.31 33.47 47.89 0.00
2016 4 22 0.90 47.89 29.35 38.62 0.00
2016 4 23 0.10 43.77 29.35 36.56 0.60
2016 4 24 0.00 48.92 32.44 39.65 0.00
2016 4 25 0.00 42.74 26.26 33.47 0.00
2016 4 26 0.00 49.95 22.14 36.56 0.00
2016 4 27 0.20 52.01 32.44 37.59 0.00
2016 4 28 0.00 49.95 30.38 38.62 0.00
2016 4 29 0.10 55.10 28.32 40.68 0.00
2016 4 30 0.00 46.86 32.44 38.62 0.00
2016 5 1 0.00 56.13 27.29 41.71 0.00
2016 5 2 0.00 60.25 28.32 42.74 0.00
2016 5 3 0.00 62.31 28.32 45.83 0.00
2016 5 4 0.00 61.28 34.50 47.89 0.00
2016 5 5 1.20 46.86 34.50 40.68 0.00
2016 5 6 0.20 54.07 35.53 42.74 0.00
2016 5 7 0.20 49.95 38.62 42.74 0.00
2016 5 8 0.00 61.28 39.65 48.92 0.00
2016 5 9 0.00 61.28 36.56 48.92 0.00
2016 5 10 0.00 59.22 29.35 42.74 0.00
2016 5 11 0.00 65.40 26.26 43.77 0.00
2016 5 12 0.00 69.52 31.41 53.04 0.00
2016 5 13 0.00 72.61 37.59 57.16 0.00
2016 5 14 0.00 56.13 41.71 50.98 0.00
2016 5 15 0.00 57.16 28.32 44.80 0.00
2016 5 16 0.00 54.07 34.50 44.80 0.00
2016 5 17 0.00 62.31 35.53 47.89 0.00
2016 5 18 0.00 69.52 30.38 52.01 0.00
2016 5 19 0.00 60.25 45.83 53.04 0.00
2016 5 20 0.00 45.83 31.41 38.62 0.00
2016 5 21 0.00 45.83 33.47 37.59 0.00
2016 5 22 0.00 50.98 29.35 40.68 0.00
2016 5 23 0.10 56.13 25.23 40.68 0.00
2016 5 24 0.00 50.98 37.59 42.74 0.00
2016 5 25 0.00 57.16 30.38 41.71 0.00
2016 5 26 0.00 60.25 30.38 46.86 0.00
2016 5 27 0.00 63.34 31.41 48.92 0.00
2016 5 28 0.00 66.43 30.38 48.92 0.00
2016 5 29 0.00 69.52 33.47 53.04 0.00
2016 5 30 0.00 74.67 33.47 55.10 0.00
2016 5 31 0.00 76.73 36.56 57.16 0.00
2016 6 1 0.00 73.64 38.62 59.22 0.00
2016 6 2 0.00 75.70 44.80 63.34 0.00
2016 6 3 0.00 81.88 35.53 58.19 0.00
2016 6 4 0.00 79.82 37.59 62.31 0.00
2016 6 5 0.00 76.73 49.95 64.37 0.00
2016 6 6 0.00 77.76 39.65 60.25 0.00
2016 6 7 0.00 79.82 52.01 66.43 0.00
2016 6 8 0.00 73.64 57.16 64.37 0.00
2016 6 9 0.00 67.46 55.10 60.25 0.00
2016 6 10 0.00 62.31 47.89 57.16 0.00
2016 6 11 0.00 63.34 34.50 49.95 0.00
2016 6 12 0.00 64.37 33.47 49.95 0.00
2016 6 13 0.00 66.43 41.71 56.13 0.00
2016 6 14 0.00 59.22 45.83 52.01 0.00
2016 6 15 0.00 55.10 39.65 45.83 0.00
2016 6 16 0.00 57.16 37.59 46.86 0.00
2016 6 17 0.00 60.25 40.68 50.98 0.00
2016 6 18 0.00 61.28 41.71 54.07 0.00
2016 6 19 0.00 72.61 32.44 55.10 0.00
2016 6 20 0.00 76.73 58.19 67.46 0.00
2016 6 21 0.00 81.88 47.89 68.49 0.00
2016 6 22 0.00 77.76 61.28 67.46 0.00
2016 6 23 0.00 72.61 58.19 64.37 0.00
2016 6 24 0.00 73.64 45.83 62.31 0.00
2016 6 25 0.00 80.85 33.47 58.19 0.00
2016 6 26 0.00 80.85 37.59 62.31 0.00
2016 6 27 0.00 82.91 37.59 64.37 0.00
2016 6 28 0.00 84.97 41.71 66.43 0.00
2016 6 29 0.00 81.88 47.89 68.49 0.00
2016 6 30 0.00 82.91 39.65 64.37 0.00
2016 7 1 0.00 80.85 41.71 64.37 0.00
2016 7 2 0.00 77.76 50.98 67.46 0.00
2016 7 3 0.00 77.76 50.98 66.43 0.00
2016 7 4 0.00 75.70 49.95 65.40 0.00
2016 7 5 0.00 73.64 49.95 63.34 0.00
2016 7 6 0.00 73.64 56.13 63.34 0.00
2016 7 7 0.00 73.64 42.74 61.28 0.00
2016 7 8 0.00 72.61 55.10 62.31 0.00
2016 7 9 0.00 64.37 53.04 58.19 0.00
2016 7 10 0.00 63.34 37.59 54.07 0.00
2016 7 11 0.00 71.58 28.32 52.01 0.00
2016 7 12 0.00 71.58 42.74 61.28 0.00
2016 7 13 0.00 79.82 32.44 59.22 0.00
2016 7 14 0.00 82.91 36.56 61.28 0.00
2016 7 15 0.00 79.82 40.68 63.34 0.00
2016 7 16 0.00 75.70 43.77 64.37 0.00
2016 7 17 0.00 72.61 58.19 64.37 0.00
2016 7 18 0.00 69.52 54.07 61.28 0.00
2016 7 19 0.00 70.55 50.98 61.28 0.00
2016 7 20 0.00 75.70 55.10 64.37 0.00
2016 7 21 0.00 75.70 56.13 66.43 0.00
2016 7 22 0.00 77.76 46.86 66.43 0.00
2016 7 23 0.00 82.91 32.44 59.22 0.00
2016 7 24 0.00 83.94 36.56 63.34 0.00
2016 7 25 0.00 80.85 53.04 68.49 0.00
2016 7 26 0.00 84.97 37.59 64.37 0.00
2016 7 27 0.00 88.06 49.95 72.61 0.00
2016 7 28 0.00 90.12 48.92 70.55 0.00
2016 7 29 0.00 88.06 49.95 70.55 0.00
2016 7 30 0.00 83.94 57.16 72.61 0.00
2016 7 31 0.00 79.82 66.43 71.58 0.00
2016 8 1 0.00 80.85 56.13 70.55 0.00
2016 8 2 0.00 81.88 59.22 71.58 0.00
2016 8 3 0.00 83.94 37.59 62.31 0.00
2016 8 4 0.00 79.82 37.59 62.31 0.00
2016 8 5 0.00 74.67 57.16 64.37 0.00
2016 8 6 0.00 74.67 35.53 60.25 0.00
2016 8 7 0.00 73.64 49.95 62.31 0.00
2016 8 8 0.00 72.61 32.44 56.13 0.00
2016 8 9 0.00 74.67 32.44 57.16 0.00
2016 8 10 0.00 73.64 34.50 56.13 0.00
2016 8 11 0.00 79.82 36.56 59.22 0.00
2016 8 12 0.00 83.94 38.62 62.31 0.00
2016 8 13 0.00 86.00 39.65 65.40 0.00
2016 8 14 0.00 80.85 41.71 64.37 0.00
2016 8 15 0.00 82.91 40.68 63.34 0.00
2016 8 16 0.00 86.00 39.65 62.31 0.00
2016 8 17 0.00 84.97 41.71 62.31 0.00
2016 8 18 0.00 86.00 41.71 63.34 0.00
2016 8 19 0.00 84.97 42.74 64.37 0.00
2016 8 20 0.00 84.97 47.89 68.49 0.00
2016 8 21 0.00 82.91 49.95 66.43 0.00
2016 8 22 0.00 78.79 48.92 62.31 0.00
2016 8 23 0.00 77.76 52.01 66.43 0.00
2016 8 24 0.00 77.76 40.68 61.28 0.00
2016 8 25 0.00 76.73 36.56 58.19 0.00
2016 8 26 0.00 77.76 33.47 58.19 0.00
2016 8 27 0.00 76.73 39.65 61.28 0.00
2016 8 28 0.00 77.76 54.07 65.40 0.00
2016 8 29 0.00 79.82 55.10 67.46 0.00
2016 8 30 0.00 75.70 61.28 67.46 0.00
2016 8 31 0.00 77.76 58.19 65.40 0.00
2016 9 1 0.00 72.61 37.59 59.22 0.00
2016 9 2 0.00 71.58 55.10 61.28 0.00
2016 9 3 0.00 68.49 39.65 56.13 0.00
2016 9 4 0.00 63.34 32.44 50.98 0.00
2016 9 5 0.00 65.40 26.26 43.77 0.00
2016 9 6 0.00 71.58 27.29 50.98 0.00
2016 9 7 0.00 76.73 31.41 55.10 0.00
2016 9 8 0.00 78.79 35.53 58.19 0.00
2016 9 9 0.00 75.70 34.50 53.04 0.00
2016 9 10 0.00 82.91 34.50 59.22 0.00
2016 9 11 0.00 75.70 58.19 64.37 0.00
2016 9 12 0.00 64.37 41.71 57.16 0.00
2016 9 13 0.00 59.22 34.50 46.86 0.00
2016 9 14 0.00 64.37 32.44 48.92 0.00
2016 9 15 0.00 70.55 28.32 45.83 0.00
2016 9 16 0.00 71.58 27.29 46.86 0.00
2016 9 17 0.00 76.73 28.32 54.07 0.00
2016 9 18 0.00 77.76 34.50 60.25 0.00
2016 9 19 0.00 75.70 48.92 65.40 0.00
2016 9 20 0.10 72.61 58.19 63.34 0.00
2016 9 21 0.00 64.37 46.86 55.10 0.00
2016 9 22 0.00 49.95 36.56 41.71 0.00
2016 9 23 0.00 61.28 26.26 41.71 0.00
2016 9 24 0.00 67.46 26.26 43.77 0.00
2016 9 25 0.00 69.52 27.29 46.86 0.00
2016 9 26 0.00 76.73 29.35 49.95 0.00
2016 9 27 0.00 77.76 31.41 52.01 0.00
2016 9 28 0.00 78.79 33.47 57.16 0.00
2016 9 29 0.00 68.49 54.07 61.28 0.00
2016 9 30 0.00 66.43 49.95 56.13 0.00
2016 10 1 0.00 59.22 44.80 49.95 0.00
2016 10 2 0.20 47.89 31.41 40.68 0.00
2016 10 3 0.10 41.71 30.38 36.56 0.00
2016 10 4 0.00 53.04 29.35 40.68 0.00
2016 10 5 0.00 63.34 24.20 37.59 0.00
2016 10 6 0.00 55.10 24.20 37.59 0.00
2016 10 7 0.00 62.31 26.26 40.68 0.00
2016 10 8 0.00 70.55 27.29 46.86 0.00
2016 10 9 0.00 67.46 28.32 50.98 0.00
2016 10 10 0.00 61.28 52.01 56.13 0.00
2016 10 11 0.00 64.37 32.44 52.01 0.00
2016 10 12 0.00 64.37 27.29 47.89 0.00
2016 10 13 0.00 61.28 50.98 54.07 0.00
2016 10 14 1.30 50.98 41.71 46.86 0.00
2016 10 15 0.90 54.07 40.68 46.86 0.00
2016 10 16 3.20 46.86 36.56 42.74 0.00
2016 10 17 1.40 42.74 33.47 38.62 0.00
2016 10 18 0.20 49.95 27.29 38.62 0.00
2016 10 19 0.00 50.98 24.20 34.50 0.00
2016 10 20 0.00 61.28 26.26 38.62 0.00
2016 10 21 0.00 62.31 28.32 47.89 0.00
2016 10 22 0.00 59.22 35.53 50.98 0.00
2016 10 23 0.00 61.28 32.44 48.92 0.00
2016 10 24 0.00 54.07 42.74 47.89 0.00
2016 10 25 0.00 53.04 42.74 46.86 0.00
2016 10 26 0.00 59.22 32.44 49.95 0.00
2016 10 27 0.80 56.13 44.80 48.92 0.00
2016 10 28 0.60 47.89 41.71 45.83 0.00
2016 10 29 0.00 53.04 38.62 46.86 0.00
2016 10 30 0.70 50.98 33.47 42.74 0.00
2016 10 31 0.00 44.80 35.53 39.65 0.00
2016 11 1 0.40 46.86 27.29 35.53 0.00
2016 11 2 0.00 52.01 23.17 33.47 0.00
2016 11 3 0.00 53.04 24.20 34.50 0.00
2016 11 4 0.00 60.25 27.29 38.62 0.00
2016 11 5 0.00 56.13 27.29 43.77 0.00
2016 11 6 0.00 50.98 45.83 46.86 0.00
2016 11 7 0.00 59.22 31.41 43.77 0.00
2016 11 8 0.00 63.34 28.32 40.68 0.00
2016 11 9 0.00 63.34 31.41 46.86 0.00
2016 11 10 0.00 61.28 28.32 40.68 0.00
2016 11 11 0.00 59.22 29.35 45.83 0.00
2016 11 12 0.00 55.10 34.50 48.92 0.00
2016 11 13 0.00 60.25 34.50 48.92 0.00
2016 11 14 0.00 62.31 45.83 56.13 0.00
2016 11 15 0.00 55.10 39.65 49.95 0.00
2016 11 16 0.00 40.68 18.02 31.41 0.00
2016 11 17 0.00 37.59 11.84 23.17 0.00
2016 11 18 0.00 53.04 14.93 33.47 0.00
2016 11 19 0.30 52.01 33.47 42.74 0.00
2016 11 20 0.40 40.68 33.47 35.53 0.00
2016 11 21 0.40 42.74 26.26 33.47 0.00
2016 11 22 0.00 40.68 21.11 32.44 0.40
2016 11 23 0.50 37.59 13.90 28.32 0.40
2016 11 24 0.00 43.77 12.87 34.50 0.90
2016 11 25 0.00 47.89 26.26 39.65 0.90
2016 11 26 0.00 43.77 25.23 34.50 0.90
2016 11 27 0.60 33.47 26.26 29.35 0.90
2016 11 28 0.00 37.59 14.93 30.38 1.50
2016 11 29 0.00 35.53 7.72 20.08 1.50
2016 11 30 0.00 39.65 29.35 33.47 1.50
2016 12 1 0.00 33.47 23.17 28.32 1.50
2016 12 2 0.00 30.38 10.81 20.08 1.50
2016 12 3 0.00 46.86 10.81 25.23 1.50
2016 12 4 0.00 47.89 21.11 40.68 1.50
2016 12 5 0.00 43.77 29.35 36.56 1.50
2016 12 6 0.10 34.50 20.08 29.35 1.50
2016 12 7 0.10 28.32 19.05 22.14 1.50
2016 12 8 1.10 43.77 23.17 39.65 1.50
2016 12 9 0.00 44.80 38.62 41.71 1.20
2016 12 10 5.00 43.77 34.50 39.65 0.00
2016 12 11 0.00 42.74 35.53 38.62 0.00
2016 12 12 0.00 44.80 36.56 39.65 0.00
2016 12 13 0.50 42.74 35.53 38.62 0.00
2016 12 14 0.80 47.89 40.68 44.80 0.00
2016 12 15 2.70 46.86 35.53 42.74 0.00
2016 12 16 0.60 39.65 15.96 28.32 0.00
2016 12 17 0.00 34.50 7.72 18.02 0.00
2016 12 18 0.00 30.38 8.75 15.96 0.00
2016 12 19 0.00 46.86 7.72 25.23 0.00
2016 12 20 0.00 52.01 21.11 33.47 0.00
2016 12 21 0.20 33.47 30.38 31.41 0.00
2016 12 22 0.00 41.71 26.26 33.47 0.20
2016 12 23 0.60 39.65 24.20 33.47 0.20
2016 12 24 0.00 28.32 -0.52 19.05 0.80
2016 12 25 0.00 26.26 -5.67 6.69 0.80
2016 12 26 0.00 33.47 -9.79 7.72 0.80
2016 12 27 0.00 43.77 32.44 40.68 0.80
2016 12 28 0.00 49.95 21.11 34.50 0.80
2016 12 29 0.00 44.80 15.96 27.29 0.80
2016 12 30 0.00 46.86 21.11 40.68 0.80
2016 12 31 0.00 35.53 19.05 26.26 0.80
2017 1 1 0.00 37.59 23.17 30.38 0.80
2017 1 2 0.30 26.26 22.14 24.20 0.70
2017 1 3 1.60 34.50 26.26 30.38 1.00
2017 1 4 3.20 36.56 27.29 33.47 2.60
2017 1 5 0.40 27.29 11.84 19.05 5.80
2017 1 6 0.00 29.35 -5.67 13.90 6.20
2017 1 7 1.50 41.71 22.14 34.50 6.20
2017 1 8 3.70 45.83 34.50 39.65 6.30
2017 1 9 0.90 38.62 28.32 31.41 5.90
2017 1 10 3.80 32.44 31.41 32.44 6.80
2017 1 11 0.70 32.44 25.23 29.35 10.60
2017 1 12 0.30 30.38 24.20 26.26 11.30
2017 1 13 0.00 29.35 23.17 25.23 11.60
2017 1 14 0.00 30.38 21.11 24.20 11.60
2017 1 15 0.00 29.35 18.02 21.11 11.60
2017 1 16 0.00 33.47 4.63 18.02 11.60
2017 1 17 0.00 41.71 5.66 24.20 11.60
2017 1 18 1.40 41.71 32.44 36.56 11.60
2017 1 19 0.90 33.47 26.26 29.35 12.70
2017 1 20 0.50 31.41 26.26 28.32 13.60
2017 1 21 0.90 30.38 25.23 27.29 14.10
2017 1 22 1.90 33.47 24.20 28.32 15.00
2017 1 23 0.00 28.32 15.96 23.17 16.70
2017 1 24 0.00 30.38 -1.55 13.90 16.70
2017 1 25 0.00 31.41 -3.61 18.02 16.50
2017 1 26 0.00 30.38 9.78 21.11 16.40
2017 1 27 0.00 36.56 -3.61 14.93 16.30
2017 1 28 0.00 39.65 -0.52 15.96 16.10
2017 1 29 0.00 48.92 3.60 22.14 16.00
2017 1 30 0.00 57.16 12.87 33.47 15.90
2017 1 31 0.00 52.01 34.50 44.80 15.80
2017 2 1 0.00 47.89 36.56 41.71 15.70
2017 2 2 0.00 41.71 32.44 37.59 15.70
2017 2 3 0.80 39.65 33.47 35.53 15.70
2017 2 4 0.20 37.59 33.47 35.53 16.50
2017 2 5 0.00 46.86 31.41 38.62 16.70
2017 2 6 0.90 36.56 32.44 34.50 16.70
2017 2 7 2.00 42.74 34.50 39.65 17.60
2017 2 8 2.60 47.89 38.62 42.74 18.10
2017 2 9 2.40 48.92 32.44 40.68 17.40
2017 2 10 1.50 36.56 26.26 33.47 16.90
2017 2 11 0.00 38.62 22.14 29.35 17.40
2017 2 12 0.00 41.71 13.90 26.26 17.40
2017 2 13 0.00 46.86 13.90 27.29 17.40
2017 2 14 0.00 50.98 14.93 29.35 17.40
2017 2 15 0.00 48.92 28.32 43.77 17.30
2017 2 16 0.20 47.89 27.29 36.56 17.20
2017 2 17 0.30 35.53 26.26 30.38 17.40
2017 2 18 0.00 40.68 30.38 34.50 17.70
2017 2 19 0.60 38.62 27.29 34.50 17.70
2017 2 20 3.30 36.56 32.44 34.50 18.00
2017 2 21 2.20 35.53 28.32 30.38 21.30
2017 2 22 0.60 30.38 20.08 24.20 23.50
2017 2 23 0.00 29.35 8.75 18.02 24.00
2017 2 24 0.00 28.32 -5.67 14.93 24.00
2017 2 25 0.00 32.44 22.14 24.20 24.00
2017 2 26 0.50 32.44 16.99 26.26 24.00
2017 2 27 0.00 31.41 20.08 25.23 24.50
2017 2 28 0.00 36.56 11.84 25.23 24.50
2017 3 1 0.00 45.83 1.54 22.14 24.50
2017 3 2 0.00 52.01 4.63 26.26 24.50
2017 3 3 0.00 49.95 19.05 36.56 24.50
2017 3 4 0.80 44.80 29.35 36.56 24.50
2017 3 5 1.80 31.41 16.99 22.14 25.30
2017 3 6 1.10 28.32 18.02 24.20 27.10
2017 3 7 0.00 40.68 27.29 34.50 28.20
2017 3 8 0.00 50.98 27.29 40.68 28.20
2017 3 9 0.00 59.22 23.17 41.71 28.20
2017 3 10 0.00 55.10 27.29 43.77 28.20
2017 3 11 0.00 57.16 24.20 41.71 28.00
2017 3 12 0.00 61.28 25.23 39.65 27.90
2017 3 13 0.00 63.34 22.14 44.80 27.60
2017 3 14 0.00 59.22 40.68 50.98 27.30
2017 3 15 0.00 54.07 42.74 47.89 26.70
2017 3 16 0.00 53.04 34.50 46.86 25.70
2017 3 17 0.00 60.25 44.80 52.01 24.40
2017 3 18 0.00 49.95 40.68 45.83 23.40
2017 3 19 0.00 56.13 34.50 46.86 22.20
2017 3 20 0.00 54.07 32.44 42.74 21.10
2017 3 21 1.50 42.74 33.47 37.59 20.30
2017 3 22 0.10 36.56 24.20 33.47 20.00
2017 3 23 0.00 42.74 16.99 32.44 20.10
2017 3 24 0.30 37.59 32.44 35.53 20.10
2017 3 25 0.00 44.80 32.44 36.56 20.10
2017 3 26 0.20 39.65 33.47 36.56 19.70
2017 3 27 0.10 41.71 27.29 33.47 19.40
2017 3 28 0.00 48.92 21.11 33.47 19.20
2017 3 29 0.20 60.25 24.20 42.74 18.70
2017 3 30 0.60 43.77 27.29 33.47 17.90
2017 3 31 0.00 42.74 27.29 33.47 17.20
2017 4 1 0.00 56.13 24.20 36.56 16.90
2017 4 2 0.00 54.07 28.32 37.59 16.20
2017 4 3 0.00 50.98 24.20 35.53 16.10
2017 4 4 0.00 53.04 26.26 41.71 15.40
2017 4 5 0.00 55.10 33.47 44.80 13.60
2017 4 6 0.90 46.86 35.53 41.71 12.40
2017 4 7 1.20 37.59 31.41 34.50 11.60
2017 4 8 0.60 33.47 14.93 27.29 11.50
2017 4 9 0.00 40.68 8.75 28.32 11.80
2017 4 10 0.00 44.80 29.35 36.56 11.90
2017 4 11 0.00 43.77 29.35 38.62 11.70
2017 4 12 0.00 50.98 34.50 42.74 10.80
2017 4 13 0.40 38.62 27.29 31.41 10.10
2017 4 14 0.20 42.74 23.17 31.41 10.40
2017 4 15 0.00 50.98 20.08 36.56 10.50
2017 4 16 1.00 54.07 35.53 42.74 9.90
2017 4 17 0.00 47.89 37.59 41.71 9.40
2017 4 18 0.00 47.89 33.47 39.65 7.90
2017 4 19 0.00 50.98 28.32 39.65 6.60
2017 4 20 0.30 45.83 27.29 37.59 5.60
2017 4 21 0.00 56.13 25.23 38.62 4.40
2017 4 22 0.00 56.13 27.29 45.83 2.90
2017 4 23 0.10 52.01 38.62 44.80 1.20
2017 4 24 0.00 40.68 33.47 36.56 0.60
2017 4 25 0.00 48.92 32.44 40.68 0.00
2017 4 26 0.00 49.95 39.65 43.77 0.00
2017 4 27 0.00 50.98 33.47 41.71 0.00
2017 4 28 0.00 43.77 26.26 35.53 0.00
2017 4 29 0.00 55.10 25.23 38.62 0.00
2017 4 30 0.00 61.28 28.32 45.83 0.00
2017 5 1 0.00 63.34 29.35 44.80 0.00
2017 5 2 0.00 64.37 31.41 46.86 0.00
2017 5 3 0.00 69.52 31.41 47.89 0.00
2017 5 4 0.00 71.58 34.50 55.10 0.00
2017 5 5 0.00 59.22 46.86 53.04 0.00
2017 5 6 0.80 52.01 34.50 42.74 0.00
2017 5 7 0.10 53.04 33.47 40.68 0.00
2017 5 8 0.00 59.22 30.38 42.74 0.00
2017 5 9 0.00 64.37 28.32 45.83 0.00
2017 5 10 0.00 66.43 32.44 52.01 0.00
2017 5 11 0.00 58.19 42.74 52.01 0.00
2017 5 12 0.00 45.83 32.44 39.65 0.00
2017 5 13 0.00 47.89 29.35 37.59 0.00
2017 5 14 0.00 49.95 26.26 36.56 0.00
2017 5 15 0.00 53.04 27.29 40.68 0.00
2017 5 16 0.00 43.77 37.59 39.65 0.00
2017 5 17 0.10 50.98 28.32 39.65 0.00
2017 5 18 0.00 57.16 26.26 40.68 0.00
2017 5 19 0.00 64.37 27.29 44.80 0.00
2017 5 20 0.00 68.49 31.41 52.01 0.00
2017 5 21 0.00 69.52 34.50 50.98 0.00
2017 5 22 0.00 73.64 32.44 53.04 0.00
2017 5 23 0.00 75.70 35.53 59.22 0.00
2017 5 24 0.00 67.46 52.01 60.25 0.00
2017 5 25 0.00 63.34 38.62 53.04 0.00
2017 5 26 0.00 63.34 33.47 49.95 0.00
2017 5 27 0.00 66.43 31.41 47.89 0.00
2017 5 28 0.00 71.58 31.41 53.04 0.00
2017 5 29 0.00 75.70 35.53 57.16 0.00
2017 5 30 0.00 72.61 36.56 57.16 0.00
2017 5 31 0.00 56.13 45.83 50.98 0.00
2017 6 1 0.00 66.43 40.68 53.04 0.00
2017 6 2 0.00 72.61 34.50 56.13 0.00
2017 6 3 0.00 71.58 42.74 59.22 0.00
2017 6 4 0.00 66.43 40.68 58.19 0.00
2017 6 5 0.00 71.58 32.44 54.07 0.00
2017 6 6 0.00 74.67 34.50 58.19 0.00
2017 6 7 0.00 69.52 39.65 58.19 0.00
2017 6 8 0.10 55.10 44.80 49.95 0.00
2017 6 9 0.00 52.01 44.80 47.89 0.00
2017 6 10 0.10 53.04 40.68 45.83 0.00
2017 6 11 0.30 45.83 32.44 38.62 0.00
2017 6 12 0.10 44.80 30.38 36.56 0.00
2017 6 13 0.00 62.31 28.32 45.83 0.00
2017 6 14 0.00 70.55 32.44 54.07 0.00
2017 6 15 0.00 71.58 46.86 60.25 0.00
2017 6 16 0.00 78.79 40.68 63.34 0.00
2017 6 17 0.00 80.85 49.95 66.43 0.00
2017 6 18 0.00 80.85 43.77 62.31 0.00
2017 6 19 0.00 87.03 45.83 66.43 0.00
2017 6 20 0.00 86.00 45.83 66.43 0.00
2017 6 21 0.00 83.94 45.83 64.37 0.00
2017 6 22 0.00 81.88 43.77 62.31 0.00
2017 6 23 0.00 84.97 40.68 63.34 0.00
2017 6 24 0.00 84.97 42.74 67.46 0.00
2017 6 25 0.00 82.91 47.89 68.49 0.00
2017 6 26 0.00 73.64 60.25 66.43 0.00
2017 6 27 0.00 73.64 43.77 62.31 0.00
2017 6 28 0.00 71.58 40.68 60.25 0.00
2017 6 29 0.00 76.73 38.62 59.22 0.00
2017 6 30 0.00 80.85 40.68 62.31 0.00
2017 7 1 0.00 78.79 41.71 62.31 0.00
2017 7 2 0.00 81.88 42.74 65.40 0.00
2017 7 3 0.00 79.82 44.80 64.37 0.00
2017 7 4 0.00 77.76 49.95 66.43 0.00
2017 7 5 0.00 77.76 50.98 67.46 0.00
2017 7 6 0.00 81.88 46.86 62.31 0.00
2017 7 7 0.00 83.94 45.83 66.43 0.00
2017 7 8 0.00 86.00 46.86 68.49 0.00
2017 7 9 0.00 80.85 50.98 69.52 0.00
2017 7 10 0.00 78.79 58.19 68.49 0.00
2017 7 11 0.00 76.73 61.28 68.49 0.00
2017 7 12 0.00 79.82 43.77 65.40 0.00
2017 7 13 0.00 79.82 55.10 69.52 0.00
2017 7 14 0.00 83.94 44.80 66.43 0.00
2017 7 15 0.00 81.88 48.92 68.49 0.00
2017 7 16 0.00 81.88 46.86 67.46 0.00
2017 7 17 0.00 75.70 44.80 63.34 0.00
2017 7 18 0.00 71.58 44.80 63.34 0.00
2017 7 19 0.00 76.73 38.62 62.31 0.00
2017 7 20 0.00 76.73 45.83 64.37 0.00
2017 7 21 0.00 79.82 35.53 60.25 0.00
2017 7 22 0.00 84.97 40.68 64.37 0.00
2017 7 23 0.00 82.91 44.80 66.43 0.00
2017 7 24 0.00 81.88 52.01 67.46 0.00
2017 7 25 0.00 77.76 45.83 61.28 0.00
2017 7 26 0.00 74.67 43.77 60.25 0.00
2017 7 27 0.00 78.79 39.65 60.25 0.00
2017 7 28 0.00 83.94 41.71 63.34 0.00
2017 7 29 0.00 81.88 48.92 65.40 0.00
2017 7 30 0.00 81.88 43.77 63.34 0.00
2017 7 31 0.00 86.00 44.80 65.40 0.00
2017 8 1 0.00 88.06 48.92 67.46 0.00
2017 8 2 0.00 90.12 50.98 71.58 0.00
2017 8 3 0.00 86.00 48.92 67.46 0.00
2017 8 4 0.00 80.85 56.13 69.52 0.00
2017 8 5 0.10 76.73 43.77 60.25 0.00
2017 8 6 0.10 74.67 41.71 58.19 0.00
2017 8 7 0.00 76.73 39.65 58.19 0.00
2017 8 8 0.00 78.79 41.71 60.25 0.00
2017 8 9 0.00 78.79 44.80 62.31 0.00
2017 8 10 0.00 76.73 40.68 60.25 0.00
2017 8 11 0.00 76.73 42.74 61.28 0.00
2017 8 12 0.00 75.70 39.65 61.28 0.00
2017 8 13 0.00 73.64 40.68 61.28 0.00
2017 8 14 0.00 71.58 52.01 62.31 0.00
2017 8 15 0.00 75.70 40.68 57.16 0.00
2017 8 16 0.00 77.76 42.74 59.22 0.00
2017 8 17 0.00 79.82 40.68 61.28 0.00
2017 8 18 0.00 83.94 41.71 64.37 0.00
2017 8 19 0.00 82.91 45.83 62.31 0.00
2017 8 20 0.00 80.85 45.83 62.31 0.00
2017 8 21 0.00 79.82 42.74 60.25 0.00
2017 8 22 0.20 76.73 45.83 61.28 0.00
2017 8 23 0.00 76.73 39.65 59.22 0.00
2017 8 24 0.00 76.73 42.74 62.31 0.00
2017 8 25 0.00 78.79 47.89 65.40 0.00
2017 8 26 0.00 82.91 44.80 65.40 0.00
2017 8 27 0.00 84.97 44.80 65.40 0.00
2017 8 28 0.00 81.88 52.01 70.55 0.00
2017 8 29 0.00 83.94 46.86 65.40 0.00
2017 8 30 0.10 78.79 42.74 61.28 0.00
2017 8 31 0.00 79.82 39.65 58.19 0.00
2017 9 1 0.00 81.88 37.59 57.16 0.00
2017 9 2 0.00 86.00 40.68 63.34 0.00
2017 9 3 0.00 88.06 48.92 67.46 0.00
2017 9 4 0.00 86.00 44.80 61.28 0.00
2017 9 5 0.10 84.97 42.74 60.25 0.00
2017 9 6 0.10 78.79 46.86 59.22 0.00
2017 9 7 0.10 70.55 42.74 57.16 0.00
2017 9 8 0.10 70.55 39.65 53.04 0.00
2017 9 9 0.00 71.58 36.56 53.04 0.00
2017 9 10 0.00 76.73 37.59 55.10 0.00
2017 9 11 0.10 77.76 41.71 58.19 0.00
2017 9 12 0.10 74.67 45.83 58.19 0.00
2017 9 13 0.00 73.64 39.65 54.07 0.00
2017 9 14 0.00 65.40 41.71 55.10 0.00
2017 9 15 0.00 61.28 33.47 45.83 0.00
2017 9 16 0.00 64.37 27.29 45.83 0.00
2017 9 17 0.00 65.40 34.50 52.01 0.00
2017 9 18 0.00 59.22 49.95 53.04 0.00
2017 9 19 0.00 59.22 44.80 49.95 0.00
2017 9 20 0.00 53.04 39.65 47.89 0.00
2017 9 21 0.40 42.74 32.44 36.56 0.00
2017 9 22 0.10 42.74 27.29 33.47 0.00
2017 9 23 0.00 48.92 22.14 33.47 0.00
2017 9 24 0.10 53.04 22.14 35.53 0.00
2017 9 25 0.00 58.19 24.20 38.62 0.00
2017 9 26 0.00 59.22 26.26 42.74 0.00
2017 9 27 0.00 63.34 27.29 41.71 0.00
2017 9 28 0.00 66.43 27.29 46.86 0.00
2017 9 29 0.00 59.22 34.50 50.98 0.00
2017 9 30 0.00 64.37 36.56 53.04 0.00
2017 10 1 0.00 55.10 28.32 40.68 0.00
2017 10 2 0.00 50.98 22.14 35.53 0.00
2017 10 3 0.00 47.89 21.11 33.47 0.00
2017 10 4 0.00 55.10 21.11 35.53 0.00
2017 10 5 0.00 58.19 22.14 36.56 0.00
2017 10 6 0.00 66.43 23.17 40.68 0.00
2017 10 7 0.00 68.49 30.38 57.16 0.00
2017 10 8 0.00 57.16 33.47 44.80 0.00
2017 10 9 0.00 52.01 23.17 34.50 0.00
2017 10 10 0.00 58.19 24.20 46.86 0.00
2017 10 11 0.00 53.04 27.29 45.83 0.00
2017 10 12 0.00 49.95 16.99 31.41 0.00
2017 10 13 0.00 57.16 22.14 39.65 0.00
2017 10 14 0.00 47.89 21.11 31.41 0.00
2017 10 15 0.00 59.22 16.99 34.50 0.00
2017 10 16 0.00 66.43 22.14 40.68 0.00
2017 10 17 0.00 64.37 28.32 50.98 0.00
2017 10 18 0.00 66.43 24.20 45.83 0.00
2017 10 19 0.50 55.10 44.80 50.98 0.00
2017 10 20 0.00 44.80 26.26 35.53 0.00
2017 10 21 0.00 53.04 24.20 38.62 0.00
2017 10 22 0.10 65.40 33.47 48.92 0.00
2017 10 23 0.00 63.34 28.32 42.74 0.00
2017 10 24 0.00 63.34 28.32 41.71 0.00
2017 10 25 0.00 69.52 27.29 43.77 0.00
2017 10 26 0.00 66.43 27.29 42.74 0.00
2017 10 27 0.00 64.37 27.29 40.68 0.00
2017 10 28 0.00 66.43 26.26 40.68 0.00
2017 10 29 0.00 69.52 28.32 46.86 0.00
2017 10 30 0.00 59.22 30.38 48.92 0.00
2017 10 31 0.00 53.04 26.26 35.53 0.00
2017 11 1 0.00 61.28 24.20 46.86 0.00
2017 11 2 0.00 53.04 39.65 45.83 0.00
2017 11 3 0.10 41.71 36.56 39.65 0.00
2017 11 4 0.00 40.68 36.56 38.62 0.00
2017 11 5 0.00 40.68 35.53 37.59 0.00
2017 11 6 0.00 44.80 23.17 34.50 0.00
2017 11 7 0.00 42.74 14.93 27.29 0.00
2017 11 8 0.00 49.95 24.20 44.80 0.00
2017 11 9 0.60 46.86 38.62 40.68 0.00
2017 11 10 0.00 43.77 37.59 39.65 0.00
2017 11 11 0.00 49.95 26.26 35.53 0.00
2017 11 12 0.20 54.07 26.26 43.77 0.00
2017 11 13 0.80 45.83 36.56 41.71 0.00
2017 11 14 0.00 46.86 37.59 41.71 0.00
2017 11 15 1.40 45.83 36.56 41.71 0.00
2017 11 16 6.00 42.74 33.47 37.59 0.00
2017 11 17 0.00 38.62 21.11 31.41 0.00
2017 11 18 0.00 49.95 15.96 28.32 0.00
2017 11 19 0.00 50.98 33.47 44.80 0.00
2017 11 20 0.00 48.92 38.62 43.77 0.00
2017 11 21 0.00 58.19 33.47 44.80 0.00
2017 11 22 0.00 63.34 31.41 45.83 0.00
2017 11 23 0.00 58.19 46.86 54.07 0.00
2017 11 24 0.00 53.04 44.80 48.92 0.00
2017 11 25 0.00 60.25 31.41 47.89 0.00
2017 11 26 0.90 55.10 37.59 47.89 0.00
2017 11 27 0.30 37.59 25.23 31.41 0.00
2017 11 28 0.00 44.80 26.26 34.50 0.00
2017 11 29 0.00 41.71 24.20 29.35 0.00
2017 11 30 0.00 48.92 23.17 34.50 0.00
2017 12 1 0.00 46.86 23.17 37.59 0.00
2017 12 2 0.10 48.92 38.62 43.77 0.00
2017 12 3 0.20 39.65 11.84 26.26 0.00
2017 12 4 0.00 28.32 4.63 14.93 0.10
2017 12 5 0.00 35.53 2.57 15.96 0.10
2017 12 6 0.00 37.59 5.66 19.05 0.10
2017 12 7 0.00 42.74 5.66 21.11 0.10
2017 12 8 0.00 47.89 10.81 25.23 0.10
2017 12 9 0.00 45.83 10.81 24.20 0.10
2017 12 10 0.00 47.89 8.75 23.17 0.10
2017 12 11 0.00 43.77 7.72 22.14 0.10
2017 12 12 0.00 52.01 7.72 23.17 0.00
2017 12 13 0.10 53.04 7.72 26.26 0.00
2017 12 14 0.00 45.83 14.93 27.29 0.00
2017 12 15 0.00 54.07 34.50 49.95 0.00
2017 12 16 0.00 34.50 21.11 26.26 0.00
2017 12 17 0.00 38.62 11.84 23.17 0.00
2017 12 18 0.00 49.95 18.02 29.35 0.00
2017 12 19 0.20 47.89 35.53 43.77 0.00
2017 12 20 0.10 41.71 11.84 26.26 0.00
2017 12 21 0.00 30.38 6.69 15.96 0.10
2017 12 22 0.00 46.86 6.69 34.50 0.10
2017 12 23 0.00 47.89 29.35 40.68 0.00
2017 12 24 0.00 48.92 28.32 40.68 0.00
2017 12 25 0.00 47.89 29.35 39.65 0.00
2017 12 26 0.00 53.04 27.29 42.74 0.00
2017 12 27 0.00 52.01 28.32 43.77 0.00
2017 12 28 0.00 56.13 28.32 44.80 0.00
2017 12 29 0.00 56.13 48.92 50.98 0.00
2017 12 30 0.00 54.07 38.62 48.92 0.00
2017 12 31 0.00 53.04 27.29 41.71 0.00
2018 1 1 0.00 49.95 25.23 34.50 0.00
2018 1 2 0.00 47.89 22.14 32.44 0.00
2018 1 3 0.00 53.04 27.29 38.62 0.00
2018 1 4 0.30 47.89 31.41 41.71 0.00
2018 1 5 0.20 46.86 37.59 42.74 0.00
2018 1 6 0.80 42.74 25.23 36.56 0.00
2018 1 7 0.00 44.80 20.08 32.44 0.00
2018 1 8 0.40 44.80 35.53 39.65 0.00
2018 1 9 0.10 43.77 33.47 38.62 0.00
2018 1 10 0.20 43.77 35.53 38.62 0.00
2018 1 11 0.00 47.89 37.59 42.74 0.00
2018 1 12 0.00 45.83 25.23 37.59 0.00
2018 1 13 0.00 48.92 23.17 32.44 0.00
2018 1 14 0.00 52.01 23.17 33.47 0.00
2018 1 15 0.00 54.07 27.29 41.71 0.00
2018 1 16 0.00 45.83 29.35 39.65 0.00
2018 1 17 0.00 53.04 36.56 46.86 0.00
2018 1 18 0.20 48.92 32.44 43.77 0.00
2018 1 19 0.40 34.50 19.05 27.29 0.00
2018 1 20 0.00 34.50 8.75 20.08 0.40
2018 1 21 0.00 35.53 6.69 26.26 0.40
2018 1 22 0.00 40.68 22.14 31.41 0.40
2018 1 23 0.00 44.80 19.05 34.50 0.40
2018 1 24 0.40 44.80 29.35 38.62 0.40
2018 1 25 0.20 30.38 22.14 26.26 0.80
2018 1 26 0.00 34.50 22.14 29.35 1.00
2018 1 27 0.00 44.80 24.20 34.50 1.00
2018 1 28 0.00 53.04 18.02 30.38 1.00
2018 1 29 0.00 54.07 21.11 39.65 1.00
2018 1 30 0.00 53.04 36.56 46.86 1.00
2018 1 31 0.00 53.04 30.38 42.74 1.00
2018 2 1 0.00 55.10 27.29 38.62 1.00
2018 2 2 0.00 55.10 25.23 35.53 1.00
2018 2 3 0.00 55.10 24.20 34.50 1.00
2018 2 4 0.00 54.07 24.20 34.50 1.00
2018 2 5 0.00 53.04 24.20 35.53 1.00
2018 2 6 0.00 48.92 21.11 31.41 1.00
2018 2 7 0.00 52.01 21.11 32.44 1.00
2018 2 8 0.00 58.19 22.14 35.53 1.00
2018 2 9 0.00 55.10 25.23 38.62 1.00
2018 2 10 0.00 45.83 19.05 34.50 1.00
2018 2 11 0.00 44.80 14.93 31.41 1.00
2018 2 12 0.20 28.32 22.14 24.20 1.00
2018 2 13 0.00 34.50 14.93 24.20 1.10
2018 2 14 0.00 37.59 26.26 32.44 1.10
2018 2 15 0.00 37.59 14.93 26.26 1.10
2018 2 16 0.00 48.92 14.93 30.38 1.10
2018 2 17 0.00 53.04 23.17 39.65 1.10
2018 2 18 0.00 40.68 18.02 30.38 1.10
2018 2 19 0.00 23.17 0.51 14.93 1.00
2018 2 20 0.00 29.35 -5.67 12.87 1.00
2018 2 21 0.00 32.44 6.69 20.08 1.00
2018 2 22 0.20 25.23 3.60 20.08 1.00
2018 2 23 0.00 25.23 -3.61 8.75 1.10
2018 2 24 0.00 30.38 1.54 24.20 1.10
2018 2 25 0.00 40.68 4.63 24.20 1.10
2018 2 26 0.30 29.35 18.02 25.23 1.10
2018 2 27 0.00 31.41 -1.55 14.93 1.40
2018 2 28 0.00 37.59 -2.58 22.14 1.40
2018 3 1 1.20 35.53 26.26 29.35 1.40
2018 3 2 0.90 27.29 18.02 23.17 2.60
2018 3 3 0.40 30.38 20.08 24.20 3.50
2018 3 4 0.00 35.53 3.60 22.14 3.90
2018 3 5 0.00 38.62 -5.67 15.96 3.90
2018 3 6 0.00 46.86 0.51 22.14 3.90
2018 3 7 0.00 50.98 14.93 33.47 3.90
2018 3 8 0.10 45.83 36.56 41.71 3.90
2018 3 9 0.00 45.83 31.41 40.68 3.80
2018 3 10 0.10 41.71 27.29 33.47 3.70
2018 3 11 0.00 52.01 23.17 34.50 3.80
2018 3 12 0.00 54.07 26.26 38.62 3.70
2018 3 13 0.70 48.92 30.38 39.65 3.70
2018 3 14 0.20 34.50 26.26 29.35 4.10
2018 3 15 1.40 31.41 24.20 27.29 4.30
2018 3 16 1.50 28.32 21.11 25.23 5.70
2018 3 17 0.10 32.44 5.66 23.17 7.20
2018 3 18 0.10 38.62 -2.58 21.11 7.20
2018 3 19 0.00 44.80 11.84 29.35 7.30
2018 3 20 0.30 44.80 21.11 34.50 7.30
2018 3 21 1.70 45.83 33.47 38.62 7.60
2018 3 22 2.10 38.62 32.44 34.50 7.70
2018 3 23 0.00 38.62 27.29 32.44 8.10
2018 3 24 0.30 35.53 22.14 27.29 8.10
2018 3 25 0.00 36.56 12.87 25.23 8.20
2018 3 26 0.00 40.68 4.63 25.23 8.20
2018 3 27 0.00 49.95 13.90 31.41 8.20
2018 3 28 0.00 59.22 22.14 36.56 8.00
2018 3 29 0.00 59.22 24.20 37.59 7.60
2018 3 30 0.00 60.25 23.17 42.74 7.10
2018 3 31 0.00 55.10 35.53 47.89 6.70
2018 4 1 0.00 56.13 29.35 45.83 6.10
2018 4 2 0.00 54.07 26.26 42.74 5.20
2018 4 3 0.00 55.10 20.08 39.65 4.50
2018 4 4 0.00 58.19 36.56 47.89 3.70
2018 4 5 0.00 52.01 34.50 43.77 2.70
2018 4 6 1.20 47.89 39.65 43.77 1.60
2018 4 7 0.20 48.92 33.47 41.71 0.50
2018 4 8 0.20 53.04 28.32 39.65 0.00
2018 4 9 0.00 61.28 26.26 43.77 0.00
2018 4 10 0.10 57.16 41.71 48.92 0.00
2018 4 11 0.10 50.98 26.26 40.68 0.00
2018 4 12 0.00 35.53 23.17 29.35 0.10
2018 4 13 0.00 49.95 16.99 32.44 0.00
2018 4 14 0.00 57.16 26.26 43.77 0.00
2018 4 15 0.40 52.01 25.23 41.71 0.00
2018 4 16 0.10 32.44 24.20 27.29 0.20
2018 4 17 0.00 42.74 14.93 29.35 0.10
2018 4 18 0.00 40.68 25.23 33.47 0.00
2018 4 19 0.00 42.74 27.29 34.50 0.00
2018 4 20 0.00 57.16 25.23 38.62 0.00
2018 4 21 0.00 66.43 27.29 46.86 0.00
2018 4 22 0.00 62.31 33.47 47.89 0.00
2018 4 23 0.00 61.28 27.29 42.74 0.00
2018 4 24 0.00 63.34 27.29 42.74 0.00
2018 4 25 0.00 69.52 29.35 48.92 0.00
2018 4 26 0.00 70.55 32.44 49.95 0.00
2018 4 27 0.00 54.07 35.53 45.83 0.00
2018 4 28 0.00 45.83 34.50 38.62 0.00
2018 4 29 0.00 45.83 29.35 36.56 0.00
2018 4 30 0.00 46.86 24.20 36.56 0.00
2018 5 1 0.00 52.01 33.47 40.68 0.00
2018 5 2 0.00 55.10 27.29 40.68 0.00
2018 5 3 0.00 64.37 27.29 45.83 0.00
2018 5 4 0.00 67.46 30.38 50.98 0.00
2018 5 5 0.00 64.37 34.50 52.01 0.00
2018 5 6 0.00 61.28 38.62 53.04 0.00
2018 5 7 0.00 71.58 32.44 54.07 0.00
2018 5 8 0.00 72.61 33.47 55.10 0.00
2018 5 9 0.00 63.34 47.89 55.10 0.00
2018 5 10 0.00 63.34 31.41 50.98 0.00
2018 5 11 0.00 52.01 30.38 41.71 0.00
2018 5 12 0.00 48.92 29.35 39.65 0.00
2018 5 13 0.30 57.16 40.68 45.83 0.00
2018 5 14 0.00 58.19 33.47 44.80 0.00
2018 5 15 0.00 60.25 36.56 47.89 0.00
2018 5 16 0.70 44.80 34.50 39.65 0.00
2018 5 17 0.00 56.13 38.62 45.83 0.00
2018 5 18 0.10 62.31 36.56 46.86 0.00
2018 5 19 0.00 62.31 32.44 47.89 0.00
2018 5 20 0.00 61.28 38.62 50.98 0.00
2018 5 21 0.10 60.25 40.68 46.86 0.00
2018 5 22 0.00 60.25 39.65 48.92 0.00
2018 5 23 0.00 63.34 40.68 52.01 0.00
2018 5 24 0.20 65.40 35.53 48.92 0.00
2018 5 25 0.80 50.98 39.65 44.80 0.00
2018 5 26 0.00 47.89 36.56 42.74 0.00
2018 5 27 0.00 61.28 34.50 46.86 0.00
2018 5 28 0.00 68.49 33.47 50.98 0.00
2018 5 29 0.00 71.58 35.53 56.13 0.00
2018 5 30 0.00 65.40 45.83 56.13 0.00
2018 5 31 0.00 53.04 32.44 46.86 0.00
2018 6 1 0.00 64.37 27.29 44.80 0.00
2018 6 2 0.00 74.67 30.38 50.98 0.00
2018 6 3 0.00 75.70 34.50 59.22 0.00
2018 6 4 0.00 70.55 56.13 62.31 0.00
2018 6 5 0.00 70.55 52.01 61.28 0.00
2018 6 6 0.00 69.52 39.65 56.13 0.00
2018 6 7 0.00 66.43 42.74 56.13 0.00
2018 6 8 0.00 69.52 31.41 53.04 0.00
2018 6 9 0.00 55.10 40.68 48.92 0.00
2018 6 10 0.00 64.37 28.32 48.92 0.00
2018 6 11 0.00 73.64 40.68 56.13 0.00
2018 6 12 0.00 79.82 34.50 59.22 0.00
2018 6 13 0.00 74.67 46.86 64.37 0.00
2018 6 14 0.00 73.64 53.04 64.37 0.00
2018 6 15 0.00 67.46 46.86 60.25 0.00
2018 6 16 0.00 64.37 43.77 55.10 0.00
2018 6 17 0.30 57.16 35.53 46.86 0.00
2018 6 18 0.00 63.34 33.47 48.92 0.00
2018 6 19 0.00 71.58 34.50 53.04 0.00
2018 6 20 0.00 74.67 36.56 59.22 0.00
2018 6 21 0.00 75.70 36.56 60.25 0.00
2018 6 22 0.00 79.82 35.53 60.25 0.00
2018 6 23 0.00 77.76 38.62 58.19 0.00
2018 6 24 0.00 81.88 35.53 61.28 0.00
2018 6 25 0.00 78.79 50.98 67.46 0.00
2018 6 26 0.00 78.79 55.10 69.52 0.00
2018 6 27 0.00 75.70 57.16 66.43 0.00
2018 6 28 0.00 68.49 46.86 60.25 0.00
2018 6 29 0.00 73.64 36.56 56.13 0.00
2018 6 30 0.00 75.70 35.53 55.10 0.00
2018 7 1 0.00 82.91 34.50 62.31 0.00
2018 7 2 0.00 78.79 42.74 63.34 0.00
2018 7 3 0.00 74.67 45.83 62.31 0.00
2018 7 4 0.00 74.67 44.80 63.34 0.00
2018 7 5 0.00 73.64 56.13 64.37 0.00
2018 7 6 0.00 73.64 57.16 66.43 0.00
2018 7 7 0.00 77.76 60.25 69.52 0.00
2018 7 8 0.00 76.73 63.34 70.55 0.00
2018 7 9 0.00 77.76 61.28 69.52 0.00
2018 7 10 0.00 78.79 43.77 64.37 0.00
2018 7 11 0.00 82.91 41.71 64.37 0.00
2018 7 12 0.00 87.03 45.83 67.46 0.00
2018 7 13 0.00 80.85 57.16 67.46 0.00
2018 7 14 0.00 84.97 49.95 68.49 0.00
2018 7 15 0.00 81.88 56.13 69.52 0.00
2018 7 16 0.00 81.88 47.89 65.40 0.00
2018 7 17 0.00 83.94 43.77 66.43 0.00
2018 7 18 0.00 84.97 41.71 65.40 0.00
2018 7 19 0.00 87.03 43.77 68.49 0.00
2018 7 20 0.00 82.91 48.92 66.43 0.00
2018 7 21 0.00 82.91 55.10 68.49 0.00
2018 7 22 0.30 82.91 49.95 62.31 0.00
2018 7 23 0.00 81.88 44.80 62.31 0.00
2018 7 24 0.00 82.91 45.83 66.43 0.00
2018 7 25 0.00 86.00 44.80 67.46 0.00
2018 7 26 0.00 90.12 45.83 66.43 0.00
2018 7 27 0.00 84.97 44.80 68.49 0.00
2018 7 28 0.00 84.97 40.68 65.40 0.00
2018 7 29 0.00 87.03 42.74 65.40 0.00
2018 7 30 0.00 87.03 46.86 67.46 0.00
2018 7 31 0.00 83.94 57.16 71.58 0.00
2018 8 1 0.00 82.91 52.01 69.52 0.00
2018 8 2 0.00 81.88 66.43 71.58 0.00
2018 8 3 0.00 78.79 56.13 68.49 0.00
2018 8 4 0.00 73.64 53.04 65.40 0.00
2018 8 5 0.00 75.70 33.47 57.16 0.00
2018 8 6 0.00 80.85 36.56 57.16 0.00
2018 8 7 0.00 86.00 37.59 61.28 0.00
2018 8 8 0.00 86.00 40.68 64.37 0.00
2018 8 9 0.00 89.09 43.77 68.49 0.00
2018 8 10 0.00 86.00 60.25 74.67 0.00
2018 8 11 0.00 83.94 52.01 69.52 0.00
2018 8 12 0.00 82.91 47.89 67.46 0.00
2018 8 13 0.00 81.88 57.16 70.55 0.00
2018 8 14 0.00 82.91 43.77 62.31 0.00
2018 8 15 0.00 79.82 50.98 65.40 0.00
2018 8 16 0.00 80.85 44.80 63.34 0.00
2018 8 17 0.00 79.82 45.83 65.40 0.00
2018 8 18 0.00 80.85 38.62 63.34 0.00
2018 8 19 0.00 82.91 40.68 64.37 0.00
2018 8 20 0.00 78.79 50.98 67.46 0.00
2018 8 21 0.00 74.67 40.68 60.25 0.00
2018 8 22 0.00 76.73 33.47 57.16 0.00
2018 8 23 0.00 75.70 40.68 60.25 0.00
2018 8 24 0.00 72.61 42.74 60.25 0.00
2018 8 25 0.00 74.67 31.41 56.13 0.00
2018 8 26 0.00 72.61 55.10 62.31 0.00
2018 8 27 0.00 72.61 46.86 61.28 0.00
2018 8 28 0.00 73.64 35.53 53.04 0.00
2018 8 29 0.00 75.70 36.56 57.16 0.00
2018 8 30 0.00 70.55 43.77 60.25 0.00
2018 8 31 0.00 71.58 32.44 54.07 0.00
2018 9 1 0.00 74.67 33.47 53.04 0.00
2018 9 2 0.00 80.85 33.47 58.19 0.00
2018 9 3 0.00 80.85 39.65 62.31 0.00
2018 9 4 0.00 80.85 38.62 62.31 0.00
2018 9 5 0.00 78.79 44.80 64.37 0.00
2018 9 6 0.00 76.73 49.95 65.40 0.00
2018 9 7 0.00 77.76 37.59 61.28 0.00
2018 9 8 0.00 75.70 53.04 66.43 0.00
2018 9 9 0.00 79.82 32.44 59.22 0.00
2018 9 10 0.00 76.73 40.68 61.28 0.00
2018 9 11 0.00 71.58 56.13 61.28 0.00
2018 9 12 0.10 61.28 47.89 54.07 0.00
2018 9 13 0.00 61.28 41.71 52.01 0.00
2018 9 14 0.00 66.43 44.80 55.10 0.00
2018 9 15 0.00 62.31 46.86 54.07 0.00
2018 9 16 0.00 67.46 41.71 55.10 0.00
2018 9 17 0.00 68.49 28.32 50.98 0.00
2018 9 18 0.00 67.46 29.35 52.01 0.00
2018 9 19 0.00 67.46 35.53 52.01 0.00
2018 9 20 0.00 68.49 27.29 45.83 0.00
2018 9 21 0.00 74.67 28.32 53.04 0.00
2018 9 22 0.00 70.55 57.16 61.28 0.00
2018 9 23 0.00 68.49 47.89 59.22 0.00
2018 9 24 0.00 68.49 28.32 46.86 0.00
2018 9 25 0.00 69.52 26.26 43.77 0.00
2018 9 26 0.00 74.67 26.26 46.86 0.00
2018 9 27 0.00 79.82 29.35 54.07 0.00
2018 9 28 0.00 75.70 34.50 58.19 0.00
2018 9 29 0.00 64.37 48.92 56.13 0.00
2018 9 30 0.00 63.34 45.83 53.04 0.00
