2014 9 24  nan 62.31 42.74 50.98  nan
2014 9 25  nan 68.49 41.71 52.01 0.00
2014 9 26  nan 68.49 43.77 54.07 0.00
2014 9 27  nan 64.37 41.71 50.98 0.00
2014 9 28  nan 56.13 38.62 45.83 0.00
2014 9 29  nan 44.80 32.44 38.62 0.00
2014 9 30  nan 37.59 32.44 33.47 0.00
2014 10 1 0.30 38.62 29.35 33.47 0.00
2014 10 2 0.10 35.53 26.26 31.41 0.00
2014 10 3 0.00 44.80 31.41 36.56 0.00
2014 10 4 0.00 48.92 34.50 40.68 0.00
2014 10 5 0.00 48.92 35.53 41.71 0.00
2014 10 6 0.00 54.07 38.62 44.80 0.00
2014 10 7 0.00 56.13 35.53 45.83 0.00
2014 10 8 0.00 57.16 37.59 44.80 0.00
2014 10 9 1.00 44.80 33.47 37.59 0.00
2014 10 10 0.10 40.68 33.47 36.56 0.40
2014 10 11 0.00 45.83 35.53 40.68 0.00
2014 10 12 0.10 40.68 29.35 33.47 0.00
2014 10 13 0.00 36.56 27.29 31.41 0.00
2014 10 14 0.00 53.04 31.41 41.71 0.00
2014 10 15 0.00 60.25 38.62 48.92 0.00
2014 10 16 0.00 54.07 34.50 43.77 0.00
2014 10 17 0.00 54.07 30.38 40.68 0.00
2014 10 18 0.00 53.04 32.44 42.74 0.00
2014 10 19 0.00 54.07 32.44 41.71 0.00
2014 10 20 0.00 55.10 32.44 42.74 0.00
2014 10 21 0.10 53.04 37.59 43.77 0.00
2014 10 22 0.20 42.74 34.50 37.59 0.00
2014 10 23 0.00 48.92 36.56 42.74 0.00
2014 10 24 0.00 55.10 42.74 46.86 0.00
2014 10 25 0.00 58.19 35.53 47.89 0.00
2014 10 26 0.20 52.01 33.47 45.83 0.00
2014 10 27 0.60 33.47 21.11 25.23 0.00
2014 10 28 0.10 34.50 22.14 29.35 0.30
2014 10 29 0.00 41.71 30.38 36.56 0.30
2014 10 30 0.00 46.86 27.29 35.53 0.30
2014 10 31 0.00 52.01 25.23 39.65 0.30
2014 11 1 0.00 50.98 35.53 42.74 0.30
2014 11 2 0.00 45.83 30.38 37.59 0.00
2014 11 3 0.60 32.44 22.14 26.26 0.00
2014 11 4 0.00 31.41 21.11 26.26 0.40
2014 11 5 0.00 40.68 27.29 33.47 0.40
2014 11 6 0.00 47.89 30.38 39.65 0.40
2014 11 7 0.10 45.83 29.35 36.56 0.40
2014 11 8 0.00 42.74 29.35 35.53 0.50
2014 11 9 0.10 44.80 34.50 38.62 0.50
2014 11 10 0.40 38.62 3.60 24.20 0.50
2014 11 11 0.10 9.78 -10.82 0.51 0.70
2014 11 12 0.40 5.66 -14.94 -9.79 0.70
2014 11 13 0.50 24.20 5.66 16.99 1.10
2014 11 14 0.40 27.29 23.17 25.23 1.60
2014 11 15 0.70 26.26 4.63 16.99 1.80
2014 11 16 0.20 9.78 1.54 4.63 2.30
2014 11 17 0.00 12.87 4.63 8.75 2.50
2014 11 18 0.10 21.11 10.81 16.99 2.60
2014 11 19 0.00 28.32 18.02 23.17 2.60
2014 11 20 0.00 34.50 23.17 28.32 2.60
2014 11 21 0.00 32.44 20.08 27.29 2.60
2014 11 22 0.20 33.47 24.20 28.32 2.60
2014 11 23 0.50 24.20 9.78 15.96 2.80
2014 11 24 0.60 18.02 9.78 12.87 3.10
2014 11 25 1.20 24.20 9.78 15.96 3.60
2014 11 26 1.00 28.32 24.20 27.29 4.80
2014 11 27 0.00 32.44 25.23 28.32 5.70
2014 11 28 0.00 39.65 27.29 33.47 5.70
2014 11 29 0.00 37.59 29.35 33.47 5.70
2014 11 30 0.10 35.53 12.87 29.35 5.70
2014 12 1 0.10 29.35 12.87 26.26 5.60
2014 12 2 0.00 34.50 27.29 30.38 5.70
2014 12 3 0.00 38.62 27.29 32.44 5.70
2014 12 4 0.00 36.56 30.38 33.47 5.70
2014 12 5 0.10 35.53 24.20 30.38 5.70
2014 12 6 0.00 38.62 22.14 31.41 5.70
2014 12 7 0.00 33.47 27.29 30.38 5.70
2014 12 8 0.00 39.65 26.26 32.44 5.70
2014 12 9 0.00 39.65 24.20 34.50 5.70
2014 12 10 0.00 40.68 26.26 33.47 5.70
2014 12 11 0.00 41.71 30.38 35.53 5.60
2014 12 12 0.00 45.83 30.38 37.59 5.60
2014 12 13 0.00 41.71 25.23 34.50 5.60
2014 12 14 0.50 28.32 18.02 24.20 5.60
2014 12 15 0.20 18.02 13.90 15.96 6.00
2014 12 16 0.20 32.44 14.93 25.23 6.10
2014 12 17 0.10 30.38 18.02 25.23 6.30
2014 12 18 0.00 25.23 16.99 21.11 6.30
2014 12 19 0.00 20.08 15.96 18.02 6.30
2014 12 20 0.10 25.23 19.05 22.14 6.30
2014 12 21 1.30 27.29 21.11 24.20 6.40
2014 12 22 0.30 22.14 9.78 15.96 7.70
2014 12 23 0.30 14.93 7.72 9.78 7.80
2014 12 24 0.10 22.14 7.72 15.96 8.00
2014 12 25 0.50 26.26 6.69 19.05 8.10
2014 12 26 0.20 8.75 -1.55 3.60 8.60
2014 12 27 0.00 6.69 2.57 4.63 8.70
2014 12 28 0.40 12.87 5.66 9.78 8.80
2014 12 29 0.10 8.75 -12.88 -0.52 9.10
2014 12 30 0.00 -3.61 -15.97 -10.82 9.20
2014 12 31 0.10 12.87 -3.61 4.63 9.20
2015 1 1 0.00 20.08 1.54 9.78 9.30
2015 1 2 0.00 19.05 10.81 15.96 9.30
2015 1 3 0.10 22.14 8.75 14.93 9.30
2015 1 4 0.30 20.08 9.78 14.93 9.40
2015 1 5 0.20 31.41 20.08 26.26 9.70
2015 1 6 0.00 34.50 30.38 31.41 9.90
2015 1 7 0.00 36.56 29.35 32.44 9.90
2015 1 8 0.00 37.59 11.84 29.35 9.90
2015 1 9 0.10 33.47 10.81 25.23 9.90
2015 1 10 0.00 34.50 27.29 29.35 10.00
2015 1 11 0.10 31.41 23.17 27.29 10.00
2015 1 12 0.00 30.38 16.99 23.17 10.10
2015 1 13 0.00 28.32 10.81 22.14 10.10
2015 1 14 0.00 29.35 8.75 22.14 10.10
2015 1 15 0.00 33.47 21.11 27.29 10.10
2015 1 16 0.00 33.47 24.20 29.35 10.20
2015 1 17 0.10 27.29 18.02 21.11 10.20
2015 1 18 0.00 34.50 24.20 29.35 10.30
2015 1 19 0.40 31.41 24.20 28.32 10.30
2015 1 20 0.10 24.20 9.78 16.99 10.60
2015 1 21 0.20 13.90 -3.61 8.75 10.70
2015 1 22 0.10 19.05 -2.58 9.78 10.90
2015 1 23 0.10 26.26 15.96 22.14 11.00
2015 1 24 0.00 26.26 19.05 23.17 11.10
2015 1 25 0.00 33.47 24.20 28.32 11.10
2015 1 26 0.10 45.83 30.38 36.56 11.10
2015 1 27 0.00 47.89 31.41 38.62 11.20
2015 1 28 0.10 32.44 26.26 29.35 11.20
2015 1 29 0.00 31.41 20.08 25.23 11.20
2015 1 30 0.00 35.53 24.20 29.35 11.20
2015 1 31 0.20 31.41 16.99 26.26 11.30
2015 2 1 0.10 20.08 12.87 15.96 11.40
2015 2 2 0.20 25.23 18.02 22.14 11.40
2015 2 3 0.40 30.38 25.23 27.29 11.60
2015 2 4 2.30 29.35 15.96 26.26 12.00
2015 2 5 0.00 33.47 25.23 29.35 14.30
2015 2 6 0.00  nan  nan  nan 14.30
2015 2 7 0.00  nan  nan  nan 14.30
2015 2 8 0.00 39.65 24.20 33.47 14.30
2015 2 9 0.00 43.77 24.20 36.56 14.30
2015 2 10 0.10 32.44 21.11 27.29 14.30
2015 2 11 0.00 35.53 15.96 26.26 14.40
2015 2 12 0.00 34.50 25.23 29.35 14.40
2015 2 13 0.00 40.68 28.32 33.47 14.40
2015 2 14 0.00 44.80 31.41 37.59 14.40
2015 2 15 0.50 35.53 14.93 24.20 14.40
2015 2 16 0.70 18.02 3.60 11.84 14.90
2015 2 17 0.20 15.96 7.72 11.84 15.40
2015 2 18 0.10 30.38 14.93 24.20 15.60
2015 2 19 0.00 36.56 24.20 31.41 15.70
2015 2 20 0.40 32.44 16.99 24.20 15.70
2015 2 21 0.40 24.20 -0.52 13.90 16.10
2015 2 22 0.20 2.57 -6.70 -2.58 16.50
2015 2 23 0.10 27.29 -3.61 13.90 16.70
2015 2 24 0.10 31.41 6.69 18.02 16.80
2015 2 25 0.70 24.20 4.63 18.02 16.90
2015 2 26 0.30 15.96 -4.64 3.60 17.60
2015 2 27 0.10 21.11 -9.79 6.69 17.90
2015 2 28 0.10 21.11 0.51 11.84 18.00
2015 3 1 0.50 28.32 19.05 22.14 18.10
2015 3 2 0.50 37.59 21.11 29.35 18.60
2015 3 3 0.30 23.17 4.63 15.96 19.10
2015 3 4 0.20 11.84 1.54 6.69 19.40
2015 3 5 0.10 22.14 4.63 13.90 19.60
2015 3 6 0.10 29.35 15.96 23.17 19.70
2015 3 7 0.00 40.68 15.96 27.29 19.80
2015 3 8 0.00 40.68 15.96 25.23 19.80
2015 3 9 0.00 38.62 23.17 29.35 19.80
2015 3 10 0.00 42.74 22.14 30.38 19.80
2015 3 11 0.00 45.83 28.32 36.56 19.80
2015 3 12 0.00 47.89 29.35 36.56 19.90
2015 3 13 0.00 36.56 22.14 30.38 19.90
2015 3 14 0.00 45.83 19.05 35.53 20.00
2015 3 15 0.00 57.16 35.53 42.74 20.00
2015 3 16 0.00 55.10 31.41 44.80 20.00
2015 3 17 0.00 45.83 29.35 35.53 19.80
2015 3 18 0.00 45.83 32.44 38.62 19.60
2015 3 19 0.10 33.47 21.11 28.32 19.50
2015 3 20 0.00 48.92 21.11 32.44 19.60
2015 3 21 0.00 49.95 24.20 36.56 19.50
2015 3 22 0.00 49.95 29.35 36.56 19.40
2015 3 23 0.10 46.86 26.26 34.50 19.30
2015 3 24 0.40 33.47 20.08 27.29 19.40
2015 3 25 0.30 31.41 21.11 24.20 19.70
2015 3 26 0.00 36.56 18.02 28.32 20.00
2015 3 27 0.00 46.86 30.38 37.59 20.10
2015 3 28 0.00 52.01 35.53 42.74 20.10
2015 3 29 0.00 49.95 29.35 39.65 19.90
2015 3 30 0.00 52.01 29.35 39.65 19.90
2015 3 31 0.00 54.07 34.50 42.74 19.90
2015 4 1 0.10 48.92 27.29 37.59 19.80
2015 4 2 0.90 35.53 15.96 24.20 19.70
2015 4 3 0.00 32.44 10.81 21.11 20.20
2015 4 4 0.00 44.80 19.05 31.41 20.50
2015 4 5 0.00 49.95 28.32 38.62 20.50
2015 4 6 0.00 53.04 28.32 40.68 20.50
2015 4 7 0.00 49.95 27.29 36.56 20.50
2015 4 8 0.20 44.80 22.14 31.41 20.50
2015 4 9 0.00 36.56 15.96 26.26 20.50
2015 4 10 0.00 46.86 15.96 31.41 20.50
2015 4 11 0.00 50.98 24.20 36.56 20.80
2015 4 12 0.00 44.80 31.41 36.56 20.70
2015 4 13 0.00 52.01 28.32 37.59 20.40
2015 4 14 0.00 56.13 30.38 41.71 20.30
2015 4 15 0.20 41.71 24.20 32.44 20.00
2015 4 16 1.60 28.32 24.20 26.26 19.80
2015 4 17 1.40 34.50 23.17 28.32 21.30
2015 4 18 0.10 38.62 19.05 27.29 22.70
2015 4 19 0.00 35.53 20.08 27.29 22.70
2015 4 20 0.30 38.62 20.08 28.32 22.80
2015 4 21 0.00 43.77 27.29 33.47 23.10
2015 4 22 0.00 52.01 26.26 37.59 23.10
2015 4 23 0.00 50.98 31.41 38.62 23.20
2015 4 24 0.10 48.92 31.41 35.53 23.30
2015 4 25 0.30 46.86 32.44 36.56 23.30
2015 4 26 0.50 34.50 28.32 31.41 23.50
2015 4 27 0.00 36.56 27.29 31.41 24.00
2015 4 28 0.00 43.77 25.23 33.47 24.00
2015 4 29 0.00 57.16 31.41 41.71 24.00
2015 4 30 0.00 59.22 33.47 44.80 23.90
2015 5 1 0.00 59.22 31.41 40.68 23.60
2015 5 2 0.00 57.16 34.50 41.71 23.30
2015 5 3 0.10 58.19 32.44 40.68 23.00
2015 5 4 0.60 41.71 33.47 36.56 22.70
2015 5 5 0.20 41.71 32.44 36.56 22.70
2015 5 6 0.30 46.86 33.47 37.59 22.40
2015 5 7 0.20 47.89 32.44 35.53 22.00
2015 5 8 1.30 38.62  nan 33.47 22.00
2015 5 9 0.60 40.68 22.14 31.41 23.20
2015 5 10 0.00 34.50 21.11 26.26 23.60
2015 5 11 0.00 41.71 23.17 31.41 23.60
2015 5 12 0.00 56.13 27.29 38.62 23.60
2015 5 13 0.10 47.89 32.44 38.62 23.50
2015 5 14 0.10 53.04 32.44 40.68 23.30
2015 5 15 0.30 44.80 29.35 34.50 23.20
2015 5 16 0.30 46.86 27.29 34.50 23.10
2015 5 17 0.30 44.80 30.38 35.53 23.30
2015 5 18 0.20 39.65 32.44 34.50 23.50
2015 5 19 1.00 35.53 29.35 32.44 23.60
2015 5 20 0.00 43.77 29.35 33.47 24.50
2015 5 21 0.00 47.89 27.29 36.56 24.40
2015 5 22 0.20 44.80 32.44 35.53 24.50
2015 5 23 0.70 45.83 29.35 34.50 24.40
2015 5 24 0.10 45.83 27.29 34.50 24.70
2015 5 25 0.20 47.89 30.38 36.56 24.60
2015 5 26 0.00 49.95 34.50 39.65 24.70
2015 5 27 0.00 56.13 35.53 43.77 24.20
2015 5 28 0.00 55.10 34.50 40.68 23.60
2015 5 29 0.00 52.01 30.38 38.62 22.80
2015 5 30 0.10 58.19 30.38 43.77 22.40
2015 5 31 0.00 60.25 36.56 46.86 22.20
2015 6 1 0.00 65.40 36.56 48.92 21.80
2015 6 2 0.00 64.37 35.53 48.92 21.00
2015 6 3 0.00 59.22 35.53 45.83 20.20
2015 6 4 0.00 64.37 34.50 47.89 19.40
2015 6 5 0.00 53.04 34.50 42.74 18.50
2015 6 6 0.00 57.16 35.53 46.86 17.80
2015 6 7 0.00 60.25 36.56 46.86 17.00
2015 6 8 0.10 63.34 36.56 47.89 16.00
2015 6 9 0.10 66.43 38.62 47.89 15.00
2015 6 10 0.20 53.04 40.68 45.83 14.10
2015 6 11 0.50 55.10 39.65 45.83 13.30
2015 6 12 0.00 60.25 38.62 46.86 12.30
2015 6 13 0.40 66.43 38.62 47.89 10.80
2015 6 14 0.00 58.19 37.59 45.83 9.80
2015 6 15 0.00 60.25 36.56 45.83 8.80
2015 6 16 0.20 64.37 37.59 46.86 7.70
2015 6 17 0.00 69.52 41.71 53.04 6.40
2015 6 18 0.00 69.52 42.74 53.04 4.80
2015 6 19 0.00 73.64 43.77 60.25 3.30
2015 6 20 0.00 73.64 42.74 58.19 1.60
2015 6 21 0.10 75.70 42.74 61.28 0.30
2015 6 22 0.50 74.67 43.77 59.22 0.00
2015 6 23 0.10 75.70 45.83 61.28 0.00
2015 6 24 0.10 73.64 46.86 57.16 0.00
2015 6 25 0.10 72.61 49.95 59.22 0.00
2015 6 26 0.00 61.28 40.68 52.01 0.00
2015 6 27 0.00 70.55 40.68 54.07 0.00
2015 6 28 0.00 71.58 44.80 54.07 0.00
2015 6 29 0.00 68.49 45.83 55.10 0.00
2015 6 30 0.30 75.70 44.80 56.13 0.00
2015 7 1 0.00 66.43 46.86 54.07 0.00
2015 7 2 0.00 62.31 44.80 53.04 0.00
2015 7 3 0.00 69.52 42.74 55.10 0.00
2015 7 4 0.40 73.64 45.83 57.16 0.00
2015 7 5 0.00 68.49 44.80 54.07 0.00
2015 7 6 0.40 50.98 45.83 48.92 0.00
2015 7 7 0.30 54.07 43.77 47.89 0.00
2015 7 8 0.60 52.01 43.77 45.83 0.00
2015 7 9 0.00 63.34 42.74 48.92 0.00
2015 7 10 0.00 63.34 42.74 50.98 0.00
2015 7 11 0.00 67.46 44.80 54.07 0.00
2015 7 12 0.00 68.49 48.92 58.19 0.00
2015 7 13 0.40 70.55 43.77 54.07 0.00
2015 7 14 0.10 66.43 43.77 50.98 0.00
2015 7 15 0.00  nan  nan  nan 0.00
2015 7 16 0.00  nan  nan  nan 0.00
2015 7 17 0.00 69.52 44.80 57.16 0.00
2015 7 18 0.00 69.52 41.71 52.01 0.00
2015 7 19 0.00 61.28 44.80 52.01 0.00
2015 7 20 0.00 64.37 40.68 52.01 0.00
2015 7 21 0.10 63.34 45.83 52.01 0.00
2015 7 22 0.00 66.43 46.86 55.10 0.00
2015 7 23 0.00 70.55 46.86 59.22 0.00
2015 7 24 0.00 67.46 47.89 58.19 0.00
2015 7 25 0.10 71.58 48.92 59.22 0.00
2015 7 26 0.00 71.58 43.77 58.19 0.00
2015 7 27 0.00 72.61 52.01 62.31 0.00
2015 7 28 0.00 69.52 42.74 55.10 0.00
2015 7 29 0.00 70.55 39.65 55.10 0.00
2015 7 30 0.00 70.55 44.80 56.13 0.00
2015 7 31 0.00 69.52 45.83 55.10 0.00
2015 8 1 0.00 73.64 44.80 58.19 0.00
2015 8 2 0.00 70.55 46.86 57.16 0.00
2015 8 3 0.00 61.28 49.95 55.10 0.00
2015 8 4 0.00 66.43 46.86 56.13 0.00
2015 8 5 0.00 75.70 49.95 62.31 0.00
2015 8 6 0.00 69.52 48.92 59.22 0.00
2015 8 7 0.00 69.52 46.86 57.16 0.00
2015 8 8 0.00 66.43 45.83 54.07 0.00
2015 8 9 0.00 68.49 44.80 56.13 0.00
2015 8 10 0.00 68.49 42.74 54.07 0.00
2015 8 11 0.00 69.52 45.83 54.07 0.00
2015 8 12 0.00 70.55 49.95 58.19 0.00
2015 8 13 0.10 70.55 49.95 57.16 0.00
2015 8 14 0.00 71.58 46.86 58.19 0.00
2015 8 15 0.10 77.76 49.95 61.28 0.00
2015 8 16 0.00 69.52 47.89 54.07 0.00
2015 8 17 0.00 69.52 45.83 56.13 0.00
2015 8 18 0.00 63.34 37.59 47.89 0.00
2015 8 19 0.00 58.19 35.53 44.80 0.00
2015 8 20 0.00 65.40 44.80 54.07 0.00
2015 8 21 0.00 70.55 47.89 59.22 0.00
2015 8 22 0.00 70.55 37.59 55.10 0.00
2015 8 23 0.00 69.52 34.50 53.04 0.00
2015 8 24 0.00 72.61 45.83 58.19 0.00
2015 8 25 0.00 76.73 44.80 59.22 0.00
2015 8 26 0.00 73.64 47.89 58.19 0.00
2015 8 27 0.20 57.16 47.89 50.98 0.00
2015 8 28 0.10 64.37 42.74 52.01 0.00
2015 8 29 0.00 70.55 40.68 54.07 0.00
2015 8 30 0.00 73.64 50.98 61.28 0.00
2015 8 31 0.10 63.34 43.77 52.01 0.00
2015 9 1 0.00 66.43 45.83 54.07 0.00
2015 9 2 0.00 68.49 49.95 57.16 0.00
2015 9 3 0.10 63.34 45.83 52.01 0.00
2015 9 4 0.10 62.31 44.80 50.98 0.00
2015 9 5 0.00 62.31 46.86 52.01 0.00
2015 9 6 0.00 63.34 46.86 53.04 0.00
2015 9 7 0.50 54.07 42.74 45.83 0.00
2015 9 8 0.00 59.22 40.68 49.95 0.00
2015 9 9 0.00 64.37 42.74 53.04 0.00
2015 9 10 0.00 65.40 37.59 52.01 0.00
2015 9 11 0.00 61.28 33.47 46.86 0.00
2015 9 12 0.00 68.49 41.71 53.04 0.00
2015 9 13 0.00 64.37 40.68 53.04 0.00
2015 9 14 0.00 65.40 43.77 55.10 0.00
2015 9 15 0.00 59.22 44.80 52.01 0.00
2015 9 16 0.00 59.22 40.68 52.01 0.00
2015 9 17 0.00 56.13 40.68 48.92 0.00
2015 9 18 0.10 54.07 31.41 42.74 0.00
2015 9 19 0.00 58.19 30.38 45.83 0.00
2015 9 20 0.00 62.31 41.71 50.98 0.00
2015 9 21 0.00 67.46 44.80 54.07 0.00
2015 9 22 0.00 62.31 42.74 50.98 0.00
2015 9 23 0.00 64.37 39.65 49.95 0.00
2015 9 24 0.00 63.34 38.62 48.92 0.00
2015 9 25 0.00 66.43 38.62 49.95 0.00
2015 9 26 0.00 68.49 40.68 54.07 0.00
2015 9 27 0.00 68.49 42.74 54.07 0.00
2015 9 28 0.10 64.37 43.77 52.01 0.00
2015 9 29 0.00 63.34 41.71 47.89 0.00
2015 9 30 0.00 60.25 44.80 50.98 0.00
2015 10 1 0.00 63.34 42.74 49.95 0.00
2015 10 2 0.10 61.28 37.59 47.89 0.00
2015 10 3 0.40 52.01 32.44 40.68 0.00
2015 10 4 0.00 48.92 33.47 39.65 0.00
2015 10 5 0.00 55.10 35.53 43.77 0.00
2015 10 6 0.40 52.01 35.53 40.68 0.00
2015 10 7 0.00 52.01 36.56 44.80 0.00
2015 10 8 0.00 57.16 36.56 44.80 0.00
2015 10 9 0.00 57.16 35.53 46.86 0.00
2015 10 10 0.00 60.25 44.80 52.01 0.00
2015 10 11 0.00 59.22 45.83 50.98 0.00
2015 10 12 0.00 57.16 40.68 47.89 0.00
2015 10 13 0.00 59.22 43.77 50.98 0.00
2015 10 14 0.00 59.22 42.74 50.98 0.00
2015 10 15 0.00 52.01 32.44 43.77 0.00
2015 10 16 0.00 59.22 30.38 43.77 0.00
2015 10 17 0.00 58.19 34.50 45.83 0.00
2015 10 18 0.00 55.10 44.80 47.89 0.00
2015 10 19 0.10 48.92 34.50 42.74 0.00
2015 10 20 0.30 50.98 34.50 41.71 0.00
2015 10 21 0.60  nan 33.47 34.50 0.20
2015 10 22 1.00 43.77 32.44 33.47 0.40
2015 10 23 0.10 39.65 30.38 33.47 1.20
2015 10 24 0.10 38.62 29.35 32.44 1.20
2015 10 25 0.00 41.71 29.35 34.50 1.10
2015 10 26 0.10 41.71 33.47 36.56 1.10
2015 10 27 0.20 37.59 26.26 31.41 1.10
2015 10 28 0.00 38.62 25.23 31.41 1.10
2015 10 29 0.00 44.80 31.41 35.53 1.20
2015 10 30 0.20 36.56 28.32 31.41 1.20
2015 10 31 0.00 37.59 28.32 34.50 1.20
2015 11 1 0.00 45.83 34.50 39.65 1.20
2015 11 2 0.00 49.95 32.44 40.68 1.20
2015 11 3 0.00 47.89 33.47 40.68 1.10
2015 11 4 0.50 39.65 26.26 33.47 1.10
2015 11 5 0.30 26.26 20.08 23.17 1.40
2015 11 6 0.20 25.23 16.99 21.11 1.60
2015 11 7 0.00 33.47 13.90 24.20 1.70
2015 11 8 0.00 44.80 23.17 33.47 1.70
2015 11 9 0.10 40.68 30.38 34.50 1.70
2015 11 10 0.30 40.68 25.23 33.47 1.70
2015 11 11 0.40 25.23 16.99 20.08 2.00
2015 11 12 0.00 26.26 18.02 22.14 2.30
2015 11 13 0.00 34.50 22.14 29.35 2.30
2015 11 14 0.00 42.74 27.29 34.50 2.30
2015 11 15 0.00 40.68 29.35 34.50 2.30
2015 11 16 0.20 35.53 24.20 29.35 2.30
2015 11 17 0.10 24.20 15.96 19.05 2.40
2015 11 18 0.70 25.23 19.05 22.14 2.50
2015 11 19 0.30 28.32 19.05 24.20 3.00
2015 11 20 1.10 28.32 6.69 22.14 3.20
2015 11 21 0.10 20.08 5.66 13.90 4.20
2015 11 22 0.00 33.47 18.02 27.29 4.20
2015 11 23 0.00 39.65 27.29 33.47 4.20
2015 11 24 0.00 36.56 27.29 33.47 4.20
2015 11 25 0.00 38.62 14.93 26.26 4.20
2015 11 26 0.30 14.93 -1.55 8.75 4.20
2015 11 27 0.00 16.99 -5.67 5.66 4.40
2015 11 28 0.10 23.17 0.51 13.90 4.40
2015 11 29 0.20 21.11 6.69 13.90 4.50
2015 11 30 0.20 11.84 5.66 7.72 4.60
2015 12 1 0.10 15.96 6.69 10.81 4.80
2015 12 2 0.00 25.23 13.90 21.11 4.90
2015 12 3 0.00 31.41 21.11 26.26 4.90
2015 12 4 0.00 39.65 28.32 33.47 4.90
2015 12 5 0.10 32.44 18.02 24.20 4.90
2015 12 6 0.00 39.65 19.05 29.35 4.90
2015 12 7 0.00 36.56 26.26 32.44 5.00
2015 12 8 0.00 34.50 29.35 31.41 5.00
2015 12 9 0.00 40.68 30.38 34.50 5.00
2015 12 10 0.00 38.62 29.35 33.47 5.00
2015 12 11 0.40 34.50 21.11 26.26 5.00
2015 12 12 0.30 25.23 14.93 20.08 5.20
2015 12 13 0.10 26.26 12.87 20.08 5.50
2015 12 14 0.00 29.35 15.96 23.17 5.50
2015 12 15 0.60 19.05 5.66 11.84 5.60
2015 12 16 0.20 10.81 5.66 7.72 6.10
2015 12 17 0.20 8.75 4.63 5.66 6.20
2015 12 18 0.20 25.23 8.75 20.08 6.40
2015 12 19 0.10 34.50 23.17 30.38 6.60
2015 12 20 0.10 32.44 19.05 26.26 6.60
2015 12 21 0.40 23.17 18.02 20.08 6.70
2015 12 22 0.70 26.26 16.99 24.20 7.10
2015 12 23 0.40 16.99 5.66 12.87 7.70
2015 12 24 0.00 10.81 3.60 6.69 8.00
2015 12 25 0.30 22.14 7.72 13.90 8.00
2015 12 26 0.00 10.81 -6.70 2.57 8.30
2015 12 27 0.00 16.99 -6.70 6.69 8.30
2015 12 28 0.00 20.08 7.72 15.96 8.30
2015 12 29 0.10 19.05 2.57 12.87 8.30
2015 12 30 0.10 13.90 4.63 9.78 8.40
2015 12 31 0.00 10.81 1.54 5.66 8.40
2016 1 1 0.00 19.05 -4.64 7.72 8.40
2016 1 2 0.00 27.29 6.69 20.08 8.40
2016 1 3 0.10 33.47 20.08 26.26 8.40
2016 1 4 0.00 35.53 16.99 25.23 8.50
2016 1 5 0.00 33.47 20.08 26.26 8.50
2016 1 6 0.00 32.44 16.99 24.20 8.50
2016 1 7 0.10 28.32 18.02 22.14 8.50
2016 1 8 0.10 19.05 6.69 15.96 8.60
2016 1 9 0.00 19.05 10.81 13.90 8.70
2016 1 10 0.10 12.87 8.75 10.81 8.70
2016 1 11 0.00 20.08 9.78 13.90 8.80
2016 1 12 0.00 26.26 14.93 20.08 8.80
2016 1 13 0.00 34.50 20.08 27.29 8.80
2016 1 14 0.30 26.26 13.90 19.05 8.80
2016 1 15 0.30 19.05 9.78 14.93 9.00
2016 1 16 0.60 16.99 6.69 11.84 9.20
2016 1 17 0.60 22.14 16.99 19.05 9.80
2016 1 18 0.30 26.26 18.02 22.14 10.40
2016 1 19 0.10 24.20 19.05 21.11 10.60
2016 1 20 0.20 23.17 11.84 18.02 10.60
2016 1 21 0.10 19.05 11.84 14.93 10.80
2016 1 22 0.10 32.44 15.96 25.23 10.80
2016 1 23 0.00 32.44 23.17 27.29 10.90
2016 1 24 0.10 29.35 15.96 23.17 10.90
2016 1 25 0.10 20.08 9.78 13.90 11.00
2016 1 26 0.00 22.14 7.72 13.90 11.00
2016 1 27 0.00 29.35 18.02 25.23 11.10
2016 1 28 0.10 32.44 21.11 27.29 11.10
2016 1 29 0.10 29.35 22.14 26.26 11.10
2016 1 30 0.80 34.50 19.05 29.35 11.20
2016 1 31 0.50 20.08 10.81 14.93 12.00
2016 2 1 0.40 18.02 8.75 12.87 12.50
2016 2 2 0.10 11.84 1.54 6.69 12.90
2016 2 3 0.20 7.72 -0.52 1.54 13.00
2016 2 4 0.40 13.90 0.51 8.75 13.20
2016 2 5 0.10 13.90 6.69 10.81 13.60
2016 2 6 0.10 25.23 11.84 20.08 13.70
2016 2 7 0.00 26.26 19.05 21.11 13.80
2016 2 8 0.10 31.41 19.05 25.23 13.80
2016 2 9 0.00 38.62 23.17 29.35 13.90
2016 2 10 0.00 40.68 28.32 33.47 13.90
2016 2 11 0.00 38.62 28.32 32.44 13.90
2016 2 12 0.00 42.74 31.41 36.56 13.90
2016 2 13 0.00 41.71 26.26 34.50 13.90
2016 2 14 0.40 29.35 22.14 25.23 13.90
2016 2 15 1.20 28.32 22.14 26.26 14.10
2016 2 16 0.20 31.41 26.26 28.32 15.20
2016 2 17 0.10 43.77 25.23 34.50 15.40
2016 2 18 0.20 43.77 19.05 34.50 15.50
2016 2 19 0.00 35.53 16.99 27.29 15.60
2016 2 20 0.00 40.68 26.26 33.47 15.60
2016 2 21 0.00 38.62 15.96 28.32 15.60
2016 2 22 0.50 29.35 16.99 24.20 15.60
2016 2 23 0.20 26.26 11.84 16.99 16.10
2016 2 24 0.10 28.32 11.84 19.05 16.30
2016 2 25 0.00 35.53 19.05 27.29 16.40
2016 2 26 0.00 42.74 32.44 36.56 16.40
2016 2 27 0.10 43.77 29.35 35.53 16.40
2016 2 28 0.00 38.62 24.20 30.38 16.50
2016 2 29 0.20 32.44 18.02 26.26 16.50
2016 3 1 0.00 32.44 14.93 25.23 16.70
2016 3 2 0.20 32.44 24.20 29.35 16.70
2016 3 3 0.00 41.71 24.20 32.44 16.90
2016 3 4 0.00 43.77 24.20 33.47 16.90
2016 3 5 0.00 47.89 22.14 35.53 16.90
2016 3 6 0.00 45.83 31.41 35.53 16.90
2016 3 7 0.70 33.47 21.11 26.26 17.00
2016 3 8 0.10 29.35 18.02 22.14 17.60
2016 3 9 0.00 33.47 20.08 24.20 17.60
2016 3 10 0.10 39.65 23.17 30.38 17.60
2016 3 11 0.00 50.98 27.29 37.59 17.60
2016 3 12 0.20 48.92 29.35 35.53 17.70
2016 3 13 0.00 41.71 28.32 33.47 17.90
2016 3 14 0.70 33.47 21.11 28.32 17.90
2016 3 15 0.20 21.11 11.84 15.96 18.40
2016 3 16 0.30 20.08 11.84 16.99 18.50
2016 3 17 0.80 27.29 15.96 20.08 18.80
2016 3 18 0.50 22.14 8.75 12.87 19.60
2016 3 19 0.00 24.20 7.72 15.96 20.10
2016 3 20 0.20 37.59 11.84 26.26 20.10
2016 3 21 0.10 48.92 29.35 38.62 20.30
2016 3 22 0.00 46.86 29.35 38.62 20.40
2016 3 23 0.90 28.32 19.05 22.14 20.40
2016 3 24 0.20 29.35 18.02 22.14 21.30
2016 3 25 0.40 27.29 12.87 21.11 21.50
2016 3 26 0.00 25.23 2.57 14.93 21.70
2016 3 27 0.00 31.41 14.93 23.17 21.70
2016 3 28 0.00 44.80 24.20 33.47 21.70
2016 3 29 0.20 42.74 22.14 32.44 21.80
2016 3 30 0.20 27.29 16.99 22.14 22.00
2016 3 31 0.30 26.26 8.75 18.02 22.20
2016 4 1 0.00 31.41 10.81 21.11 22.40
2016 4 2 0.00 43.77 20.08 31.41 22.30
2016 4 3 0.00 46.86 29.35 36.56 22.30
2016 4 4 0.00 50.98 30.38 39.65 22.30
2016 4 5 0.20 40.68 22.14 29.35 22.30
2016 4 6 0.10 43.77 22.14 33.47 22.40
2016 4 7 0.00 52.01 29.35 37.59 22.40
2016 4 8 0.00 49.95 27.29 36.56 22.30
2016 4 9 0.00 49.95 33.47 39.65 22.10
2016 4 10 0.20 45.83 30.38 35.53 22.00
2016 4 11 0.00 47.89 29.35 35.53 22.00
2016 4 12 0.10 53.04 33.47 39.65 22.00
2016 4 13 0.00 54.07 31.41 40.68 21.80
2016 4 14 0.00 55.10 32.44 42.74 21.50
2016 4 15 1.00 39.65 26.26 31.41 21.30
2016 4 16 1.60 28.32 22.14 24.20 22.20
2016 4 17 0.60 30.38 21.11 24.20 23.80
2016 4 18 0.10 35.53 14.93 24.20 24.40
2016 4 19 0.00 38.62 18.02 27.29 24.50
2016 4 20 0.20 40.68 27.29 32.44 24.50
2016 4 21 0.00 50.98 29.35 37.59 24.70
2016 4 22 0.00 59.22 28.32 42.74 24.70
2016 4 23 0.20 59.22 29.35 40.68 24.50
2016 4 24 0.20 36.56 27.29 31.41 24.40
2016 4 25 0.10 50.98 28.32 38.62 24.50
2016 4 26 0.40 39.65 25.23 29.35 24.50
2016 4 27 0.10 40.68 23.17 30.38 24.70
2016 4 28 0.20 29.35 24.20 26.26 24.80
2016 4 29 0.40 31.41 23.17 26.26 24.90
2016 4 30 0.30 29.35 21.11 24.20 25.30
2016 5 1 0.10 31.41 13.90 22.14 25.60
2016 5 2 0.00 45.83 11.84 30.38 25.70
2016 5 3 0.00 52.01 25.23 37.59 25.90
2016 5 4 0.00 59.22 30.38 43.77 25.70
2016 5 5 0.00 61.28 33.47 46.86 25.50
2016 5 6 0.00 60.25 34.50 43.77 25.00
2016 5 7 0.40 43.77 29.35 34.50 24.60
2016 5 8 0.40 40.68 29.35 32.44 24.90
2016 5 9 0.80 39.65 30.38 34.50 25.20
2016 5 10 0.20 56.13 30.38 34.50 26.00
2016 5 11 0.00 45.83 27.29 34.50 26.00
2016 5 12 0.00 54.07 30.38 41.71 25.70
2016 5 13 0.00 59.22 34.50 44.80 25.50
2016 5 14 0.00 61.28 31.41 41.71 25.00
2016 5 15 0.40 54.07 32.44 39.65 24.50
2016 5 16 0.30 39.65 28.32 33.47 24.30
2016 5 17 0.00 35.53 28.32 31.41 24.20
2016 5 18 0.00 49.95 27.29 36.56 24.30
2016 5 19 0.00 55.10 33.47 41.71 24.30
2016 5 20 0.00 59.22 36.56 46.86 23.70
2016 5 21 0.00 63.34 34.50 46.86 23.00
2016 5 22 0.00 55.10 36.56 44.80 22.20
2016 5 23 0.00 50.98 31.41 40.68 21.90
2016 5 24 0.00 50.98 29.35 40.68 21.60
2016 5 25 0.00 53.04 32.44 41.71 21.40
2016 5 26 0.30 43.77 30.38 35.53 21.00
2016 5 27 0.10 47.89 32.44 37.59 21.00
2016 5 28 0.00 53.04 34.50 40.68 20.80
2016 5 29 0.00 60.25 33.47 43.77 20.40
2016 5 30 0.00 60.25 36.56 43.77 19.70
2016 5 31 0.00 58.19 32.44 42.74 19.30
2016 6 1 0.00 57.16 35.53 43.77 18.50
2016 6 2 0.00 63.34 34.50 47.89 17.90
2016 6 3 0.00 63.34 39.65 50.98 17.20
2016 6 4 0.10 62.31 36.56 46.86 16.40
2016 6 5 0.10 65.40 35.53 46.86 15.50
2016 6 6 0.00 65.40 36.56 47.89 14.80
2016 6 7 0.00 69.52 37.59 49.95 14.00
2016 6 8 0.10 66.43 39.65 49.95 13.00
2016 6 9 0.00 70.55 41.71 54.07 12.00
2016 6 10 0.00 73.64 42.74 56.13 10.60
2016 6 11 0.10 68.49 42.74 53.04 9.10
2016 6 12 0.10 66.43 41.71 52.01 7.80
2016 6 13 0.60 62.31 37.59 45.83 6.30
2016 6 14 0.00 58.19 36.56 46.86 5.40
2016 6 15 0.00 69.52 40.68 54.07 4.20
2016 6 16 0.00 71.58 39.65 57.16 2.80
2016 6 17 0.10 70.55 44.80 57.16 1.20
2016 6 18 0.00 76.73 40.68 58.19 0.30
2016 6 19 0.00 77.76 47.89 62.31 0.00
2016 6 20 0.10 72.61 47.89 58.19 0.00
2016 6 21 0.00 79.82 52.01 64.37 0.00
2016 6 22 0.10 72.61 46.86 57.16 0.00
2016 6 23 0.10 72.61 45.83 56.13 0.00
2016 6 24 0.00 75.70 46.86 59.22 0.00
2016 6 25 0.00 73.64 45.83 58.19 0.00
2016 6 26 0.00 73.64 40.68 57.16 0.00
2016 6 27 0.00 75.70 42.74 58.19 0.00
2016 6 28 0.00 74.67 44.80 58.19 0.00
2016 6 29 0.00 73.64 46.86 58.19 0.00
2016 6 30 0.40 65.40 46.86 52.01 0.00
2016 7 1 0.10  nan  nan  nan 0.00
2016 7 2 0.30  nan  nan  nan 0.00
2016 7 3 0.00 66.43 45.83 53.04 0.00
2016 7 4 0.00 71.58 49.95 59.22 0.00
2016 7 5 0.00 66.43 44.80 56.13 0.00
2016 7 6 0.00 71.58 41.71 59.22 0.00
2016 7 7 0.00 70.55 46.86 58.19 0.00
2016 7 8 0.00 74.67 44.80 59.22 0.00
2016 7 9 0.00 75.70 44.80 61.28 0.00
2016 7 10 0.00 76.73 49.95 65.40 0.00
2016 7 11 0.00 66.43 43.77 57.16 0.00
2016 7 12 0.00 71.58 38.62 56.13 0.00
2016 7 13 0.00 73.64 46.86 59.22 0.00
2016 7 14 0.00 72.61 40.68 56.13 0.00
2016 7 15 0.00 73.64 44.80 55.10 0.00
2016 7 16 0.00 74.67 44.80 60.25 0.00
2016 7 17 0.00 74.67 47.89 59.22 0.00
2016 7 18 0.00 73.64 49.95 59.22 0.00
2016 7 19 0.00 73.64 56.13 62.31 0.00
2016 7 20 0.00 75.70 54.07 61.28 0.00
2016 7 21 0.10 73.64 52.01 58.19 0.00
2016 7 22 0.00 74.67 48.92 62.31 0.00
2016 7 23 0.00 77.76 52.01 62.31 0.00
2016 7 24 0.00 77.76 48.92 60.25 0.00
2016 7 25 0.00 77.76 46.86 61.28 0.00
2016 7 26 0.00 73.64 53.04 60.25 0.00
2016 7 27 0.00 76.73 49.95 62.31 0.00
2016 7 28 0.00 74.67 46.86 58.19 0.00
2016 7 29 0.00 68.49 46.86 57.16 0.00
2016 7 30 0.00 76.73 45.83 60.25 0.00
2016 7 31 0.10 73.64 48.92 58.19 0.00
2016 8 1 0.00 74.67 49.95 60.25 0.00
2016 8 2 0.30 70.55 46.86 55.10 0.00
2016 8 3 0.00 74.67 44.80 59.22 0.00
2016 8 4 0.10 57.16 45.83 50.98 0.00
2016 8 5 0.40 49.95 44.80 47.89 0.00
2016 8 6 0.00 62.31 44.80 53.04 0.00
2016 8 7 0.00 68.49 48.92 57.16 0.00
2016 8 8 0.00 69.52 50.98 58.19 0.00
2016 8 9 0.30 74.67 44.80 55.10 0.00
2016 8 10 0.00 68.49 44.80 55.10 0.00
2016 8 11 0.00 69.52 48.92 57.16 0.00
2016 8 12 0.00 66.43 40.68 52.01 0.00
2016 8 13 0.00 67.46 40.68 53.04 0.00
2016 8 14 0.00 71.58 41.71 54.07 0.00
2016 8 15 0.00 71.58 43.77 56.13 0.00
2016 8 16 0.10 70.55 43.77 54.07 0.00
2016 8 17 0.00 69.52 42.74 55.10 0.00
2016 8 18 0.20 64.37 43.77 50.98 0.00
2016 8 19 0.30 63.34 38.62 47.89 0.00
2016 8 20 0.00 64.37 36.56 47.89 0.00
2016 8 21 0.00 70.55 38.62 54.07 0.00
2016 8 22 0.10 66.43 47.89 54.07 0.00
2016 8 23 0.10 63.34 43.77 50.98 0.00
2016 8 24 0.30 50.98 37.59 44.80 0.00
2016 8 25 0.20 48.92 36.56 42.74 0.00
2016 8 26 0.00 58.19 40.68 46.86 0.00
2016 8 27 0.00 63.34 42.74 52.01 0.00
2016 8 28 0.10 62.31 42.74 48.92 0.00
2016 8 29 0.20 63.34 41.71 48.92 0.00
2016 8 30 0.90 54.07 40.68 45.83 0.00
2016 8 31 0.00 59.22 37.59 47.89 0.00
2016 9 1 0.00 68.49 42.74 53.04 0.00
2016 9 2 0.10 62.31 43.77 52.01 0.00
2016 9 3 0.00 66.43 44.80 53.04 0.00
2016 9 4 0.20 63.34 39.65 47.89 0.00
2016 9 5 0.00 66.43 37.59 52.01 0.00
2016 9 6 0.00 67.46 38.62 50.98 0.00
2016 9 7 0.00 64.37 42.74 54.07 0.00
2016 9 8 0.00 65.40  nan 37.59 0.00
2016 9 9 0.10 61.28 33.47 46.86 0.00
2016 9 10 0.00 64.37 30.38 52.01 0.00
2016 9 11 0.00 66.43 48.92 55.10 0.00
2016 9 12 0.20 62.31 39.65 48.92 0.00
2016 9 13 0.10 55.10 38.62 43.77 0.00
2016 9 14 0.10 60.25 36.56 45.83 0.00
2016 9 15 0.00 52.01 34.50 43.77 0.00
2016 9 16 0.00 55.10 32.44 41.71 0.00
2016 9 17 0.00 56.13 32.44 46.86 0.00
2016 9 18 0.00 63.34 43.77 52.01 0.00
2016 9 19 0.00 68.49 44.80 56.13 0.00
2016 9 20 0.00 64.37 44.80 54.07 0.00
2016 9 21 0.00 60.25 43.77 52.01 0.00
2016 9 22 0.00 64.37 40.68 50.98 0.00
2016 9 23 0.10 63.34 30.38 43.77 0.00
2016 9 24 0.00 43.77 31.41 36.56 0.00
2016 9 25 0.10 52.01 31.41 39.65 0.00
2016 9 26 0.00 59.22 33.47 43.77 0.00
2016 9 27 0.00 64.37 34.50 49.95 0.00
2016 9 28 0.00 61.28 37.59 47.89 0.00
2016 9 29 0.00 64.37 38.62 52.01 0.00
2016 9 30 0.00 53.04 41.71 46.86 0.00
2016 10 1 0.00 59.22 38.62 47.89 0.00
2016 10 2 0.00 56.13 36.56 47.89 0.00
2016 10 3 0.20 53.04 29.35 39.65 0.00
2016 10 4 0.00 37.59 27.29 31.41 0.00
2016 10 5 0.20 40.68 28.32 33.47 0.00
2016 10 6 0.20 33.47 28.32 30.38 0.10
2016 10 7 0.00 43.77 27.29 34.50 0.30
2016 10 8 0.10 54.07 34.50 41.71 0.30
2016 10 9 0.00 56.13 33.47 45.83 0.20
2016 10 10 0.00 54.07 40.68 44.80 0.00
2016 10 11 0.70 48.92 34.50 39.65 0.00
2016 10 12 0.10 44.80 32.44 36.56 0.40
2016 10 13 0.00 52.01 34.50 43.77 0.00
2016 10 14 0.00 57.16 42.74 49.95 0.00
2016 10 15 0.00 57.16 44.80 49.95 0.00
2016 10 16 0.00 56.13 39.65 48.92 0.00
2016 10 17 0.00 50.98 33.47 42.74 0.00
2016 10 18 0.30 46.86 31.41 37.59 0.00
2016 10 19 0.20 33.47 25.23 29.35 0.20
2016 10 20 0.00 43.77 25.23 34.50 0.20
2016 10 21 0.00 50.98 33.47 41.71 0.20
2016 10 22 0.00 55.10 36.56 47.89 0.00
2016 10 23 0.00 56.13 32.44 43.77 0.00
2016 10 24 0.00 56.13 35.53 45.83 0.00
2016 10 25 0.20 45.83 37.59 40.68 0.00
2016 10 26 0.00 49.95 37.59 43.77 0.00
2016 10 27 0.00 59.22 43.77 49.95 0.00
2016 10 28 0.00 53.04 45.83 48.92 0.00
2016 10 29 0.10 48.92 36.56 42.74 0.00
2016 10 30 0.00 53.04 42.74 47.89 0.00
2016 10 31 0.00 50.98 40.68 45.83 0.00
2016 11 1 0.30 50.98  nan 40.68 0.00
2016 11 2 0.10  nan 30.38 34.50 0.30
2016 11 3 0.00 46.86 29.35 34.50 0.00
2016 11 4 0.00 50.98 29.35 37.59 0.00
2016 11 5 0.00 47.89 32.44 39.65 0.00
2016 11 6 0.00 45.83 36.56 39.65 0.00
2016 11 7 0.00 45.83 29.35 36.56 0.00
2016 11 8 0.00 45.83 28.32 35.53 0.00
2016 11 9 0.00 52.01 34.50 41.71 0.00
2016 11 10 0.00 47.89 29.35 39.65 0.00
2016 11 11 0.00 41.71 25.23 33.47 0.00
2016 11 12 0.00 45.83 34.50 39.65 0.00
2016 11 13 0.00 40.68 32.44 36.56 0.00
2016 11 14 0.00 45.83 34.50 39.65 0.00
2016 11 15 0.00 50.98 35.53 42.74 0.00
2016 11 16 0.00 52.01 31.41 43.77 0.00
2016 11 17 1.00 32.44 13.90 22.14 0.00
2016 11 18 0.00 22.14 11.84 15.96 1.00
2016 11 19 0.20 39.65 21.11 33.47 1.00
2016 11 20 0.00 43.77 29.35 36.56 1.20
2016 11 21 0.20 43.77 30.38 36.56 1.20
2016 11 22 0.30 32.44 22.14 28.32 1.30
2016 11 23 0.00 31.41 22.14 27.29 1.40
2016 11 24 0.30 27.29 16.99 19.05 1.50
2016 11 25 0.00 35.53 19.05 27.29 1.70
2016 11 26 0.10 38.62 24.20 29.35 1.70
2016 11 27 0.30 34.50 18.02 24.20 1.70
2016 11 28 0.30 18.02 14.93 15.96 1.90
2016 11 29 0.10 15.96 9.78 12.87 2.10
2016 11 30 0.10 12.87 8.75 9.78 2.20
2016 12 1 0.00 19.05 9.78 13.90 2.20
2016 12 2 0.10 18.02 4.63 11.84 2.20
2016 12 3 0.10 15.96 11.84 13.90 2.30
2016 12 4 0.00 26.26 11.84 19.05 2.40
2016 12 5 0.30 26.26 0.51 15.96 2.50
2016 12 6 0.50 14.93 -0.52 6.69 2.60
2016 12 7 0.30 6.69 -3.61 1.54 3.10
2016 12 8 0.40 20.08 -5.67 8.75 3.20
2016 12 9 0.60 27.29 20.08 25.23 3.60
2016 12 10 1.10 33.47 26.26 29.35 4.10
2016 12 11 0.90 30.38 18.02 22.14 5.10
2016 12 12 0.00 24.20 14.93 21.11 5.80
2016 12 13 0.00 22.14 10.81 16.99 5.80
2016 12 14 2.10 30.38 18.02 24.20 5.80
2016 12 15 0.20 33.47 29.35 31.41 7.90
2016 12 16 1.00 32.44 3.60 27.29 8.00
2016 12 17 0.20 14.93 -13.91 -1.55 8.80
2016 12 18 0.20 6.69 -0.52 3.60 9.00
2016 12 19 0.30 21.11 5.66 14.93 9.10
2016 12 20 0.00 31.41 19.05 26.26 9.40
2016 12 21 0.10 30.38 22.14 26.26 9.40
2016 12 22 0.10 33.47 20.08 28.32 9.40
2016 12 23 0.00 32.44 21.11 27.29 9.40
2016 12 24 0.00 38.62 25.23 30.38 9.40
2016 12 25 0.40 31.41 12.87 19.05 9.40
2016 12 26 0.10 13.90 8.75 11.84 9.80
2016 12 27 0.10 29.35 9.78 22.14 9.80
2016 12 28 0.60 24.20 15.96 20.08 9.90
2016 12 29 0.00 26.26 15.96 21.11 10.40
2016 12 30 0.00 33.47 21.11 27.29 10.50
2016 12 31 0.00 29.35 22.14 25.23 10.50
2017 1 1 0.00 26.26 21.11 24.20 10.50
2017 1 2 0.10 25.23 18.02 23.17 10.50
2017 1 3 0.40 21.11 9.78 14.93 10.50
2017 1 4 2.00 25.23 -10.82 11.84 10.90
2017 1 5 0.60 5.66 -13.91 -5.67 12.90
2017 1 6 0.10 3.60 -15.97 -2.58 13.50
2017 1 7 0.20 20.08 3.60 12.87 13.60
2017 1 8 1.40 33.47 20.08 26.26 13.80
2017 1 9 1.20 33.47 20.08 30.38 15.20
2017 1 10 0.70 24.20 18.02 21.11 16.40
2017 1 11 1.10 26.26 20.08 24.20 17.10
2017 1 12 0.60 28.32 20.08 22.14 18.10
2017 1 13 0.00 30.38 23.17 25.23 18.60
2017 1 14 0.10 33.47 16.99 24.20 18.70
2017 1 15 0.00 31.41 16.99 24.20 18.70
2017 1 16 0.20 29.35 13.90 24.20 18.70
2017 1 17 0.00 25.23 11.84 20.08 18.90
2017 1 18 0.00 28.32 15.96 22.14 18.90
2017 1 19 0.00 31.41 22.14 25.23 19.00
2017 1 20 0.30 24.20 16.99 21.11 19.00
2017 1 21 0.00 28.32 11.84 19.05 19.20
2017 1 22 0.10 21.11 13.90 16.99 19.20
2017 1 23 0.50 26.26 15.96 23.17 19.30
2017 1 24 0.00 20.08 7.72 13.90 19.80
2017 1 25 0.10 12.87 2.57 6.69 19.80
2017 1 26 0.00 9.78 -1.55 2.57 19.90
2017 1 27 0.10 16.99 -2.58 7.72 19.90
2017 1 28 0.10 20.08 7.72 13.90 20.00
2017 1 29 0.00 27.29 15.96 22.14 20.10
2017 1 30 0.20 31.41 21.11 26.26 20.20
2017 1 31 0.10 34.50 25.23 30.38 20.30
2017 2 1 0.00 36.56 26.26 30.38 20.30
2017 2 2 0.70 34.50 24.20 27.29 20.30
2017 2 3 0.00 29.35 22.14 26.26 21.00
2017 2 4 0.70 28.32 26.26 26.26 21.10
2017 2 5 0.00 31.41 25.23 28.32 21.70
2017 2 6 0.00 33.47 25.23 29.35 21.80
2017 2 7 2.00 31.41 26.26 29.35 21.80
2017 2 8 0.20 32.44 24.20 28.32 23.80
2017 2 9 0.00 40.68 31.41 37.59 23.90
2017 2 10 0.00 48.92 34.50 41.71 23.90
2017 2 11 0.20 36.56 23.17 31.41 24.00
2017 2 12 0.00 38.62 16.99 28.32 24.00
2017 2 13 0.00 36.56 14.93 27.29 24.00
2017 2 14 0.00 32.44 8.75 20.08 24.00
2017 2 15 0.00 40.68 16.99 29.35 24.00
2017 2 16 0.10 45.83 29.35 35.53 24.00
2017 2 17 0.00 44.80 25.23 32.44 24.00
2017 2 18 0.00 44.80 29.35 34.50 24.00
2017 2 19 0.30 44.80 24.20 33.47 24.00
2017 2 20 0.00 33.47 22.14 28.32 24.30
2017 2 21 0.00 41.71 31.41 35.53 24.30
2017 2 22 0.00 38.62 23.17 32.44 24.30
2017 2 23 0.50 24.20 3.60 15.96 24.30
2017 2 24 0.10 15.96 0.51 6.69 24.80
2017 2 25 0.30 11.84 2.57 6.69 24.90
2017 2 26 0.10 15.96 2.57 10.81 25.20
2017 2 27 0.20 28.32 12.87 21.11 25.30
2017 2 28 0.40 24.20 6.69 14.93 25.50
2017 3 1 0.20 15.96 5.66 11.84 25.90
2017 3 2 0.20 27.29 12.87 19.05 26.10
2017 3 3 0.10 37.59 19.05 27.29 26.30
2017 3 4 0.10 42.74 28.32 34.50 26.40
2017 3 5 0.10 42.74 31.41 35.53 26.50
2017 3 6 0.10 31.41 6.69 12.87 26.60
2017 3 7 0.20 23.17 6.69 15.96 26.70
2017 3 8 0.20 38.62 20.08 31.41 26.90
2017 3 9 0.00 44.80 28.32 36.56 27.10
2017 3 10 0.00 45.83 33.47 38.62 27.10
2017 3 11 0.10 38.62 26.26 32.44 27.10
2017 3 12 0.00 35.53 24.20 31.41 27.20
2017 3 13 0.00 37.59 23.17 31.41 27.20
2017 3 14 0.00 47.89 32.44 39.65 27.20
2017 3 15 0.00 53.04 35.53 42.74 27.30
2017 3 16 0.00 50.98 36.56 42.74 27.30
2017 3 17 0.00 50.98 31.41 40.68 27.20
2017 3 18 0.00 55.10 39.65 45.83 26.80
2017 3 19 0.00 53.04 39.65 44.80 26.40
2017 3 20 0.00 53.04 32.44 42.74 26.00
2017 3 21 0.00 52.01 31.41 40.68 25.50
2017 3 22 0.00 53.04 36.56 44.80 25.30
2017 3 23 0.00 52.01 31.41 38.62 25.10
2017 3 24 0.20 40.68 26.26 32.44 25.10
2017 3 25 0.20 49.95 30.38 38.62 25.30
2017 3 26 0.10 38.62 29.35 32.44 25.40
2017 3 27 0.10 41.71 28.32 33.47 25.40
2017 3 28 0.80 35.53 26.26 30.38 25.50
2017 3 29 0.00 40.68 25.23 31.41 26.30
2017 3 30 0.30 45.83 28.32 35.53 26.30
2017 3 31 0.10 33.47 22.14 28.32 26.60
2017 4 1 0.10 37.59 22.14 28.32 26.60
2017 4 2 0.20 42.74 26.26 33.47 26.70
2017 4 3 0.50 37.59 22.14 27.29 26.90
2017 4 4 0.90 31.41 15.96 22.14 27.40
2017 4 5 0.20 34.50 14.93 25.23 28.30
2017 4 6 0.00 47.89 27.29 34.50 28.50
2017 4 7 0.30 53.04 33.47 43.77 28.50
2017 4 8 0.20 52.01 30.38 42.74 28.80
2017 4 9 0.10 30.38 18.02 25.23 28.70
2017 4 10 0.00 41.71 15.96 28.32 28.50
2017 4 11 0.00 49.95 28.32 36.56 28.30
2017 4 12 0.00 55.10 30.38 41.71 28.20
2017 4 13 0.00 59.22 28.32 43.77 28.20
2017 4 14 0.00 59.22 31.41 45.83 28.00
2017 4 15 0.00 50.98 29.35 37.59 27.60
2017 4 16 0.00 52.01 29.35 39.65 27.20
2017 4 17 0.00 56.13 29.35 43.77 27.00
2017 4 18 0.00 58.19 31.41 43.77 26.70
2017 4 19 0.50 43.77 20.08 35.53 26.40
2017 4 20 0.50 40.68 16.99 32.44 26.70
2017 4 21 0.60  nan 23.17 29.35 27.10
2017 4 22 0.00 39.65 21.11 29.35 27.60
2017 4 23 0.00 54.07 29.35 38.62 27.70
2017 4 24 0.40 48.92 29.35 37.59 27.60
2017 4 25 0.10 38.62 24.20 30.38 27.80
2017 4 26 0.30 41.71 24.20 29.35 27.60
2017 4 27 0.50 34.50 22.14 27.29 27.90
2017 4 28 0.40 31.41 15.96 22.14 28.30
2017 4 29 0.30 26.26 9.78 18.02 28.60
2017 4 30 0.50 40.68 15.96 28.32 28.90
2017 5 1 0.10 40.68 28.32 33.47 29.40
2017 5 2 0.30 38.62 30.38 33.47 29.50
2017 5 3 0.00 44.80 29.35 34.50 29.70
2017 5 4 0.00 56.13 32.44 41.71 29.70
2017 5 5 0.00 63.34 32.44 45.83 29.60
2017 5 6 0.00 67.46 34.50 49.95 29.10
2017 5 7 0.10 59.22 34.50 44.80 28.50
2017 5 8 0.60 56.13 33.47 39.65 27.90
2017 5 9 0.00 49.95 34.50 40.68 28.10
2017 5 10 0.50  nan  nan 36.56 27.60
2017 5 11 0.00  nan  nan 38.62 27.70
2017 5 12 0.00 60.25 31.41 44.80 27.30
2017 5 13 0.00 63.34 37.59 48.92 26.80
2017 5 14 0.00 54.07 35.53 43.77 26.10
2017 5 15 0.00 59.22 33.47 44.80 25.60
2017 5 16 0.00 49.95 32.44 39.65 25.10
2017 5 17 0.60 49.95 30.38 37.59 24.90
2017 5 18 2.10 35.53 24.20 27.29 25.30
2017 5 19 0.50 37.59 24.20 27.29 27.40
2017 5 20 0.00 39.65 25.23 31.41 27.80
2017 5 21 0.40 49.95 29.35 36.56 27.90
2017 5 22 0.30 43.77  nan 33.47 28.30
2017 5 23 0.00 45.83 25.23 35.53 28.40
2017 5 24 0.00 61.28 36.56 46.86 28.50
2017 5 25 0.70 56.13 34.50 41.71 28.20
2017 5 26 0.10  nan 33.47 41.71 28.00
2017 5 27 0.10 44.80 31.41 36.56 27.40
2017 5 28 0.00 55.10 29.35 40.68 27.30
2017 5 29 0.00 52.01 30.38 39.65 27.40
2017 5 30 0.00 59.22 32.44 43.77 27.30
2017 5 31 0.00 62.31 34.50 45.83 27.10
2017 6 1 0.10 56.13 33.47 42.74 26.10
2017 6 2 0.00 58.19 35.53 45.83 25.30
2017 6 3 0.10 56.13 34.50 43.77 24.40
2017 6 4 0.00 64.37 34.50 47.89 23.50
2017 6 5 0.00 66.43 37.59 47.89 22.60
2017 6 6 0.00 59.22 36.56 45.83 21.60
2017 6 7 0.00 65.40 36.56 47.89 21.00
2017 6 8 0.20 67.46 37.59 47.89 20.40
2017 6 9 0.00 67.46 37.59 54.07 19.70
2017 6 10 0.00 71.58 46.86 58.19 18.90
2017 6 11 0.00 64.37 40.68 53.04 17.60
2017 6 12 0.00 65.40 36.56 49.95 16.50
2017 6 13 0.00 54.07 35.53 46.86 15.70
2017 6 14 0.00 62.31 39.65 48.92 15.20
2017 6 15 0.00 66.43 36.56 50.98 14.00
2017 6 16 0.00 68.49 40.68 56.13 12.90
2017 6 17 0.00 65.40 42.74 55.10 11.50
2017 6 18 0.00 66.43 40.68 52.01 9.50
2017 6 19 0.00 68.49 38.62 54.07 7.60
2017 6 20 0.00 75.70 47.89 59.22 6.00
2017 6 21 0.00 74.67 47.89 60.25 4.10
2017 6 22 0.20 75.70 43.77 55.10 2.20
2017 6 23 0.00 56.13 38.62 44.80 1.10
2017 6 24 0.00 55.10 34.50 45.83 0.40
2017 6 25 0.00 59.22 37.59 48.92 0.00
2017 6 26 0.00 68.49 39.65 53.04 0.00
2017 6 27 0.00 73.64 43.77 59.22 0.00
2017 6 28 0.00 70.55 43.77 56.13 0.00
2017 6 29 0.10 66.43 41.71 52.01 0.00
2017 6 30 0.00 56.13 38.62 46.86 0.00
2017 7 1 0.00 70.55 36.56 54.07 0.00
2017 7 2 0.00 72.61 42.74 58.19 0.00
2017 7 3 0.00 69.52 45.83 56.13 0.00
2017 7 4 0.00 71.58 46.86 56.13 0.00
2017 7 5 0.00 73.64 45.83 58.19 0.00
2017 7 6 0.00 78.79 47.89 61.28 0.00
2017 7 7 0.20 74.67 44.80 55.10 0.00
2017 7 8 0.10 69.52 45.83 53.04 0.00
2017 7 9 0.00 73.64 42.74 57.16 0.00
2017 7 10 0.10 75.70 47.89 60.25 0.00
2017 7 11 0.00 72.61 49.95 58.19 0.00
2017 7 12 0.10 55.10 45.83 50.98 0.00
2017 7 13 0.00 68.49 42.74 55.10 0.00
2017 7 14 0.00 70.55 42.74 57.16 0.00
2017 7 15 0.00 70.55 45.83 55.10 0.00
2017 7 16 0.00 72.61 42.74 56.13 0.00
2017 7 17 0.00 73.64 49.95 60.25 0.00
2017 7 18 0.00 75.70 50.98 59.22 0.00
2017 7 19 0.30 80.85 49.95 59.22 0.00
2017 7 20 0.00 75.70 48.92 58.19 0.00
2017 7 21 0.30 72.61 47.89 56.13 0.00
2017 7 22 0.30 64.37 45.83 52.01 0.00
2017 7 23 0.00 70.55 44.80 56.13 0.00
2017 7 24 0.00 75.70 50.98 61.28 0.00
2017 7 25 0.30 70.55 48.92 57.16 0.00
2017 7 26 0.60 62.31 47.89 53.04 0.00
2017 7 27 0.00 65.40 47.89 55.10 0.00
2017 7 28 0.10 71.58 46.86 56.13 0.00
2017 7 29 0.30 58.19 46.86 52.01 0.00
2017 7 30 0.70 62.31 44.80 50.98 0.00
2017 7 31 0.00 66.43 41.71 53.04 0.00
2017 8 1 0.00 66.43 41.71 52.01 0.00
2017 8 2 0.20 71.58 44.80 56.13 0.00
2017 8 3 0.10 64.37 42.74 49.95 0.00
2017 8 4 0.00 71.58 44.80 56.13 0.00
2017 8 5 0.20 65.40 41.71 50.98 0.00
2017 8 6 0.00 62.31 43.77 50.98 0.00
2017 8 7 0.50 47.89 41.71 45.83 0.00
2017 8 8 0.00 56.13 40.68 47.89 0.00
2017 8 9 0.10 58.19 41.71 48.92 0.00
2017 8 10 0.40 64.37 41.71 48.92 0.00
2017 8 11 0.00 66.43 40.68 49.95 0.00
2017 8 12 0.00 66.43 44.80 54.07 0.00
2017 8 13 0.00 66.43 44.80 52.01 0.00
2017 8 14 0.00 68.49 44.80 53.04 0.00
2017 8 15 0.10 65.40 43.77 53.04 0.00
2017 8 16 0.00 60.25 40.68 48.92 0.00
2017 8 17 0.00 64.37 39.65 53.04 0.00
2017 8 18 0.00 69.52 44.80 55.10 0.00
2017 8 19 0.00 71.58 44.80 57.16 0.00
2017 8 20 0.00 69.52 46.86 56.13 0.00
2017 8 21 0.10 65.40 43.77 54.07 0.00
2017 8 22 0.00 70.55 41.71 53.04 0.00
2017 8 23 0.40 68.49 42.74 52.01 0.00
2017 8 24 0.30 62.31 41.71 46.86 0.00
2017 8 25 0.00 66.43 40.68 53.04 0.00
2017 8 26 0.00 70.55 44.80 56.13 0.00
2017 8 27 0.00 66.43 43.77 53.04 0.00
2017 8 28 0.00 69.52 43.77 55.10 0.00
2017 8 29 0.00 71.58 44.80 53.04 0.00
2017 8 30 0.20 68.49 42.74 52.01 0.00
2017 8 31 0.00 68.49 46.86 54.07 0.00
2017 9 1 0.00 64.37 45.83 53.04 0.00
2017 9 2 0.00 69.52 45.83 56.13 0.00
2017 9 3 0.00 74.67 45.83 58.19 0.00
2017 9 4 0.00 73.64 44.80 55.10 0.00
2017 9 5 0.00 57.16 36.56 45.83 0.00
2017 9 6 0.00 64.37 35.53 49.95 0.00
2017 9 7 0.00 67.46 41.71 52.01 0.00
2017 9 8 0.00 66.43 44.80 54.07 0.00
2017 9 9 0.00 69.52 46.86 56.13 0.00
2017 9 10 0.00 66.43 48.92 55.10 0.00
2017 9 11 0.00 63.34 46.86 53.04 0.00
2017 9 12 0.00 69.52 46.86 57.16 0.00
2017 9 13 0.00 68.49 47.89 56.13 0.00
2017 9 14 0.00 66.43 42.74 52.01 0.00
2017 9 15 0.10 58.19 38.62 47.89 0.00
2017 9 16 0.20 50.98 32.44 40.68 0.00
2017 9 17 0.00 57.16 31.41 43.77 0.00
2017 9 18 0.00 59.22 38.62 48.92 0.00
2017 9 19 0.00 60.25 40.68 50.98 0.00
2017 9 20 0.00 60.25 40.68 49.95 0.00
2017 9 21 0.00 66.43 43.77 53.04 0.00
2017 9 22 0.10 61.28 38.62 48.92 0.00
2017 9 23 0.40 49.95 33.47 38.62 0.00
2017 9 24 0.50 36.56 28.32 33.47 0.00
2017 9 25 0.00 38.62 27.29 32.44 0.00
2017 9 26 0.10 40.68 27.29 34.50 0.00
2017 9 27 0.10 39.65 34.50 37.59 0.00
2017 9 28 0.60 39.65 33.47 36.56 0.00
2017 9 29 0.00 46.86 33.47 38.62 0.00
2017 9 30 0.60 52.01 35.53 40.68 0.00
2017 10 1 1.40 44.80 30.38 35.53 0.00
2017 10 2 0.70 35.53 27.29 31.41 0.70
2017 10 3 0.00 36.56 26.26 31.41 1.00
2017 10 4 0.10 49.95 33.47 38.62 1.00
2017 10 5 0.00 47.89 33.47 38.62 0.80
2017 10 6 0.00 43.77 31.41 34.50 0.70
2017 10 7 0.00 48.92 32.44 40.68 0.60
2017 10 8 0.10 55.10 25.23 41.71 0.60
2017 10 9 0.40 26.26 21.11 24.20 0.50
2017 10 10 0.00 39.65 19.05 31.41 0.80
2017 10 11 0.00 52.01 34.50 43.77 0.90
2017 10 12 0.00 54.07 30.38 43.77 0.80
2017 10 13 0.00 49.95 28.32 37.59 0.70
2017 10 14 0.00 42.74 25.23 31.41 0.70
2017 10 15 0.00 46.86 27.29 37.59 0.70
2017 10 16 0.00 54.07 36.56 43.77 0.70
2017 10 17 0.00 53.04 38.62 45.83 0.60
2017 10 18 0.00 54.07 31.41 43.77 0.60
2017 10 19 0.00 58.19 36.56 46.86 0.50
2017 10 20 0.10 53.04 29.35 44.80 0.30
2017 10 21 0.00 29.35 20.08 25.23 0.00
2017 10 22 0.00 41.71 26.26 35.53 0.00
2017 10 23 0.10 44.80 30.38 38.62 0.00
2017 10 24 0.00 45.83 30.38 37.59 0.00
2017 10 25 0.00 54.07 35.53 45.83 0.00
2017 10 26 0.10 42.74 19.05 29.35 0.00
2017 10 27 0.00 34.50 21.11 28.32 0.00
2017 10 28 0.00 39.65 27.29 33.47 0.00
2017 10 29 0.20 44.80 27.29 35.53 0.00
2017 10 30 0.20 27.29 19.05 21.11 0.20
2017 10 31 0.30 35.53 21.11 31.41 0.40
2017 11 1 0.00 44.80 33.47 38.62 0.70
2017 11 2 0.00 45.83 38.62 41.71 0.70
2017 11 3 0.00 46.86 36.56 40.68 0.70
2017 11 4 0.20 40.68 31.41 35.53 0.70
2017 11 5 1.30 33.47 30.38 31.41 0.90
2017 11 6 0.20 34.50 24.20 30.38 2.00
2017 11 7 0.40 31.41 19.05 24.20 2.20
2017 11 8 0.10 32.44 20.08 26.26 2.60
2017 11 9 0.00 40.68 26.26 33.47 2.60
2017 11 10 0.00 44.80 31.41 36.56 2.70
2017 11 11 0.00 39.65 27.29 33.47 2.70
2017 11 12 0.00 38.62 23.17 34.50 2.70
2017 11 13 0.00 45.83 36.56 40.68 2.70
2017 11 14 0.00 44.80 29.35 37.59 2.70
2017 11 15 0.00 39.65 29.35 34.50 2.70
2017 11 16 0.00 46.86 34.50 39.65 2.70
2017 11 17 0.80 41.71 15.96 31.41 2.70
2017 11 18 0.10 20.08 10.81 15.96 3.20
2017 11 19 0.00 31.41 19.05 26.26 3.30
2017 11 20 0.10 36.56 26.26 31.41 3.30
2017 11 21 0.50 34.50 26.26 31.41 3.40
2017 11 22 0.20 38.62 33.47 35.53 3.80
2017 11 23 0.00 43.77 34.50 38.62 4.00
2017 11 24 0.00 44.80 33.47 38.62 3.90
2017 11 25 0.00 40.68 32.44 36.56 3.90
2017 11 26 0.00 47.89 36.56 41.71 3.80
2017 11 27 0.00 49.95 33.47 43.77 3.80
2017 11 28 0.00 35.53 24.20 29.35 3.80
2017 11 29 0.00 38.62 30.38 33.47 3.70
2017 11 30 0.00 37.59 30.38 33.47 3.70
2017 12 1 0.00 38.62 32.44 34.50 3.70
2017 12 2 0.00 40.68 33.47 36.56 3.70
2017 12 3 0.10 42.74 23.17 36.56 3.70
2017 12 4 0.20 23.17 10.81 14.93 3.70
2017 12 5 0.00 21.11 8.75 14.93 3.80
2017 12 6 0.00 16.99 6.69 11.84 3.80
2017 12 7 0.00 18.02 5.66 11.84 3.80
2017 12 8 0.10 29.35 15.96 22.14 3.90
2017 12 9 0.00 31.41 22.14 27.29 4.00
2017 12 10 0.00 33.47 24.20 29.35 4.00
2017 12 11 0.00 35.53 28.32 31.41 4.00
2017 12 12 0.00 38.62 30.38 33.47 4.00
2017 12 13 0.10 36.56 20.08 30.38 4.00
2017 12 14 0.20 21.11 14.93 16.99 4.10
2017 12 15 0.00 32.44 14.93 26.26 4.20
2017 12 16 0.00 35.53 13.90 27.29 4.20
2017 12 17 0.00 27.29 14.93 24.20 4.20
2017 12 18 0.00 30.38 21.11 27.29 4.20
2017 12 19 0.00 32.44 26.26 29.35 4.20
2017 12 20 0.00 37.59 24.20 31.41 4.20
2017 12 21 0.10 26.26 6.69 14.93 4.20
2017 12 22 0.00 22.14 10.81 16.99 4.20
2017 12 23 0.80 21.11 7.72 18.02 4.30
2017 12 24 0.20 19.05 3.60 10.81 5.00
2017 12 25 0.90 23.17 19.05 22.14 5.10
2017 12 26 0.20 25.23 19.05 22.14 6.00
2017 12 27 0.00 28.32 19.05 24.20 6.20
2017 12 28 0.00 31.41 24.20 28.32 6.20
2017 12 29 0.10 37.59 29.35 33.47 6.20
2017 12 30 0.00 40.68 14.93 33.47 6.20
2017 12 31 0.10 26.26 16.99 22.14 6.20
2018 1 1 0.00 28.32 21.11 24.20 6.20
2018 1 2 0.00 25.23 12.87 20.08 6.20
2018 1 3 0.00 33.47 22.14 28.32 6.20
2018 1 4 0.00 34.50 26.26 30.38 6.20
2018 1 5 0.00 35.53 27.29 31.41 6.20
2018 1 6 0.40 35.53 28.32 30.38 6.20
2018 1 7 0.10 28.32 23.17 25.23 6.60
2018 1 8 0.10 40.68 26.26 33.47 6.70
2018 1 9 0.00 39.65 32.44 36.56 6.70
2018 1 10 0.40 36.56 16.99 29.35 6.70
2018 1 11 0.20 18.02 12.87 15.96 7.00
2018 1 12 0.80 25.23 18.02 22.14 7.20
2018 1 13 0.30 24.20 20.08 22.14 7.90
2018 1 14 0.10 26.26 21.11 24.20 8.20
2018 1 15 0.00 25.23 4.63 14.93 8.20
2018 1 16 0.00 21.11 -1.55 12.87 8.20
2018 1 17 0.10 29.35 24.20 26.26 8.20
2018 1 18 0.00 36.56 24.20 31.41 8.30
2018 1 19 0.00 41.71 32.44 36.56 8.30
2018 1 20 0.00 40.68 20.08 30.38 8.30
2018 1 21 0.60 20.08 7.72 12.87 8.30
2018 1 22 0.10 14.93 5.66 9.78 8.90
2018 1 23 0.00 16.99 10.81 14.93 9.00
2018 1 24 0.10 30.38 15.96 24.20 9.00
2018 1 25 0.10 39.65 24.20 31.41 9.10
2018 1 26 0.30 24.20 9.78 14.93 9.20
2018 1 27 0.00 20.08 10.81 15.96 9.50
2018 1 28 0.10 29.35 16.99 23.17 9.50
2018 1 29 0.00 33.47 24.20 29.35 9.50
2018 1 30 0.00 39.65 29.35 33.47 9.60
2018 1 31 0.10 35.53 26.26 32.44 9.60
2018 2 1 0.30 29.35 23.17 25.23 9.60
2018 2 2 0.10 33.47 28.32 30.38 9.90
2018 2 3 0.60  nan  nan  nan 10.00
2018 2 4 0.40  nan  nan  nan 10.50
2018 2 5 1.10 28.32 21.11 26.26 10.80
2018 2 6 0.10 25.23 19.05 21.11 11.80
2018 2 7 0.10 26.26 18.02 22.14 11.90
2018 2 8 0.00 32.44 25.23 28.32 12.00
2018 2 9 0.30 32.44 24.20 28.32 12.00
2018 2 10 0.50 25.23 7.72 18.02 12.30
2018 2 11 0.10 20.08 6.69 11.84 12.60
2018 2 12 0.20 32.44 7.72 21.11 12.70
2018 2 13 0.10 29.35 22.14 27.29 12.90
2018 2 14 0.10 34.50 26.26 29.35 13.00
2018 2 15 0.20 28.32 10.81 20.08 13.10
2018 2 16 0.00 24.20 8.75 16.99 13.30
2018 2 17 0.00 31.41 15.96 24.20 13.30
2018 2 18 0.00 38.62 16.99 31.41 13.30
2018 2 19 0.50 35.53 -2.58 12.87 13.30
2018 2 20 0.00 12.87 1.54 5.66 13.70
2018 2 21 0.00 20.08 2.57 8.75 13.70
2018 2 22 0.20 22.14 0.51 12.87 13.70
2018 2 23 0.20 24.20 7.72 14.93 13.90
2018 2 24 0.20 11.84 1.54 6.69 14.10
2018 2 25 0.10 12.87 5.66 8.75 14.30
2018 2 26 0.10 31.41 8.75 19.05 14.40
2018 2 27 0.10 34.50 19.05 26.26 14.50
2018 2 28 0.00 31.41 12.87 22.14 14.50
2018 3 1 0.00 37.59 19.05 27.29 14.50
2018 3 2 0.00 42.74 25.23 32.44 14.50
2018 3 3 0.00 47.89 28.32 35.53 14.50
2018 3 4 0.00 40.68 8.75 27.29 14.50
2018 3 5 0.10 13.90 6.69 9.78 14.50
2018 3 6 0.10 23.17 5.66 14.93 14.60
2018 3 7 0.10 32.44 15.96 24.20 14.70
2018 3 8 0.00 37.59 23.17 31.41 14.80
2018 3 9 0.00 37.59 27.29 31.41 14.80
2018 3 10 0.10 27.29 13.90 23.17 14.80
2018 3 11 0.00 36.56 8.75 22.14 14.90
2018 3 12 0.10 39.65 16.99 30.38 14.90
2018 3 13 0.00 42.74 11.84 27.29 15.00
2018 3 14 0.10 44.80 23.17 34.50 15.00
2018 3 15 0.50 43.77 24.20 33.47 15.10
2018 3 16 0.00 28.32 19.05 23.17 15.60
2018 3 17 0.10 42.74 13.90 27.29 15.60
2018 3 18 0.30 35.53 16.99 24.20 15.70
2018 3 19 0.30 27.29 14.93 19.05 15.90
2018 3 20 0.10 24.20 15.96 20.08 16.10
2018 3 21 0.00 34.50 22.14 29.35 16.20
2018 3 22 0.20 47.89 30.38 38.62 16.20
2018 3 23 0.50 41.71 28.32 33.47 16.30
2018 3 24 0.00 43.77 26.26 32.44 16.60
2018 3 25 0.00 45.83 25.23 34.50 16.60
2018 3 26 0.30 37.59 21.11 28.32 16.60
2018 3 27 0.00 37.59 14.93 26.26 16.70
2018 3 28 0.20 33.47 20.08 24.20 16.70
2018 3 29 0.40 27.29 18.02 23.17 16.80
2018 3 30 0.30 39.65 21.11 30.38 17.20
2018 3 31 0.00 42.74 27.29 33.47 17.30
2018 4 1 0.50 41.71 29.35 36.56 17.30
2018 4 2 0.10 49.95 22.14 39.65 17.80
2018 4 3 0.00 28.32 8.75 21.11 17.70
2018 4 4 0.00 39.65 23.17 31.41 17.60
2018 4 5 0.20 46.86 28.32 34.50 17.40
2018 4 6 1.50 32.44 16.99 25.23 17.60
2018 4 7 0.90 38.62 30.38 34.50 19.10
2018 4 8 0.70 34.50 24.20 29.35 20.00
2018 4 9 0.40 35.53 23.17 27.29 20.30
2018 4 10 0.00 42.74 24.20 34.50 20.60
2018 4 11 0.00 53.04 33.47 42.74 20.50
2018 4 12 0.20 54.07 22.14 38.62 20.40
2018 4 13 0.10 23.17 15.96 20.08 20.20
2018 4 14 0.30 36.56 15.96 26.26 20.20
2018 4 15 0.10 43.77 26.26 33.47 20.40
2018 4 16 0.00 53.04 35.53 42.74 20.50
2018 4 17 0.10 43.77 16.99 30.38 20.50
2018 4 18 0.00 41.71 15.96 27.29 20.50
2018 4 19 0.00 47.89 15.96 33.47 20.50
2018 4 20 0.40 40.68 24.20 31.41 20.40
2018 4 21 0.20 35.53 22.14 29.35 20.60
2018 4 22 0.00 52.01 31.41 37.59 20.70
2018 4 23 0.10 55.10 29.35 40.68 20.70
2018 4 24 0.40 32.44 21.11 25.23 20.60
2018 4 25 0.00 49.95 20.08 35.53 20.90
2018 4 26 0.00 45.83 26.26 35.53 20.90
2018 4 27 0.00 58.19 30.38 41.71 20.80
2018 4 28 0.00 61.28 30.38 42.74 20.50
2018 4 29 0.00 58.19 34.50 44.80 20.20
2018 4 30 0.00 54.07 31.41 41.71 19.70
2018 5 1 0.00 47.89 31.41 36.56 19.30
2018 5 2 1.20 37.59 31.41 33.47 19.10
2018 5 3 0.70 39.65 31.41 33.47 20.30
2018 5 4 0.00 46.86 30.38 37.59 21.00
2018 5 5 0.00 57.16 34.50 42.74 20.90
2018 5 6 0.00 62.31 34.50 44.80 20.70
2018 5 7 0.00 61.28 34.50 46.86 20.20
2018 5 8 0.00 59.22 36.56 45.83 19.70
2018 5 9 0.00 61.28 36.56 47.89 19.10
2018 5 10 0.00 65.40 36.56 47.89 18.40
2018 5 11 0.00 60.25 34.50 43.77 17.70
2018 5 12 0.10 48.92 37.59 40.68 17.20
2018 5 13 0.20 49.95 33.47 38.62 16.50
2018 5 14 0.00 49.95 32.44 39.65 16.10
2018 5 15 0.00 58.19 31.41 41.71 15.70
2018 5 16 0.00 63.34 31.41 45.83 15.20
2018 5 17 0.00 64.37 37.59 48.92 14.50
2018 5 18 0.10 57.16 33.47 39.65 14.10
2018 5 19 0.60 39.65 32.44 35.53 14.10
2018 5 20 0.00 49.95 31.41 37.59 14.40
2018 5 21 0.00 60.25 32.44 44.80 14.20
2018 5 22 0.20  nan  nan  nan 13.60
2018 5 23 0.00  nan  nan  nan 13.20
2018 5 24 0.00 62.31 35.53 46.86 12.50
2018 5 25 0.00 67.46 36.56 49.95 11.80
2018 5 26 0.00 68.49 38.62 53.04 10.80
2018 5 27 0.10 63.34 41.71 52.01 9.90
2018 5 28 0.10 54.07 36.56 42.74 8.80
2018 5 29 0.00 54.07 38.62 44.80 8.10
2018 5 30 0.00 64.37 38.62 49.95 7.50
2018 5 31 0.00 67.46 44.80 54.07 6.30
2018 6 1 0.00 64.37 41.71 53.04 5.10
2018 6 2 0.00 64.37 36.56 47.89 4.00
2018 6 3 0.00 66.43 34.50 48.92 3.00
2018 6 4 0.00 69.52 42.74 55.10 2.40
2018 6 5 0.00  nan  nan  nan 1.10
2018 6 6 0.00  nan  nan  nan 0.20
2018 6 7 0.00 72.61 41.71 56.13 0.00
2018 6 8 0.00 72.61 39.65 57.16 0.00
2018 6 9 0.00 74.67 40.68 59.22 0.00
2018 6 10 0.00 72.61 46.86 60.25 0.00
2018 6 11 0.00 67.46 42.74 54.07 0.00
2018 6 12 0.00 71.58 43.77 56.13 0.00
2018 6 13 0.00 75.70 42.74 60.25 0.00
2018 6 14 0.00 73.64 46.86 61.28 0.00
2018 6 15 0.00 73.64 47.89 60.25 0.00
2018 6 16 0.50 64.37 47.89 53.04 0.00
2018 6 17 0.90 54.07 44.80 47.89 0.00
2018 6 18 0.00 61.28 42.74 50.98 0.00
2018 6 19 0.00 62.31 39.65 49.95 0.00
2018 6 20 0.00 60.25 37.59 49.95 0.00
2018 6 21 0.00 69.52 42.74 56.13 0.00
2018 6 22 0.00 67.46 40.68 54.07 0.00
2018 6 23 0.00 66.43 40.68 54.07 0.00
2018 6 24 0.10 48.92 38.62 43.77 0.00
2018 6 25 0.00 66.43 38.62 54.07 0.00
2018 6 26 0.00 76.73 48.92 62.31 0.00
2018 6 27 0.00 79.82 46.86 62.31 0.00
2018 6 28 0.00 80.85 47.89 63.34 0.00
2018 6 29 0.00 74.67 45.83 61.28 0.00
2018 6 30 0.00 66.43 40.68 49.95 0.00
2018 7 1 0.00 70.55 42.74 55.10 0.00
2018 7 2 0.00 74.67 40.68 59.22 0.00
2018 7 3 0.10 76.73 46.86 59.22 0.00
2018 7 4 0.00 73.64 45.83 59.22 0.00
2018 7 5 0.00 63.34 43.77 53.04 0.00
2018 7 6 0.00 73.64 42.74 55.10 0.00
2018 7 7 0.00 74.67 47.89 59.22 0.00
2018 7 8 0.00 77.76 53.04 62.31 0.00
2018 7 9 0.00 74.67 49.95 61.28 0.00
2018 7 10 0.00 79.82 46.86 63.34 0.00
2018 7 11 0.00 76.73 50.98 63.34 0.00
2018 7 12 0.90 63.34 41.71 52.01 0.00
2018 7 13 0.00 64.37 40.68 52.01 0.00
2018 7 14 0.00 73.64 45.83 59.22 0.00
2018 7 15 0.10 56.13 46.86 52.01 0.00
2018 7 16 0.00 70.55 42.74 55.10 0.00
2018 7 17 0.20 71.58 46.86 56.13 0.00
2018 7 18 0.00 72.61 48.92 60.25 0.00
2018 7 19 0.00 77.76 47.89 61.28 0.00
2018 7 20 0.00 75.70 47.89 63.34 0.00
2018 7 21 0.00 77.76 52.01 62.31 0.00
2018 7 22 0.20 76.73 49.95 58.19 0.00
2018 7 23 0.60 59.22 47.89 52.01 0.00
2018 7 24 0.00 68.49 46.86 55.10 0.00
2018 7 25 0.00 68.49 47.89 56.13 0.00
2018 7 26 0.10 64.37 46.86 54.07 0.00
2018 7 27 0.00 70.55 45.83 54.07 0.00
2018 7 28 0.10 69.52 43.77 53.04 0.00
2018 7 29 0.00 69.52 44.80 56.13 0.00
2018 7 30 0.00 61.28 38.62 49.95 0.00
2018 7 31 0.00 70.55 38.62 53.04 0.00
2018 8 1 0.00 68.49 42.74 54.07 0.00
2018 8 2 0.00 72.61 50.98 59.22 0.00
2018 8 3 0.30 58.19 45.83 50.98 0.00
2018 8 4 0.10 70.55 45.83 56.13 0.00
2018 8 5 0.10 69.52 45.83 55.10 0.00
2018 8 6 0.00 69.52 43.77 55.10 0.00
2018 8 7 0.00 70.55 40.68 54.07 0.00
2018 8 8 0.00 68.49 42.74 53.04 0.00
2018 8 9 0.00 69.52 43.77 55.10 0.00
2018 8 10 0.00 71.58 44.80 56.13 0.00
2018 8 11 0.00 73.64 41.71 57.16 0.00
2018 8 12 0.00 74.67 44.80 59.22 0.00
2018 8 13 0.00 73.64 43.77 59.22 0.00
2018 8 14 0.00 64.37 44.80 52.01 0.00
2018 8 15 0.00 73.64 42.74 56.13 0.00
2018 8 16 0.00 71.58 43.77 59.22 0.00
2018 8 17 0.20 69.52 47.89 54.07 0.00
2018 8 18 0.10 58.19 40.68 49.95 0.00
2018 8 19 0.10 56.13 37.59 46.86 0.00
2018 8 20 0.00 67.46 35.53 49.95 0.00
2018 8 21 0.40 56.13 42.74 47.89 0.00
2018 8 22 0.00 64.37 45.83 53.04 0.00
2018 8 23 0.20 60.25 41.71 50.98 0.00
2018 8 24 0.00 68.49 45.83 55.10 0.00
2018 8 25 0.00 71.58 44.80 57.16 0.00
2018 8 26 0.00 69.52 52.01 59.22 0.00
2018 8 27 0.10 65.40 42.74 55.10 0.00
2018 8 28 0.00 67.46 38.62 48.92 0.00
2018 8 29 0.00 68.49 40.68 56.13 0.00
2018 8 30 0.00 71.58 46.86 58.19 0.00
2018 8 31 0.00 70.55 46.86 57.16 0.00
2018 9 1 0.00 63.34 42.74 52.01 0.00
2018 9 2 0.00 63.34 40.68 50.98 0.00
2018 9 3 0.00 59.22 42.74 50.98 0.00
2018 9 4 0.10 64.37 41.71 50.98 0.00
2018 9 5 0.00 60.25 40.68 46.86 0.00
2018 9 6 0.00 60.25 37.59 46.86 0.00
2018 9 7 0.10 63.34 38.62 47.89 0.00
2018 9 8 0.00 67.46 38.62 50.98 0.00
2018 9 9 0.00 63.34 40.68 50.98 0.00
2018 9 10 0.00 68.49 38.62 54.07 0.00
2018 9 11 0.00 70.55 43.77 55.10 0.00
2018 9 12 0.00 71.58 43.77 60.25 0.00
2018 9 13 0.00 72.61 54.07 61.28 0.00
2018 9 14 0.10 71.58 46.86 58.19 0.00
2018 9 15 0.00 72.61 48.92 59.22 0.00
2018 9 16 0.00 71.58 52.01 61.28 0.00
2018 9 17 0.00 70.55 47.89 58.19 0.00
2018 9 18 0.00 71.58 47.89 58.19 0.00
2018 9 19 0.20 69.52 44.80 54.07 0.00
2018 9 20 0.00 57.16 33.47 48.92 0.00
2018 9 21 0.10 63.34 31.41 47.89 0.00
2018 9 22 0.00 64.37 38.62 52.01 0.00
2018 9 23 0.00 64.37 43.77 54.07 0.00
2018 9 24 0.10 58.19 39.65 46.86 0.00
2018 9 25 0.00 52.01 29.35 38.62 0.00
2018 9 26 0.00 55.10 28.32 43.77 0.00
2018 9 27 0.00 59.22 37.59 47.89 0.00
2018 9 28 0.00 60.25 36.56 48.92 0.00
2018 9 29 0.00 65.40 44.80 54.07 0.00
2018 9 30 0.00 64.37 49.95 56.13 0.00
