2011 7 14  nan 73.64 45.83 59.22  nan
2011 7 15 0.00 75.70 43.77 60.25 0.00
2011 7 16 0.00 78.79 43.77 62.31 0.00
2011 7 17 0.00 77.76 48.92 63.34 0.00
2011 7 18 0.00 73.64 48.92 58.19 0.00
2011 7 19 0.00 77.76 46.86 62.31 0.00
2011 7 20 0.10 75.70 46.86 59.22 0.00
2011 7 21 0.10 71.58 49.95 57.16 0.00
2011 7 22 0.00 75.70 47.89 61.28 0.00
2011 7 23 0.00 77.76 45.83 60.25 0.00
2011 7 24 0.00 76.73 45.83 58.19 0.00
2011 7 25 0.20 76.73 44.80 56.13 0.00
2011 7 26 0.00 74.67 44.80 59.22 0.00
2011 7 27 0.00 73.64 45.83 58.19 0.00
2011 7 28 0.00 76.73 44.80 60.25 0.00
2011 7 29 0.00 71.58 46.86 56.13 0.00
2011 7 30 0.00 70.55 48.92 58.19 0.00
2011 7 31 0.00 69.52 42.74 56.13 0.00
2011 8 1 0.00 72.61 44.80 59.22 0.00
2011 8 2 0.50 69.52 46.86 54.07 0.00
2011 8 3 0.70 69.52 45.83 55.10 0.00
2011 8 4 0.00 66.43 46.86 54.07 0.00
2011 8 5 0.00 72.61 44.80 58.19 0.00
2011 8 6 0.00 75.70 44.80 59.22 0.00
2011 8 7 0.00 74.67 43.77 59.22 0.00
2011 8 8 0.00 74.67 38.62 58.19 0.00
2011 8 9 0.00 75.70 40.68 60.25 0.00
2011 8 10 0.00 75.70 45.83 61.28 0.00
2011 8 11 0.00 75.70 49.95 61.28 0.00
2011 8 12 0.00 75.70 45.83 59.22 0.00
2011 8 13 0.00 73.64 45.83 55.10 0.00
2011 8 14 0.00 68.49 47.89 57.16 0.00
2011 8 15 0.00 73.64 42.74 57.16 0.00
2011 8 16 0.00 76.73 44.80 61.28 0.00
2011 8 17 0.00 75.70 44.80 58.19 0.00
2011 8 18 0.00 78.79 45.83 62.31 0.00
2011 8 19 0.00 69.52 54.07 61.28 0.00
2011 8 20 0.00 69.52 48.92 54.07 0.00
2011 8 21 0.30 69.52 47.89 55.10 0.00
2011 8 22 0.00 71.58 44.80 55.10 0.00
2011 8 23 0.00 74.67 44.80 59.22 0.00
2011 8 24 0.00 74.67 46.86 57.16 0.00
2011 8 25 0.00 69.52 46.86 57.16 0.00
2011 8 26 0.00 71.58 47.89 55.10 0.00
2011 8 27 0.00 74.67 49.95 59.22 0.00
2011 8 28 0.00 73.64 47.89 56.13 0.00
2011 8 29  nan  nan  nan  nan 0.00
2011 8 30  nan  nan  nan  nan 0.00
2011 8 31  nan  nan  nan  nan 0.00
2011 9 1  nan  nan  nan  nan 0.00
2011 9 2  nan  nan  nan  nan 0.00
2011 9 3  nan  nan  nan  nan 0.00
2011 9 4  nan  nan  nan  nan 0.00
2011 9 5  nan  nan  nan  nan 0.00
2011 9 6  nan  nan  nan  nan 0.00
2011 9 7  nan  nan  nan  nan 0.00
2011 9 8  nan  nan  nan  nan 0.00
2011 9 9  nan  nan  nan  nan 0.00
2011 9 10  nan  nan  nan  nan 0.00
2011 9 11  nan  nan  nan  nan 0.00
2011 9 12  nan  nan  nan  nan 0.00
2011 9 13  nan  nan  nan  nan 0.00
2011 9 14  nan  nan  nan  nan 0.00
2011 9 15  nan  nan  nan  nan 0.00
2011 9 16  nan  nan  nan  nan 0.00
2011 9 17  nan  nan  nan  nan 0.00
2011 9 18  nan  nan  nan  nan 0.00
2011 9 19  nan  nan  nan  nan 0.00
2011 9 20  nan  nan  nan  nan 0.00
2011 9 21  nan  nan  nan  nan 0.00
2011 9 22  nan  nan  nan  nan 0.00
2011 9 23  nan  nan  nan  nan 0.00
2011 9 24  nan  nan  nan  nan 0.00
2011 9 25  nan  nan  nan  nan 0.00
2011 9 26  nan  nan  nan  nan 0.00
2011 9 27  nan 66.43 38.62 50.98 0.00
2011 9 28 0.00 67.46 36.56 50.98 0.00
2011 9 29 0.00 65.40 36.56 47.89 0.00
2011 9 30 0.40 62.31 33.47 43.77 0.00
2011 10 1 0.00 65.40 34.50 46.86 0.00
2011 10 2 0.00 63.34 35.53 47.89 0.00
2011 10 3 0.10 60.25 35.53 45.83 0.00
2011 10 4 0.20 54.07 34.50 42.74 0.00
2011 10 5 0.00 48.92 34.50 41.71 0.00
2011 10 6 0.40 44.80 26.26 35.53 0.00
2011 10 7 0.30 38.62 16.99 29.35 0.30
2011 10 8 0.00 40.68 27.29 31.41 0.40
2011 10 9 0.00 40.68 25.23 33.47 0.30
2011 10 10 0.00 47.89 22.14 34.50 0.10
2011 10 11 0.00 50.98 29.35 38.62 0.00
2011 10 12 0.00 56.13 28.32 39.65 0.00
2011 10 13 0.00 61.28 28.32 42.74 0.00
2011 10 14 0.00 61.28 31.41 44.80 0.00
2011 10 15 0.00 64.37 31.41 44.80 0.00
2011 10 16 0.00 61.28 29.35 47.89 0.00
2011 10 17 0.00 55.10 27.29 42.74 0.00
2011 10 18 0.00 49.95 23.17 35.53 0.00
2011 10 19 0.00 57.16 24.20 37.59 0.00
2011 10 20 0.00 58.19 26.26 40.68 0.00
2011 10 21 0.00 57.16 25.23 40.68 0.00
2011 10 22 0.00 56.13 27.29 40.68 0.00
2011 10 23 0.00 59.22 25.23 40.68 0.00
2011 10 24 0.10 58.19 28.32 44.80 0.00
2011 10 25 0.00 50.98 31.41 41.71 0.10
2011 10 26 0.90 43.77 27.29 34.50 0.10
2011 10 27 0.00 39.65 27.29 32.44 0.20
2011 10 28 0.00 43.77 24.20 31.41 0.00
2011 10 29 0.00 47.89 22.14 34.50 0.00
2011 10 30 0.00 53.04 25.23 36.56 0.00
2011 10 31 0.00 50.98 26.26 37.59 0.00
2011 11 1 0.00 49.95 24.20 36.56 0.00
2011 11 2 0.00 33.47 12.87 22.14 0.00
2011 11 3 0.10 47.89 11.84 26.26 0.00
2011 11 4 0.10 49.95 20.08 36.56 0.10
2011 11 5 0.50 38.62 20.08 28.32 0.20
2011 11 6 0.00 31.41 11.84 22.14 0.70
2011 11 7 0.40 36.56 16.99 26.26 0.70
2011 11 8 0.00 36.56 5.66 22.14 1.10
2011 11 9 0.00 34.50 -2.58 13.90 1.10
2011 11 10 0.10 39.65 -0.52 19.05 1.10
2011 11 11 0.00 46.86 12.87 28.32 1.20
2011 11 12 0.30 40.68 19.05 33.47 1.20
2011 11 13 0.20 36.56 29.35 32.44 1.50
2011 11 14 0.00 34.50 10.81 26.26 1.70
2011 11 15 0.00 38.62 15.96 29.35 1.70
2011 11 16 0.00 36.56 10.81 24.20 1.70
2011 11 17 0.00 38.62 8.75 24.20 1.70
2011 11 18 0.00 41.71 9.78 29.35 1.70
2011 11 19 0.00 39.65 27.29 33.47 1.70
2011 11 20 0.00 40.68 21.11 31.41 1.70
2011 11 21 0.00 38.62 16.99 26.26 1.70
2011 11 22 0.00 40.68 12.87 26.26 1.70
2011 11 23 0.00 49.95 15.96 27.29 1.70
2011 11 24 0.20 46.86 13.90 30.38 1.70
2011 11 25 0.10 38.62 20.08 30.38 1.90
2011 11 26 0.00 30.38 2.57 15.96 2.00
2011 11 27 0.00 41.71 4.63 21.11 2.00
2011 11 28 0.00 45.83 15.96 28.32 2.00
2011 11 29 0.00 43.77 18.02 29.35 2.00
2011 11 30 0.00 44.80 14.93 27.29 2.00
2011 12 1 0.00 33.47 9.78 21.11 2.00
2011 12 2 0.00 32.44 4.63 19.05 2.00
2011 12 3 0.10 30.38 15.96 22.14 2.10
2011 12 4 0.20 24.20 8.75 16.99 2.20
2011 12 5 0.40 11.84 -11.85 2.57 2.40
2011 12 6 0.00 14.93 -17.00 -1.55 2.40
2011 12 7 0.00 34.50 -3.61 12.87 2.50
2011 12 8 0.00 38.62 2.57 15.96 2.60
2011 12 9 0.00 32.44 -2.58 10.81 2.60
2011 12 10 0.00 36.56 -0.52 13.90 2.60
2011 12 11 0.00 34.50 0.51 13.90 2.60
2011 12 12 0.50 34.50 6.69 22.14 2.60
2011 12 13 0.00 36.56 24.20 30.38 3.10
2011 12 14 0.20 28.32 5.66 21.11 3.10
2011 12 15 0.10 29.35 -6.70 7.72 3.10
2011 12 16 0.00 29.35 -7.73 8.75 3.10
2011 12 17 0.10 36.56 -0.52 18.02 3.10
2011 12 18 0.00 45.83 13.90 25.23 3.20
2011 12 19 0.40 26.26 13.90 22.14 3.20
2011 12 20 0.00 33.47 3.60 19.05 3.60
2011 12 21 0.10 30.38 2.57 15.96 3.60
2011 12 22 0.40 25.23 2.57 12.87 3.70
2011 12 23 0.00 24.20 -10.82 1.54 4.10
2011 12 24 0.00 31.41 -4.64 8.75 4.10
2011 12 25 0.10 32.44 -1.55 12.87 4.10
2011 12 26 0.00 41.71 1.54 16.99 4.20
2011 12 27 0.10 40.68 6.69 21.11 4.20
2011 12 28 0.00 40.68 5.66 20.08 4.30
2011 12 29 0.00 43.77 15.96 28.32 4.30
2011 12 30 0.00 43.77 20.08 30.38 4.30
2011 12 31 0.00 36.56 6.69 28.32 4.30
2012 1 1 0.00 34.50 4.63 18.02 4.30
2012 1 2 0.00 44.80 8.75 22.14 4.30
2012 1 3 0.00 42.74 12.87 25.23 4.30
2012 1 4 0.00 39.65 6.69 21.11 4.30
2012 1 5 0.00 47.89 12.87 26.26 4.30
2012 1 6 0.00 43.77 12.87 24.20 4.30
2012 1 7 0.00 36.56 6.69 26.26 4.30
2012 1 8 0.00 29.35 1.54 18.02 4.30
2012 1 9 0.00 38.62 -0.52 18.02 4.30
2012 1 10 0.00 41.71 7.72 23.17 4.30
2012 1 11 0.00 32.44 -1.55 19.05 4.30
2012 1 12 0.00 22.14 -6.70 7.72 4.30
2012 1 13 0.00 34.50 -4.64 12.87 4.30
2012 1 14 0.00 38.62 -0.52 18.02 4.30
2012 1 15 0.30 38.62 20.08 29.35 4.30
2012 1 16 0.70 31.41 21.11 26.26 4.60
2012 1 17 0.00 22.14 8.75 19.05 5.30
2012 1 18 0.10 31.41 18.02 27.29 5.30
2012 1 19 0.00 42.74 18.02 30.38 5.40
2012 1 20 0.00 40.68 13.90 29.35 5.40
2012 1 21 0.50 40.68 8.75 26.26 5.40
2012 1 22 0.00 29.35 3.60 21.11 5.90
2012 1 23 0.00 35.53 -0.52 16.99 5.90
2012 1 24 0.10 34.50 5.66 23.17 5.90
2012 1 25 0.10 42.74 -0.52 18.02 6.00
2012 1 26 0.00 43.77 7.72 26.26 6.10
2012 1 27 0.00 37.59 1.54 24.20 6.10
2012 1 28 0.00 30.38 -5.67 11.84 6.10
2012 1 29 0.10 38.62 4.63 20.08 6.10
2012 1 30 0.00 40.68 10.81 24.20 6.20
2012 1 31 0.00 41.71 7.72 23.17 6.20
2012 2 1 0.00 36.56 6.69 22.14 6.20
2012 2 2 0.00 31.41 5.66 22.14 6.20
2012 2 3 0.00 28.32 -1.55 14.93 6.20
2012 2 4 0.10 27.29 -4.64 10.81 6.20
2012 2 5 0.00 28.32 5.66 15.96 6.30
2012 2 6 0.00 30.38 2.57 18.02 6.30
2012 2 7 0.00 32.44 -5.67 10.81 6.30
2012 2 8 0.20 39.65 3.60 24.20 6.30
2012 2 9 0.00 38.62 1.54 24.20 6.50
2012 2 10 0.10 35.53 -3.61 16.99 6.50
2012 2 11 0.00 39.65 6.69 22.14 6.60
2012 2 12 0.60 31.41 9.78 25.23 6.60
2012 2 13 0.10 31.41 19.05 25.23 7.20
2012 2 14 0.20 34.50 19.05 26.26 7.30
2012 2 15 0.10 31.41 0.51 16.99 7.40
2012 2 16 0.10 36.56 -0.52 18.02 7.40
2012 2 17 0.00 35.53 -0.52 15.96 7.50
2012 2 18 0.00 36.56 -3.61 15.96 7.50
2012 2 19 0.00 33.47 0.51 20.08 7.50
2012 2 20 0.00 21.11 -3.61 12.87 7.50
2012 2 21 0.10 31.41 3.60 22.14 7.50
2012 2 22 0.10 44.80 14.93 31.41 7.50
2012 2 23 0.00 38.62 -4.64 25.23 7.50
2012 2 24 0.00 28.32 -7.73 11.84 7.60
2012 2 25 0.00 42.74 6.69 26.26 7.60
2012 2 26 0.00 36.56 8.75 24.20 7.60
2012 2 27 0.10 42.74 8.75 28.32 7.60
2012 2 28 0.40 32.44 15.96 23.17 7.70
2012 2 29 0.20 35.53 7.72 25.23 8.10
2012 3 1 0.20 31.41 -2.58 22.14 8.20
2012 3 2 0.00 24.20 -12.88 8.75 8.20
2012 3 3 0.10 31.41 -15.97 8.75 8.30
2012 3 4 0.20 42.74 0.51 22.14 8.40
2012 3 5 0.00 47.89 8.75 27.29 8.60
2012 3 6 0.00 45.83 13.90 32.44 8.60
2012 3 7 0.00 44.80 26.26 33.47 8.60
2012 3 8 0.20 35.53 10.81 24.20 8.50
2012 3 9 0.00 39.65 4.63 25.23 8.70
2012 3 10 0.30 42.74 27.29 33.47 8.70
2012 3 11 0.00 41.71 25.23 34.50 9.00
2012 3 12 0.00 46.86 18.02 32.44 9.00
2012 3 13 0.00 48.92 14.93 31.41 8.90
2012 3 14 0.00 52.01 16.99 33.47 8.90
2012 3 15 0.00 54.07 14.93 33.47 8.80
2012 3 16 0.00 53.04 19.05 34.50 8.50
2012 3 17 0.10 50.98 22.14 38.62 8.10
2012 3 18 0.20 42.74 18.02 31.41 7.70
2012 3 19 0.00 27.29 12.87 19.05 7.90
2012 3 20 0.00 36.56 11.84 23.17 7.80
2012 3 21 0.00 46.86 7.72 28.32 7.80
2012 3 22 0.00 53.04 20.08 37.59 7.80
2012 3 23 0.00 60.25 24.20 38.62 7.50
2012 3 24 0.00 59.22 25.23 40.68 7.00
2012 3 25 0.00 61.28 27.29 42.74 6.30
2012 3 26 0.00 54.07 30.38 44.80 5.70
2012 3 27 0.00 55.10 27.29 40.68 5.00
2012 3 28 0.00 54.07 22.14 38.62 4.20
2012 3 29 0.00 53.04 25.23 39.65 3.50
2012 3 30 0.00 56.13 27.29 42.74 2.60
2012 3 31 0.00 59.22 30.38 42.74 1.50
2012 4 1 0.00 56.13 28.32 43.77 0.50
2012 4 2 0.40 40.68 25.23 31.41 0.20
2012 4 3 0.50 39.65 19.05 27.29 0.60
2012 4 4 0.10 48.92 19.05 35.53 1.10
2012 4 5 0.00 53.04 24.20 40.68 0.90
2012 4 6 0.00 52.01 37.59 43.77 0.20
2012 4 7 0.00 52.01 25.23 37.59 0.10
2012 4 8 0.00 56.13 25.23 40.68 0.00
2012 4 9 0.00 58.19 31.41 43.77 0.00
2012 4 10 0.00 61.28 32.44 45.83 0.00
2012 4 11 0.00 60.25 31.41 46.86 0.00
2012 4 12 0.00 44.80 27.29 36.56 0.00
2012 4 13 0.00 46.86 25.23 36.56 0.00
2012 4 14 0.30 42.74 20.08 29.35 0.00
2012 4 15 0.10 35.53 21.11 28.32 0.30
2012 4 16 0.00 41.71 19.05 32.44 0.00
2012 4 17 0.00 53.04 22.14 37.59 0.00
2012 4 18 0.00 58.19 25.23 42.74 0.00
2012 4 19 0.00 48.92 29.35 38.62 0.00
2012 4 20 0.00 57.16 25.23 41.71 0.00
2012 4 21 0.00 64.37 28.32 46.86 0.00
2012 4 22 0.00 65.40 32.44 47.89 0.00
2012 4 23 0.00 64.37 32.44 46.86 0.00
2012 4 24 0.00 66.43 31.41 48.92 0.00
2012 4 25 0.10 63.34 32.44 49.95 0.00
2012 4 26 0.10 62.31 29.35 45.83 0.00
2012 4 27 0.00 46.86 29.35 38.62 0.00
2012 4 28 0.00 52.01 27.29 38.62 0.00
2012 4 29 0.00 54.07 27.29 41.71 0.00
2012 4 30 0.00 57.16 25.23 41.71 0.00
2012 5 1 0.00 59.22 28.32 43.77 0.00
2012 5 2 0.00 62.31 29.35 45.83 0.00
2012 5 3 0.00 61.28 31.41 46.86 0.00
2012 5 4 0.00 65.40 32.44 48.92 0.00
2012 5 5 0.00 62.31 28.32 46.86 0.00
2012 5 6 0.10 62.31 32.44 47.89 0.00
2012 5 7 0.20 54.07 30.38 39.65 0.00
2012 5 8 0.00 48.92 24.20 36.56 0.00
2012 5 9 0.00 58.19 29.35 42.74 0.00
2012 5 10 0.10 63.34 30.38 46.86 0.00
2012 5 11 0.10 58.19 33.47 43.77 0.00
2012 5 12 0.20 55.10 32.44 41.71 0.00
2012 5 13 0.10 55.10 30.38 38.62 0.00
2012 5 14 0.00 56.13 29.35 41.71 0.00
2012 5 15 0.00 63.34 32.44 47.89 0.00
2012 5 16 0.00 64.37 31.41 48.92 0.00
2012 5 17 0.00 62.31 31.41 48.92 0.00
2012 5 18 0.00 61.28 30.38 48.92 0.00
2012 5 19 0.00 59.22 31.41 46.86 0.00
2012 5 20 0.00 63.34 30.38 47.89 0.00
2012 5 21 0.00 68.49 31.41 52.01 0.00
2012 5 22 0.00 70.55 34.50 56.13 0.00
2012 5 23 0.00 68.49 38.62 58.19 0.00
2012 5 24 0.00 59.22 34.50 49.95 0.00
2012 5 25 0.00 67.46 41.71 57.16 0.00
2012 5 26 0.00 67.46 39.65 56.13 0.00
2012 5 27 0.00 53.04 26.26 40.68 0.00
2012 5 28 0.00 59.22 22.14 42.74 0.00
2012 5 29 0.00 66.43 27.29 47.89 0.00
2012 5 30 0.00 69.52 32.44 53.04 0.00
2012 5 31 0.00 71.58 32.44 53.04 0.00
2012 6 1 0.00 73.64 37.59 57.16 0.00
2012 6 2 0.00 73.64 39.65 56.13 0.00
2012 6 3 0.10 72.61 36.56 54.07 0.00
2012 6 4 0.10 66.43 39.65 49.95 0.00
2012 6 5 0.00 68.49 36.56 52.01 0.00
2012 6 6 0.00  nan  nan  nan 0.00
2012 6 7 0.00  nan  nan  nan 0.00
2012 6 8 0.00 74.67 33.47 55.10 0.00
2012 6 9 0.00 71.58 35.53 57.16 0.00
2012 6 10 0.00 67.46 38.62 55.10 0.00
2012 6 11 0.00 71.58 32.44 54.07 0.00
2012 6 12 0.00 70.55 38.62 56.13 0.00
2012 6 13 0.00 74.67 37.59 57.16 0.00
2012 6 14 0.00 75.70 37.59 57.16 0.00
2012 6 15 0.00 74.67 36.56 57.16 0.00
2012 6 16 0.00 73.64 37.59 56.13 0.00
2012 6 17 0.00 73.64 38.62 60.25 0.00
2012 6 18 0.00 74.67 43.77 61.28 0.00
2012 6 19 0.00 75.70 37.59 61.28 0.00
2012 6 20 0.00 79.82 41.71 62.31 0.00
2012 6 21 0.00 78.79 41.71 62.31 0.00
2012 6 22 0.00 79.82 42.74 64.37 0.00
2012 6 23 0.00 80.85 46.86 64.37 0.00
2012 6 24 0.00 82.91 45.83 64.37 0.00
2012 6 25 0.00 81.88 41.71 63.34 0.00
2012 6 26 0.00 78.79 43.77 63.34 0.00
2012 6 27 0.00 77.76 45.83 61.28 0.00
2012 6 28 0.00 77.76 45.83 59.22 0.00
2012 6 29 0.10 76.73 43.77 60.25 0.00
2012 6 30 0.00 77.76 44.80 62.31 0.00
2012 7 1 0.00 79.82 42.74 61.28 0.00
2012 7 2 0.00 77.76 46.86 61.28 0.00
2012 7 3 0.30 76.73 44.80 59.22 0.00
2012 7 4 0.30 73.64 45.83 58.19 0.00
2012 7 5 0.10 69.52 45.83 57.16 0.00
2012 7 6 0.00 70.55 44.80 57.16 0.00
2012 7 7 0.00 69.52 44.80 56.13 0.00
2012 7 8 0.20 71.58 47.89 56.13 0.00
2012 7 9 0.10 65.40 46.86 53.04 0.00
2012 7 10 0.50 71.58 44.80 56.13 0.00
2012 7 11 0.10 72.61 42.74 55.10 0.00
2012 7 12 0.10 74.67 43.77 59.22 0.00
2012 7 13 0.00 72.61 44.80 57.16 0.00
2012 7 14 0.10 72.61 47.89 57.16 0.00
2012 7 15 0.00 71.58 42.74 58.19 0.00
2012 7 16 0.00 72.61 42.74 57.16 0.00
2012 7 17 0.00 70.55 40.68 57.16 0.00
2012 7 18 0.00 73.64 44.80 59.22 0.00
2012 7 19 0.00 75.70 45.83 58.19 0.00
2012 7 20 0.00 77.76 43.77 61.28 0.00
2012 7 21 0.00 79.82 47.89 61.28 0.00
2012 7 22 0.00 76.73 45.83 61.28 0.00
2012 7 23 0.50 76.73 43.77 55.10 0.00
2012 7 24 0.40 69.52 42.74 54.07 0.00
2012 7 25 0.40 70.55 44.80 57.16 0.00
2012 7 26 0.10 71.58 45.83 57.16 0.00
2012 7 27 0.10 68.49 48.92 55.10 0.00
2012 7 28 0.00 73.64 44.80 60.25 0.00
2012 7 29 0.00 75.70 50.98 61.28 0.00
2012 7 30 0.00 77.76 45.83 62.31 0.00
2012 7 31 0.00 75.70 46.86 57.16 0.00
2012 8 1 0.20 74.67 44.80 59.22 0.00
2012 8 2 0.30 72.61 46.86 58.19 0.00
2012 8 3 0.00 69.52 45.83 55.10 0.00
2012 8 4 0.00 72.61 44.80 58.19 0.00
2012 8 5 0.60 69.52 45.83 54.07 0.00
2012 8 6 0.00 72.61 47.89 58.19 0.00
2012 8 7 0.00 75.70 49.95 60.25 0.00
2012 8 8 0.00 73.64 45.83 59.22 0.00
2012 8 9 0.00 77.76 42.74 59.22 0.00
2012 8 10 0.10 74.67 46.86 58.19 0.00
2012 8 11 0.00 76.73 49.95 62.31 0.00
2012 8 12 0.20 71.58 44.80 54.07 0.00
2012 8 13 0.00 71.58 42.74 56.13 0.00
2012 8 14 0.70 69.52 43.77 52.01 0.00
2012 8 15 0.20 70.55 42.74 54.07 0.00
2012 8 16 0.10 71.58 43.77 57.16 0.00
2012 8 17 0.20 69.52 44.80 50.98 0.00
2012 8 18 0.00 71.58 41.71 55.10 0.00
2012 8 19 0.10 70.55 41.71 53.04 0.00
2012 8 20 0.00 65.40 44.80 55.10 0.00
2012 8 21 0.00 69.52 41.71 55.10 0.00
2012 8 22 0.00 67.46 48.92 58.19 0.00
2012 8 23 0.20 67.46 44.80 54.07 0.00
2012 8 24 0.00 63.34 44.80 52.01 0.00
2012 8 25 0.10 71.58 41.71 54.07 0.00
2012 8 26 0.00 70.55 43.77 55.10 0.00
2012 8 27 0.10 73.64 43.77 56.13 0.00
2012 8 28 0.10 73.64 42.74 57.16 0.00
2012 8 29 0.00 74.67 42.74 59.22 0.00
2012 8 30 0.00 74.67 39.65 57.16 0.00
2012 8 31 0.00 71.58 39.65 55.10 0.00
2012 9 1 0.00 73.64 38.62 57.16 0.00
2012 9 2 0.00 73.64 46.86 60.25 0.00
2012 9 3 0.00 74.67 48.92 59.22 0.00
2012 9 4 0.00 73.64 43.77 57.16 0.00
2012 9 5 0.00 72.61 42.74 56.13 0.00
2012 9 6 0.00 73.64 42.74 57.16 0.00
2012 9 7 0.10 73.64 43.77 56.13 0.00
2012 9 8 0.10 57.16 39.65 46.86 0.00
2012 9 9 0.00 64.37 35.53 49.95 0.00
2012 9 10 0.10 64.37 39.65 52.01 0.00
2012 9 11 0.00 67.46 46.86 55.10 0.00
2012 9 12 0.60 56.13 40.68 46.86 0.00
2012 9 13 0.00 54.07 35.53 43.77 0.00
2012 9 14 0.00 58.19 31.41 43.77 0.00
2012 9 15 0.00 64.37 30.38 46.86 0.00
2012 9 16 0.00 66.43 34.50 50.98 0.00
2012 9 17 0.00 63.34 33.47 43.77 0.00
2012 9 18 0.10 63.34 30.38 47.89 0.00
2012 9 19 0.00 66.43 34.50 49.95 0.00
2012 9 20 0.00 66.43 33.47 48.92 0.00
2012 9 21 0.00 68.49 34.50 49.95 0.00
2012 9 22 0.00 68.49 32.44 49.95 0.00
2012 9 23 0.00 67.46 36.56 52.01 0.00
2012 9 24 0.10 64.37 37.59 46.86 0.00
2012 9 25 0.00 54.07 33.47 41.71 0.00
2012 9 26 0.00  nan  nan  nan 0.00
2012 9 27 0.00  nan  nan  nan 0.00
2012 9 28 0.10 60.25 32.44 45.83 0.00
2012 9 29 0.00 61.28 33.47 46.86 0.00
2012 9 30 0.00 61.28 31.41 44.80 0.00
2012 10 1  nan 61.28 31.41 45.83  nan
2012 10 2  nan 65.40 32.44 47.89  nan
2012 10 3  nan 64.37 32.44 48.92  nan
2012 10 4  nan 62.31 33.47 52.01  nan
2012 10 5  nan 59.22 45.83 52.01  nan
2012 10 6  nan 57.16 34.50 47.89  nan
2012 10 7  nan 52.01 27.29 39.65  nan
2012 10 8  nan 54.07 23.17 40.68  nan
2012 10 9  nan 58.19 29.35 44.80  nan
2012 10 10  nan 61.28 31.41 44.80  nan
2012 10 11  nan 62.31 31.41 47.89  nan
2012 10 12  nan 50.98 32.44 39.65  nan
2012 10 13  nan 40.68 29.35 34.50  nan
2012 10 14  nan 55.10 28.32 39.65  nan
2012 10 15  nan 57.16 28.32 42.74  nan
2012 10 16  nan 59.22 29.35 46.86  nan
2012 10 17  nan 55.10 29.35 44.80  nan
2012 10 18  nan 58.19 25.23 39.65  nan
2012 10 19  nan 61.28 25.23 42.74  nan
2012 10 20  nan 61.28 27.29 42.74  nan
2012 10 21  nan 54.07 27.29 40.68  nan
2012 10 22  nan 54.07 29.35 41.71  nan
2012 10 23  nan 55.10 35.53 46.86  nan
2012 10 24  nan 55.10 33.47 45.83  nan
2012 10 25  nan 40.68 22.14 31.41  nan
2012 10 26  nan 36.56 14.93 26.26  nan
2012 10 27  nan 45.83 14.93 31.41  nan
2012 10 28  nan 53.04 24.20 36.56  nan
2012 10 29  nan 56.13 24.20 38.62  nan
2012 10 30  nan 54.07 23.17 37.59  nan
2012 10 31  nan 55.10 23.17 37.59  nan
2012 11 1  nan 56.13 24.20 38.62  nan
2012 11 2  nan 50.98 24.20 37.59  nan
2012 11 3  nan 52.01 20.08 33.47  nan
2012 11 4  nan 54.07 20.08 34.50  nan
2012 11 5  nan 53.04 21.11 36.56  nan
2012 11 6  nan 54.07 22.14 38.62  nan
2012 11 7  nan 57.16 23.17 39.65  nan
2012 11 8  nan 53.04 26.26 38.62  nan
2012 11 9  nan 44.80 31.41 37.59  nan
2012 11 10  nan 38.62 9.78 24.20  nan
2012 11 11  nan 21.11 -4.64 12.87  nan
2012 11 12  nan 28.32 -7.73 10.81  nan
2012 11 13  nan 39.65 8.75 22.14  nan
2012 11 14  nan 45.83 11.84 26.26  nan
2012 11 15  nan 45.83 12.87 28.32  nan
2012 11 16  nan 45.83 19.05 31.41  nan
2012 11 17  nan 47.89 18.02 31.41  nan
2012 11 18  nan 42.74 21.11 33.47  nan
2012 11 19  nan 45.83 21.11 30.38  nan
2012 11 20  nan 46.86 19.05 30.38  nan
2012 11 21  nan 49.95 19.05 33.47  nan
2012 11 22  nan 49.95 22.14 32.44  nan
2012 11 23  nan 46.86 18.02 30.38  nan
2012 11 24  nan 49.95 19.05 31.41  nan
2012 11 25  nan 45.83 16.99 31.41  nan
2012 11 26  nan 43.77 19.05 29.35  nan
2012 11 27  nan 45.83 14.93 28.32  nan
2012 11 28  nan 44.80 11.84 28.32  nan
2012 11 29  nan 44.80 19.05 34.50  nan
2012 11 30  nan 44.80 25.23 34.50  nan
2012 12 1  nan 44.80 30.38 37.59  nan
2012 12 2  nan 45.83 26.26 34.50  nan
2012 12 3  nan 44.80 26.26 35.53  nan
2012 12 4  nan 44.80 16.99 30.38  nan
2012 12 5  nan 49.95 22.14 33.47  nan
2012 12 6  nan 45.83 22.14 32.44  nan
2012 12 7  nan 38.62 16.99 32.44  nan
2012 12 8  nan 35.53 15.96 29.35  nan
2012 12 9  nan 29.35 -14.94 14.93  nan
2012 12 10  nan 26.26 -18.03 1.54  nan
2012 12 11  nan 25.23 -9.79 8.75  nan
2012 12 12  nan 37.59 5.66 20.08  nan
2012 12 13  nan 38.62 4.63 20.08  nan
2012 12 14  nan 31.41 16.99 25.23  nan
2012 12 15  nan 28.32 14.93 22.14  nan
2012 12 16  nan 22.14 6.69 16.99  nan
2012 12 17  nan 28.32 12.87 21.11  nan
2012 12 18  nan 31.41 20.08 26.26  nan
2012 12 19  nan 29.35 -13.91 14.93  nan
2012 12 20  nan 26.26 -17.00 1.54  nan
2012 12 21  nan 33.47 -2.58 9.78  nan
2012 12 22  nan 37.59 -0.52 12.87  nan
2012 12 23  nan 33.47 2.57 23.17  nan
2012 12 24  nan 33.47 10.81 24.20  nan
2012 12 25  nan 25.23 -2.58 10.81  nan
2012 12 26  nan 32.44 -4.64 16.99  nan
2012 12 27  nan 21.11 -2.58 14.93  nan
2012 12 28  nan 22.14 -12.88 2.57  nan
2012 12 29  nan 26.26 -19.06 3.60  nan
2012 12 30  nan 33.47 4.63 19.05  nan
2012 12 31  nan 25.23 10.81 16.99  nan
2013 1 1  nan 19.05 -15.97 2.57  nan
2013 1 2  nan 19.05 -19.06 -4.64  nan
2013 1 3  nan 20.08 -18.03 -4.64  nan
2013 1 4  nan 30.38 -12.88 7.72  nan
2013 1 5  nan 33.47 -7.73 8.75  nan
2013 1 6  nan 35.53 -2.58 14.93  nan
2013 1 7  nan 35.53 4.63 16.99  nan
2013 1 8  nan 38.62 -0.52 14.93  nan
2013 1 9  nan 36.56 3.60 16.99  nan
2013 1 10  nan 37.59 4.63 23.17  nan
2013 1 11  nan 28.32 -12.88 10.81  nan
2013 1 12  nan 12.87 -25.24 -7.73  nan
2013 1 13  nan 10.81 -20.09 -3.61  nan
2013 1 14  nan 14.93 -19.06 -0.52  nan
2013 1 15  nan 20.08 -25.24 -3.61  nan
2013 1 16  nan 28.32 -5.67 10.81  nan
2013 1 17  nan 36.56 3.60 16.99  nan
2013 1 18  nan 39.65 1.54 15.96  nan
2013 1 19  nan 37.59 0.51 15.96  nan
2013 1 20  nan 37.59 3.60 16.99  nan
2013 1 21  nan 38.62 -0.52 16.99  nan
2013 1 22  nan 46.86 5.66 21.11  nan
2013 1 23  nan 47.89 5.66 24.20  nan
2013 1 24  nan 44.80 16.99 32.44  nan
2013 1 25  nan 42.74 27.29 33.47  nan
2013 1 26  nan 39.65 27.29 33.47  nan
2013 1 27  nan 36.56 27.29 32.44  nan
2013 1 28  nan 33.47 18.02 28.32  nan
2013 1 29  nan 18.02 -6.70 10.81  nan
2013 1 30  nan 20.08 -12.88 8.75  nan
2013 1 31  nan 33.47 8.75 22.14  nan
2013 2 1  nan 36.56 2.57 20.08  nan
2013 2 2  nan 37.59 3.60 19.05  nan
2013 2 3  nan 41.71 10.81 26.26  nan
2013 2 4  nan 42.74 5.66 24.20  nan
2013 2 5  nan 40.68 6.69 23.17  nan
2013 2 6  nan 43.77 9.78 27.29  nan
2013 2 7  nan 38.62 8.75 22.14  nan
2013 2 8  nan 37.59 8.75 25.23  nan
2013 2 9  nan 29.35 13.90 19.05  nan
2013 2 10  nan 24.20 12.87 16.99  nan
2013 2 11  nan 23.17 -3.61 14.93  nan
2013 2 12  nan 27.29 -13.91 5.66  nan
2013 2 13  nan 36.56 -5.67 12.87  nan
2013 2 14  nan 33.47 -2.58 13.90  nan
2013 2 15  nan 32.44 -3.61 12.87  nan
2013 2 16  nan 40.68 1.54 20.08  nan
2013 2 17  nan 45.83 1.54 25.23  nan
2013 2 18  nan 32.44 1.54 21.11  nan
2013 2 19  nan 41.71 -5.67 21.11  nan
2013 2 20  nan 29.35 1.54 21.11  nan
2013 2 21  nan 26.26 0.51 16.99  nan
2013 2 22  nan 28.32 -3.61 15.96  nan
2013 2 23  nan 33.47 -8.76 16.99  nan
2013 2 24  nan 27.29 0.51 15.96  nan
2013 2 25  nan 30.38 -0.52 16.99  nan
2013 2 26  nan 26.26 -4.64 13.90  nan
2013 2 27  nan 29.35 -9.79 8.75  nan
2013 2 28  nan 30.38 -9.79 12.87  nan
2013 3 1  nan 39.65 2.57 22.14  nan
2013 3 2  nan 45.83 9.78 28.32  nan
2013 3 3  nan 45.83 21.11 34.50  nan
2013 3 4  nan 37.59 14.93 31.41  nan
2013 3 5  nan 44.80 5.66 24.20  nan
2013 3 6  nan 45.83 13.90 30.38  nan
2013 3 7  nan 46.86 22.14 34.50  nan
2013 3 8  nan 46.86 21.11 30.38  nan
2013 3 9  nan 26.26 16.99 21.11  nan
2013 3 10  nan 36.56 9.78 22.14  nan
2013 3 11  nan 44.80 9.78 27.29  nan
2013 3 12  nan 45.83 14.93 31.41  nan
2013 3 13  nan 49.95 19.05 34.50  nan
2013 3 14  nan 53.04 22.14 36.56  nan
2013 3 15  nan 55.10 24.20 39.65  nan
2013 3 16  nan 53.04 25.23 36.56  nan
2013 3 17  nan 43.77 21.11 33.47  nan
2013 3 18  nan 39.65 24.20 33.47  nan
2013 3 19  nan 41.71 19.05 31.41  nan
2013 3 20  nan 45.83 14.93 31.41  nan
2013 3 21  nan 44.80 27.29 36.56  nan
2013 3 22  nan 38.62 19.05 30.38  nan
2013 3 23  nan 26.26 1.54 15.96  nan
2013 3 24  nan 28.32 -1.55 14.93  nan
2013 3 25  nan 34.50 -0.52 19.05  nan
2013 3 26  nan 45.83 10.81 29.35  nan
2013 3 27  nan 50.98 18.02 34.50  nan
2013 3 28  nan 50.98 24.20 37.59  nan
2013 3 29  nan 52.01 23.17 35.53  nan
2013 3 30  nan 53.04 24.20 38.62  nan
2013 3 31  nan 52.01 27.29 38.62  nan
2013 4 1  nan 52.01 28.32 41.71  nan
2013 4 2  nan 47.89 25.23 34.50  nan
2013 4 3  nan 47.89 24.20 34.50  nan
2013 4 4  nan 52.01 23.17 39.65  nan
2013 4 5  nan 54.07 28.32 42.74  nan
2013 4 6  nan 52.01 28.32 39.65  nan
2013 4 7  nan 50.98 27.29 41.71  nan
2013 4 8  nan 52.01 29.35 40.68  nan
2013 4 9  nan 34.50 24.20 29.35  nan
2013 4 10  nan 30.38 12.87 24.20  nan
2013 4 11  nan 42.74 11.84 29.35  nan
2013 4 12  nan 45.83 21.11 34.50  nan
2013 4 13  nan  nan 22.14 40.68  nan
2013 4 14  nan  nan -0.52 40.68  nan
2013 4 15  nan 53.04 34.50 43.77  nan
2013 4 16  nan 57.16 31.41 45.83  nan
2013 4 17  nan 37.59 16.99 28.32  nan
2013 4 18  nan 28.32 9.78 18.02  nan
2013 4 19  nan 43.77 6.69 28.32  nan
2013 4 20  nan 45.83 26.26 35.53  nan
2013 4 21  nan 50.98 25.23 36.56  nan
2013 4 22  nan 55.10 24.20 44.80  nan
2013 4 23  nan 44.80 20.08 36.56  nan
2013 4 24  nan 49.95 15.96 34.50  nan
2013 4 25  nan 52.01 30.38 38.62  nan
2013 4 26  nan 49.95 29.35 38.62  nan
2013 4 27  nan 56.13 28.32 40.68  nan
2013 4 28  nan 60.25 27.29 45.83  nan
2013 4 29  nan 62.31 31.41 48.92  nan
2013 4 30  nan 65.40 35.53 53.04  nan
2013 5 1  nan 56.13 21.11 43.77  nan
2013 5 2  nan 45.83 14.93 30.38  nan
2013 5 3  nan 54.07 18.02 37.59  nan
2013 5 4  nan 59.22 22.14 42.74  nan
2013 5 5  nan 54.07 27.29 42.74  nan
2013 5 6  nan 43.77 30.38 37.59  nan
2013 5 7  nan 54.07 27.29 40.68  nan
2013 5 8  nan 48.92 27.29 38.62  nan
2013 5 9  nan 46.86 23.17 33.47  nan
2013 5 10  nan 52.01 26.26 37.59  nan
2013 5 11  nan 55.10 28.32 42.74  nan
2013 5 12  nan 61.28 31.41 46.86  nan
2013 5 13  nan 67.46 32.44 49.95  nan
2013 5 14  nan 64.37 33.47 48.92  nan
2013 5 15  nan 62.31 36.56 45.83  nan
2013 5 16  nan 64.37 30.38 48.92  nan
2013 5 17  nan 65.40 30.38 49.95  nan
2013 5 18  nan 59.22 32.44 47.89  nan
2013 5 19  nan 50.98 30.38 40.68  nan
2013 5 20  nan 52.01 28.32 37.59  nan
2013 5 21  nan 58.19 29.35 44.80  nan
2013 5 22  nan 66.43 31.41 49.95  nan
2013 5 23  nan 69.52 32.44 54.07  nan
2013 5 24  nan  nan  nan  nan  nan
2013 5 25  nan  nan  nan  nan  nan
2013 5 26  nan 66.43 35.53 52.01  nan
2013 5 27  nan 65.40 29.35 46.86  nan
2013 5 28  nan 65.40 29.35 48.92  nan
2013 5 29  nan 56.13 36.56 47.89  nan
2013 5 30  nan 60.25 30.38 46.86  nan
2013 5 31  nan 62.31 29.35 47.89  nan
2013 6 1  nan 66.43 28.32 47.89  nan
2013 6 2  nan 69.52 29.35 50.98  nan
2013 6 3  nan 69.52 36.56 53.04  nan
2013 6 4  nan 72.61 36.56 56.13  nan
2013 6 5  nan 71.58 37.59 56.13  nan
2013 6 6  nan 71.58 37.59 55.10  nan
2013 6 7  nan 68.49 35.53 52.01  nan
2013 6 8  nan 71.58 37.59 55.10  nan
2013 6 9  nan 78.79 38.62 59.22  nan
2013 6 10  nan  nan  nan  nan  nan
2013 6 11  nan 76.73 41.71 61.28  nan
2013 6 12  nan 78.79 38.62 60.25  nan
2013 6 13  nan 77.76 40.68 59.22  nan
2013 6 14  nan 73.64 43.77 59.22  nan
2013 6 15  nan 73.64 40.68 59.22  nan
2013 6 16  nan 72.61 41.71 58.19  nan
2013 6 17  nan 72.61 41.71 57.16  nan
2013 6 18  nan 72.61 38.62 55.10  nan
2013 6 19  nan 74.67 34.50 57.16  nan
2013 6 20  nan 73.64 38.62 58.19  nan
2013 6 21  nan 73.64 40.68 58.19  nan
2013 6 22  nan 71.58 38.62 55.10  nan
2013 6 23  nan 74.67 37.59 56.13  nan
2013 6 24  nan 70.55 38.62 57.16  nan
2013 6 25  nan 71.58 40.68 59.22  nan
2013 6 26  nan 80.85 42.74 63.34  nan
2013 6 27  nan 84.97 46.86 64.37  nan
2013 6 28  nan 77.76 44.80 59.22  nan
2013 6 29  nan 76.73 46.86 58.19  nan
2013 6 30  nan 72.61 43.77 53.04  nan
2013 7 1  nan 71.58 40.68 55.10  nan
2013 7 2  nan 70.55 41.71 55.10  nan
2013 7 3  nan 72.61 42.74 56.13  nan
2013 7 4  nan 73.64 44.80 59.22  nan
2013 7 5  nan 75.70 50.98 59.22  nan
2013 7 6  nan 72.61 49.95 59.22  nan
2013 7 7  nan 73.64 47.89 59.22  nan
2013 7 8  nan 73.64 46.86 60.25  nan
2013 7 9  nan 78.79 49.95 62.31  nan
2013 7 10  nan 74.67 47.89 56.13  nan
2013 7 11  nan 75.70 44.80 59.22  nan
2013 7 12  nan 69.52 49.95 59.22  nan
2013 7 13  nan 75.70 46.86 59.22  nan
2013 7 14  nan 75.70 46.86 60.25  nan
2013 7 15  nan 62.31 48.92 55.10  nan
2013 7 16  nan 66.43 43.77 54.07  nan
2013 7 17  nan 69.52 42.74 56.13  nan
2013 7 18  nan 77.76 44.80 58.19  nan
2013 7 19  nan 73.64 45.83 56.13  nan
2013 7 20  nan 73.64 47.89 60.25  nan
2013 7 21  nan 76.73 45.83 59.22  nan
2013 7 22  nan 76.73 46.86 61.28  nan
2013 7 23  nan 78.79 47.89 61.28  nan
2013 7 24  nan 77.76 50.98 61.28  nan
2013 7 25  nan 69.52 44.80 56.13  nan
2013 7 26  nan 70.55 45.83 53.04  nan
2013 7 27  nan 72.61 44.80 57.16  nan
2013 7 28  nan 61.28 48.92 54.07  nan
2013 7 29  nan 67.46 45.83 56.13  nan
2013 7 30  nan 72.61 42.74 58.19  nan
2013 7 31  nan 75.70 44.80 60.25  nan
2013 8 1  nan 67.46 45.83 55.10  nan
2013 8 2  nan 70.55 48.92 57.16  nan
2013 8 3  nan 70.55 47.89 58.19  nan
2013 8 4  nan 74.67 45.83 59.22  nan
2013 8 5  nan 72.61 47.89 58.19  nan
2013 8 6  nan 70.55 46.86 56.13  nan
2013 8 7  nan 64.37 44.80 52.01  nan
2013 8 8  nan 60.25 40.68 47.89  nan
2013 8 9  nan 68.49 38.62 52.01  nan
2013 8 10  nan 70.55 39.65 52.01  nan
2013 8 11  nan 66.43 38.62 53.04  nan
2013 8 12  nan 61.28 43.77 50.98  nan
2013 8 13  nan 68.49 41.71 54.07  nan
2013 8 14  nan 68.49 41.71 55.10  nan
2013 8 15  nan 71.58 41.71 57.16  nan
2013 8 16  nan 73.64 44.80 59.22  nan
2013 8 17  nan 74.67 46.86 59.22  nan
2013 8 18  nan 72.61 45.83 56.13  nan
2013 8 19  nan 72.61 42.74 58.19  nan
2013 8 20  nan 76.73 45.83 59.22  nan
2013 8 21  nan 71.58 46.86 58.19  nan
2013 8 22  nan 73.64 44.80 54.07  nan
2013 8 23  nan 71.58 42.74 57.16  nan
2013 8 24  nan 65.40 45.83 55.10  nan
2013 8 25  nan 67.46 48.92 55.10  nan
2013 8 26  nan 71.58 44.80 57.16  nan
2013 8 27  nan  nan  nan  nan  nan
2013 8 28  nan  nan  nan  nan  nan
2013 8 29  nan 75.70 45.83 58.19  nan
2013 8 30  nan 76.73 45.83 61.28  nan
2013 8 31  nan 76.73 47.89 61.28  nan
2013 9 1  nan 74.67 49.95 60.25  nan
2013 9 2  nan 69.52 46.86 54.07  nan
2013 9 3  nan 73.64 45.83 55.10  nan
2013 9 4  nan 75.70 42.74 59.22  nan
2013 9 5  nan 73.64 44.80 58.19  nan
2013 9 6  nan 73.64 42.74 57.16  nan
2013 9 7  nan 73.64 40.68 58.19  nan
2013 9 8  nan 71.58 42.74 57.16  nan
2013 9 9  nan 68.49 43.77 56.13  nan
2013 9 10  nan 59.22 40.68 49.95  nan
2013 9 11  nan 63.34 44.80 52.01  nan
2013 9 12  nan 60.25 43.77 50.98  nan
2013 9 13  nan 54.07 42.74 47.89  nan
2013 9 14  nan 59.22 40.68 47.89  nan
2013 9 15  nan 58.19 39.65 47.89  nan
2013 9 16  nan 64.37 40.68 49.95  nan
2013 9 17  nan 65.40 39.65 50.98  nan
2013 9 18  nan 61.28 41.71 49.95  nan
2013 9 19  nan 62.31 40.68 48.92  nan
2013 9 20  nan 64.37 36.56 48.92  nan
2013 9 21  nan 64.37 38.62 50.98  nan
2013 9 22  nan 63.34 33.47 45.83  nan
2013 9 23  nan 52.01 32.44 41.71  nan
2013 9 24  nan 63.34 30.38 43.77  nan
2013 9 25  nan 61.28 34.50 52.01  nan
2013 9 26  nan 61.28 45.83 52.01  nan
2013 9 27  nan 52.01 25.23 38.62  nan
2013 9 28  nan 55.10 23.17 37.59  nan
2013 9 29  nan 57.16 26.26 43.77  nan
2013 9 30  nan 63.34 36.56 49.95  nan
2013 10 1  nan 66.43 34.50 49.95  nan
2013 10 2  nan 61.28 30.38 45.83  nan
2013 10 3  nan 56.13 28.32 46.86  nan
2013 10 4  nan 44.80 20.08 35.53  nan
2013 10 5  nan 45.83 15.96 31.41  nan
2013 10 6  nan 56.13 22.14 38.62  nan
2013 10 7  nan 63.34 30.38 44.80  nan
2013 10 8  nan 58.19 29.35 43.77  nan
2013 10 9  nan 57.16 28.32 42.74  nan
2013 10 10  nan 49.95 27.29 35.53  nan
2013 10 11  nan 40.68 26.26 32.44  nan
2013 10 12  nan 46.86 23.17 33.47  nan
2013 10 13  nan 56.13 28.32 43.77  nan
2013 10 14  nan 42.74 27.29 35.53  nan
2013 10 15  nan 45.83 23.17 34.50  nan
2013 10 16  nan 38.62 24.20 32.44  nan
2013 10 17  nan 46.86 20.08 32.44  nan
2013 10 18  nan 42.74 19.05 30.38  nan
2013 10 19  nan 49.95 20.08 34.50  nan
2013 10 20  nan 52.01 24.20 36.56  nan
2013 10 21  nan 47.89 25.23 34.50  nan
2013 10 22  nan 54.07 23.17 37.59  nan
2013 10 23  nan 57.16 24.20 38.62  nan
2013 10 24  nan 57.16 28.32 41.71  nan
2013 10 25  nan 50.98 33.47 39.65  nan
2013 10 26  nan 48.92 29.35 36.56  nan
2013 10 27  nan 48.92 28.32 36.56  nan
2013 10 28  nan 48.92 29.35 38.62  nan
2013 10 29  nan 45.83 24.20 35.53  nan
2013 10 30  nan 36.56 25.23 30.38  nan
2013 10 31  nan 37.59 14.93 26.26  nan
2013 11 1  nan 43.77 16.99 28.32  nan
2013 11 2  nan 52.01 15.96 33.47  nan
2013 11 3  nan 44.80 29.35 37.59  nan
2013 11 4  nan 48.92 21.11 34.50  nan
2013 11 5  nan 93.21 6.69 26.26  nan
2013 11 6  nan 38.62 3.60 22.14  nan
2013 11 7  nan 78.79 16.99 29.35  nan
2013 11 8  nan 47.89 16.99 34.50  nan
2013 11 9  nan 81.88 23.17 34.50  nan
2013 11 10  nan 53.04 23.17 34.50  nan
2013 11 11  nan  nan  nan  nan  nan
2013 11 12  nan  nan  nan  nan  nan
2013 11 13  nan 48.92 21.11 34.50  nan
2013 11 14  nan 78.79 22.14 34.50  nan
2013 11 15  nan 64.37 23.17 33.47  nan
2013 11 16  nan 72.61 14.93 32.44  nan
2013 11 17  nan 52.01 18.02 31.41  nan
2013 11 18  nan 41.71 9.78 27.29  nan
2013 11 19  nan 65.40 20.08 34.50  nan
2013 11 20  nan 78.79 20.08 32.44  nan
2013 11 21  nan 39.65 16.99 33.47  nan
2013 11 22  nan 67.46 19.05 28.32  nan
2013 11 23  nan 39.65 19.05 26.26  nan
2013 11 24  nan 68.49 14.93 24.20  nan
2013 11 25  nan 78.79 11.84 22.14  nan
2013 11 26  nan 78.79 5.66 18.02  nan
2013 11 27  nan 36.56 2.57 16.99  nan
2013 11 28  nan 96.30 5.66 21.11  nan
2013 11 29  nan 66.43 2.57 19.05  nan
2013 11 30  nan 40.68 4.63 22.14  nan
2013 12 1  nan 73.64 6.69 24.20  nan
2013 12 2  nan 81.88 13.90 32.44  nan
2013 12 3  nan 39.65 26.26 34.50  nan
2013 12 4  nan 53.04 2.57 24.20  nan
2013 12 5  nan 57.16 2.57 13.90  nan
2013 12 6  nan 42.74 -6.70 8.75  nan
2013 12 7  nan 40.68 -3.61 14.93  nan
2013 12 8  nan 30.38 2.57 9.78  nan
2013 12 9  nan 27.29 -19.06 -0.52  nan
2013 12 10  nan 30.38 -23.18 4.63  nan
2013 12 11  nan 41.71 -5.67 10.81  nan
2013 12 12  nan 62.31 -6.70 16.99  nan
2013 12 13  nan 71.58 7.72 22.14  nan
2013 12 14  nan 68.49 -3.61 12.87  nan
2013 12 15  nan 71.58 -0.52 15.96  nan
2013 12 16  nan 43.77 7.72 21.11  nan
2013 12 17  nan 64.37 3.60 21.11  nan
2013 12 18  nan 84.97 15.96 28.32  nan
2013 12 19  nan 43.77 19.05 31.41  nan
2013 12 20  nan 63.34 3.60 23.17  nan
2013 12 21  nan 66.43 1.54 16.99  nan
2013 12 22  nan 26.26 -5.67 11.84  nan
2013 12 23  nan 94.24 -5.67 11.84  nan
2013 12 24  nan 76.73 6.69 24.20  nan
2013 12 25  nan 29.35 -4.64 9.78  nan
2013 12 26  nan 98.36 0.51 15.96  nan
2013 12 27  nan 72.61 1.54 19.05  nan
2013 12 28  nan 73.64 8.75 24.20  nan
2013 12 29  nan 29.35 12.87 22.14  nan
2013 12 30  nan 50.98 8.75 18.02  nan
2013 12 31  nan 70.55 8.75 25.23  nan
2014 1 1  nan 76.73 6.69 24.20  nan
2014 1 2  nan 73.64 4.63 20.08  nan
2014 1 3  nan 64.37 9.78 27.29  nan
2014 1 4  nan 48.92 -9.79 22.14  nan
2014 1 5  nan 19.05 -17.00 0.51  nan
2014 1 6  nan 45.83 -19.06 3.60  nan
2014 1 7  nan 59.22 1.54 21.11  nan
2014 1 8  nan 50.98 2.57 19.05  nan
2014 1 9  nan 69.52 5.66 22.14  nan
2014 1 10  nan 59.22 8.75 23.17  nan
2014 1 11  nan 42.74 8.75 27.29  nan
2014 1 12  nan 60.25 1.54 25.23  nan
2014 1 13  nan 54.07 -1.55 15.96  nan
2014 1 14  nan 36.56 -2.58 15.96  nan
2014 1 15  nan 66.43 1.54 21.11  nan
2014 1 16  nan 74.67 1.54 19.05  nan
2014 1 17  nan 61.28 3.60 18.02  nan
2014 1 18  nan 73.64 4.63 20.08  nan
2014 1 19  nan 43.77 8.75 25.23  nan
2014 1 20  nan 50.98 1.54 20.08  nan
2014 1 21  nan 45.83 3.60 20.08  nan
2014 1 22  nan 53.04 4.63 21.11  nan
2014 1 23  nan 26.26 -3.61 14.93  nan
2014 1 24  nan 33.47 -3.61 13.90  nan
2014 1 25  nan 92.18 5.66 24.20  nan
2014 1 26  nan 87.03 10.81 25.23  nan
2014 1 27  nan 104.54 12.87 27.29  nan
2014 1 28  nan 59.22 3.60 15.96  nan
2014 1 29  nan 57.16 2.57 24.20  nan
2014 1 30  nan 76.73 23.17 34.50  nan
2014 1 31  nan 33.47 16.99 29.35  nan
2014 2 1  nan 40.68 -4.64 19.05  nan
2014 2 2  nan 33.47 -14.94 8.75  nan
2014 2 3  nan 30.38 9.78 20.08  nan
2014 2 4  nan 34.50 7.72 15.96  nan
2014 2 5  nan 24.20 -2.58 9.78  nan
2014 2 6  nan 53.04 7.72 18.02  nan
2014 2 7  nan 53.04 9.78 23.17  nan
2014 2 8  nan 73.64 10.81 26.26  nan
2014 2 9  nan 42.74 30.38 36.56  nan
2014 2 10  nan 61.28 21.11 31.41  nan
2014 2 11  nan 73.64 4.63 22.14  nan
2014 2 12  nan 47.89 3.60 24.20  nan
2014 2 13  nan 61.28 12.87 33.47  nan
2014 2 14  nan 84.97 23.17 38.62  nan
2014 2 15  nan 89.09 19.05 37.59  nan
2014 2 16  nan 54.07 12.87 34.50  nan
2014 2 17  nan 74.67 14.93 29.35  nan
2014 2 18  nan 46.86 12.87 31.41  nan
2014 2 19  nan 42.74 16.99 30.38  nan
2014 2 20  nan 44.80 7.72 18.02  nan
2014 2 21  nan 34.50 5.66 22.14  nan
2014 2 22  nan 74.67 10.81 31.41  nan
2014 2 23  nan 84.97 15.96 31.41  nan
2014 2 24  nan 98.36 13.90 32.44  nan
2014 2 25  nan 45.83 14.93 31.41  nan
2014 2 26  nan 45.83 23.17 34.50  nan
2014 2 27  nan 82.91 15.96 28.32  nan
2014 2 28  nan 38.62 26.26 31.41  nan
2014 3 1  nan 38.62 28.32 32.44  nan
2014 3 2  nan 37.59 14.93 28.32  nan
2014 3 3  nan 39.65 12.87 26.26  nan
2014 3 4  nan 41.71 13.90 29.35  nan
2014 3 5  nan 46.86 16.99 29.35  nan
2014 3 6  nan 68.49 10.81 33.47  nan
2014 3 7  nan 52.01 18.02 29.35  nan
2014 3 8  nan 64.37 10.81 24.20  nan
2014 3 9  nan 86.00 6.69 28.32  nan
2014 3 10  nan 86.00 20.08 37.59  nan
2014 3 11  nan 44.80 16.99 32.44  nan
2014 3 12  nan 100.42 8.75 24.20  nan
2014 3 13  nan 46.86 13.90 30.38  nan
2014 3 14  nan 76.73 19.05 33.47  nan
2014 3 15  nan 70.55 15.96 28.32  nan
2014 3 16  nan 66.43 7.72 28.32  nan
2014 3 17  nan 47.89 21.11 36.56  nan
2014 3 18  nan 36.56 13.90 26.26  nan
2014 3 19  nan 39.65 6.69 24.20  nan
2014 3 20  nan 46.86 10.81 30.38  nan
2014 3 21  nan 57.16 18.02 33.47  nan
2014 3 22  nan 72.61 18.02 34.50  nan
2014 3 23  nan 64.37 22.14 33.47  nan
2014 3 24  nan 48.92 20.08 34.50  nan
2014 3 25  nan 52.01 20.08 36.56  nan
2014 3 26  nan 44.80 22.14 35.53  nan
2014 3 27  nan 64.37 22.14 30.38  nan
2014 3 28  nan 63.34 9.78 30.38  nan
2014 3 29  nan 76.73 14.93 32.44  nan
2014 3 30  nan 77.76 23.17 38.62  nan
2014 3 31  nan 41.71 22.14 31.41  nan
2014 4 1  nan 71.58 32.44 40.68  nan
2014 4 2  nan 73.64 22.14 34.50  nan
2014 4 3  nan 32.44 10.81 24.20  nan
2014 4 4  nan 66.43 4.63 26.26  nan
2014 4 5  nan 41.71 15.96 31.41  nan
2014 4 6  nan 42.74 4.63 28.32  nan
2014 4 7  nan 63.34 4.63 31.41  nan
2014 4 8  nan 54.07 21.11 38.62  nan
2014 4 9  nan 56.13 26.26 41.71  nan
2014 4 10  nan 57.16 25.23 40.68  nan
2014 4 11  nan 59.22 25.23 44.80  nan
2014 4 12  nan 55.10 24.20 40.68  nan
2014 4 13  nan 47.89 19.05 34.50  nan
2014 4 14  nan 62.31 3.60 28.32  nan
2014 4 15  nan 73.64 18.02 34.50  nan
2014 4 16  nan 81.88 25.23 38.62  nan
2014 4 17  nan 82.91 25.23 39.65  nan
2014 4 18  nan 59.22 29.35 44.80  nan
2014 4 19  nan 53.04 35.53 43.77  nan
2014 4 20  nan 56.13 34.50 43.77  nan
2014 4 21  nan 60.25 31.41 44.80  nan
2014 4 22  nan 57.16 29.35 46.86  nan
2014 4 23  nan 76.73 27.29 42.74  nan
2014 4 24  nan 79.82 21.11 37.59  nan
2014 4 25  nan 56.13 22.14 43.77  nan
2014 4 26  nan 63.34 22.14 36.56  nan
2014 4 27  nan 93.21 11.84 29.35  nan
2014 4 28  nan 38.62 16.99 28.32  nan
2014 4 29  nan 65.40 12.87 27.29  nan
2014 4 30  nan 56.13 15.96 31.41  nan
2014 5 1  nan 62.31 25.23 34.50  nan
2014 5 2  nan 57.16 22.14 40.68  nan
2014 5 3  nan 97.33 30.38 46.86  nan
2014 5 4  nan 81.88 29.35 46.86  nan
2014 5 5  nan 80.85 29.35 46.86  nan
2014 5 6  nan 87.03 31.41 45.83  nan
2014 5 7  nan 80.85 28.32 38.62  nan
2014 5 8  nan 74.67 18.02 32.44  nan
2014 5 9  nan 80.85 18.02 38.62  nan
2014 5 10  nan 77.76 26.26 45.83  nan
2014 5 11  nan 71.58 29.35 41.71  nan
2014 5 12  nan 90.12 19.05 31.41  nan
2014 5 13  nan 99.39 11.84 26.26  nan
2014 5 14  nan 81.88 13.90 32.44  nan
2014 5 15  nan 56.13 24.20 41.71  nan
2014 5 16  nan 87.03 30.38 47.89  nan
2014 5 17  nan 92.18 34.50 49.95  nan
2014 5 18  nan 66.43 35.53 52.01  nan
2014 5 19  nan 94.24 39.65 55.10  nan
2014 5 20  nan 96.30 33.47 50.98  nan
2014 5 21  nan 92.18 31.41 49.95  nan
2014 5 22  nan 81.88 33.47 49.95  nan
2014 5 23  nan 77.76 34.50 41.71  nan
2014 5 24  nan 69.52 28.32 42.74  nan
2014 5 25  nan 81.88 25.23 38.62  nan
2014 5 26  nan 89.09 26.26 46.86  nan
2014 5 27  nan 101.45 34.50 53.04  nan
2014 5 28  nan 79.82 37.59 53.04  nan
2014 5 29  nan 101.45 40.68 53.04  nan
2014 5 30  nan 65.40 40.68 53.04  nan
2014 5 31  nan 70.55 38.62 57.16  nan
2014 6 1  nan 82.91 38.62 55.10  nan
2014 6 2  nan  nan 36.56 56.13  nan
2014 6 3  nan 72.61 39.65 59.22  nan
2014 6 4  nan 92.18 39.65 58.19  nan
2014 6 5  nan  nan 38.62 57.16  nan
2014 6 6  nan 102.48 33.47 54.07  nan
2014 6 7  nan  nan 34.50 52.01  nan
2014 6 8  nan 104.54 34.50 49.95  nan
2014 6 9  nan 91.15 28.32 48.92  nan
2014 6 10  nan  nan 33.47 54.07  nan
2014 6 11  nan 101.45 35.53 56.13  nan
2014 6 12  nan 99.39 31.41 55.10  nan
2014 6 13  nan 88.06 36.56 55.10  nan
2014 6 14  nan 97.33 31.41 55.10  nan
2014 6 15  nan 68.49 28.32 53.04  nan
2014 6 16  nan 74.67 43.77 58.19  nan
2014 6 17  nan 67.46 44.80 58.19  nan
2014 6 18  nan 76.73 36.56 50.98  nan
2014 6 19  nan  nan 27.29 52.01  nan
2014 6 20  nan 73.64 34.50 56.13  nan
2014 6 21  nan 72.61 34.50 57.16  nan
2014 6 22  nan 80.85 35.53 57.16  nan
2014 6 23  nan 103.51 36.56 57.16  nan
2014 6 24  nan 101.45 34.50 57.16  nan
2014 6 25  nan 95.27 35.53 57.16  nan
2014 6 26  nan 96.30 39.65 57.16  nan
2014 6 27  nan 67.46 41.71 55.10  nan
2014 6 28  nan 103.51 36.56 56.13  nan
2014 6 29  nan  nan 32.44 61.28  nan
2014 6 30  nan  nan 36.56 61.28  nan
2014 7 1  nan  nan 41.71 61.28  nan
2014 7 2  nan 80.85 40.68 58.19  nan
2014 7 3  nan 78.79 36.56 50.98  nan
2014 7 4  nan 71.58 32.44 55.10  nan
2014 7 5  nan 98.36 33.47 57.16  nan
2014 7 6  nan  nan 35.53 60.25  nan
2014 7 7  nan  nan 40.68 59.22  nan
2014 7 8  nan 71.58 38.62 53.04  nan
2014 7 9  nan  nan 40.68 55.10  nan
2014 7 10  nan 96.30 39.65 58.19  nan
2014 7 11  nan  nan 28.32 57.16  nan
2014 7 12  nan  nan 31.41 57.16  nan
2014 7 13  nan 103.51 39.65 58.19  nan
2014 7 14  nan  nan 37.59 59.22  nan
2014 7 15  nan 97.33 40.68 55.10  nan
2014 7 16  nan 69.52 39.65 54.07  nan
2014 7 17  nan 64.37 36.56 50.98  nan
2014 7 18  nan 72.61 41.71 56.13  nan
2014 7 19  nan 73.64 42.74 57.16  nan
2014 7 20  nan 102.48 45.83 60.25  nan
2014 7 21  nan 103.51 46.86 61.28  nan
2014 7 22  nan 78.79 44.80 62.31  nan
2014 7 23  nan 102.48 48.92 62.31  nan
2014 7 24  nan 74.67 45.83 61.28  nan
2014 7 25  nan 75.70 48.92 62.31  nan
2014 7 26  nan 91.15 44.80 63.34  nan
2014 7 27  nan 75.70 49.95 57.16  nan
2014 7 28  nan  nan 36.56 54.07  nan
2014 7 29  nan  nan 36.56 53.04  nan
2014 7 30  nan 71.58 44.80 56.13  nan
2014 7 31  nan 67.46 44.80 54.07  nan
2014 8 1  nan 63.34 43.77 50.98  nan
2014 8 2  nan 72.61 33.47 50.98  nan
2014 8 3  nan 68.49 34.50 55.10  nan
2014 8 4  nan 75.70 44.80 54.07  nan
2014 8 5  nan 96.30 40.68 55.10  nan
2014 8 6  nan 99.39 40.68 57.16  nan
2014 8 7  nan 92.18 42.74 55.10  nan
2014 8 8  nan 103.51 37.59 55.10  nan
2014 8 9  nan 72.61 38.62 57.16  nan
2014 8 10  nan 99.39 37.59 52.01  nan
2014 8 11  nan 75.70 35.53 54.07  nan
2014 8 12  nan  nan 40.68 56.13  nan
2014 8 13  nan 95.27 43.77 56.13  nan
2014 8 14  nan 78.79 47.89 56.13  nan
2014 8 15  nan 68.49 43.77 55.10  nan
2014 8 16  nan  nan 43.77 57.16  nan
2014 8 17  nan 73.64 41.71 57.16  nan
2014 8 18  nan 89.09 42.74 59.22  nan
2014 8 19  nan 70.55 48.92 59.22  nan
2014 8 20  nan 68.49 47.89 57.16  nan
2014 8 21  nan 72.61 38.62 57.16  nan
2014 8 22  nan 57.16 41.71 48.92  nan
2014 8 23  nan  nan 34.50 49.95  nan
2014 8 24  nan 66.43 37.59 52.01  nan
2014 8 25  nan 97.33 39.65 56.13  nan
2014 8 26  nan 88.06 44.80 53.04  nan
2014 8 27  nan 62.31 39.65 52.01  nan
2014 8 28  nan 59.22 36.56 48.92  nan
2014 8 29  nan 66.43 33.47 52.01  nan
2014 8 30  nan 94.24 37.59 55.10  nan
2014 8 31  nan 71.58 36.56 55.10  nan
2014 9 1  nan 95.27 38.62 55.10  nan
2014 9 2  nan  nan 38.62 56.13  nan
2014 9 3  nan 75.70 34.50 57.16  nan
2014 9 4  nan 96.30 40.68 57.16  nan
2014 9 5  nan 97.33 42.74 55.10  nan
2014 9 6  nan 87.03 40.68 52.01  nan
2014 9 7  nan 66.43 35.53 49.95  nan
2014 9 8  nan 69.52 41.71 55.10  nan
2014 9 9  nan 87.03 43.77 53.04  nan
2014 9 10  nan 75.70 35.53 50.98  nan
2014 9 11  nan 65.40 31.41 50.98  nan
2014 9 12  nan 66.43 34.50 49.95  nan
2014 9 13  nan 66.43 33.47 48.92  nan
2014 9 14  nan 97.33 35.53 53.04  nan
2014 9 15  nan 70.55 37.59 53.04  nan
2014 9 16  nan 69.52 38.62 53.04  nan
2014 9 17  nan 67.46 42.74 54.07  nan
2014 9 18  nan 100.42 33.47 53.04  nan
2014 9 19  nan 71.58 38.62 55.10  nan
2014 9 20  nan 73.64 39.65 54.07  nan
2014 9 21  nan 75.70 42.74 56.13  nan
2014 9 22  nan 88.06 42.74 52.01  nan
2014 9 23  nan 64.37 40.68 52.01  nan
2014 9 24  nan 69.52 37.59 52.01  nan
2014 9 25  nan 70.55 40.68 54.07  nan
2014 9 26  nan 70.55 37.59 52.01  nan
2014 9 27  nan  nan 37.59 50.98  nan
2014 9 28  nan 87.03 7.72 47.89  nan
2014 9 29  nan 71.58 30.38 43.77  nan
2014 9 30  nan 98.36 28.32 38.62  nan
2014 10 1 0.00 62.31 24.20 39.65 0.00
2014 10 2 0.00 82.91 27.29 38.62 0.00
2014 10 3 0.00 61.28 27.29 42.74 0.00
2014 10 4 0.00 61.28 29.35 45.83 0.00
2014 10 5 0.00 61.28 29.35 43.77 0.00
2014 10 6 0.00 65.40 27.29 45.83 0.00
2014 10 7 0.00 63.34 29.35 45.83 0.00
2014 10 8 0.20 80.85 32.44 47.89 0.00
2014 10 9 0.50  nan 28.32 43.77 0.00
2014 10 10 0.10 66.43 37.59 40.68 0.00
2014 10 11 0.00 77.76 29.35 42.74 0.00
2014 10 12 0.20 68.49 16.99 36.56 0.00
2014 10 13 0.00 52.01 16.99 34.50 0.00
2014 10 14 0.00 58.19 20.08 40.68 0.00
2014 10 15 0.10 81.88 26.26 43.77 0.00
2014 10 16 0.00 61.28 27.29 45.83 0.00
2014 10 17 0.00 64.37 32.44 47.89 0.00
2014 10 18 0.20 57.16 31.41 41.71 0.00
2014 10 19 0.00 56.13 32.44 41.71 0.00
2014 10 20 0.00 57.16 30.38 41.71 0.00
2014 10 21 0.00 82.91 28.32 41.71 0.00
2014 10 22 0.00  nan 33.47 43.77 0.00
2014 10 23 0.00 58.19 25.23 42.74 0.00
2014 10 24 0.00 64.37 29.35 44.80 0.00
2014 10 25 0.00 65.40 30.38 47.89 0.00
2014 10 26 0.00  nan 34.50 45.83 0.00
2014 10 27 0.00 49.95 27.29 40.68 0.00
2014 10 28 0.00 50.98 23.17 36.56 0.00
2014 10 29 0.00 56.13 20.08 38.62 0.00
2014 10 30 0.00  nan 23.17 39.65 0.00
2014 10 31 0.00  nan 24.20 39.65 0.00
2014 11 1 0.10 60.25 29.35 42.74 0.00
2014 11 2 0.80 68.49 32.44 36.56 0.00
2014 11 3 0.10 62.31 21.11 29.35 0.00
2014 11 4 0.00 43.77 12.87 27.29 0.00
2014 11 5 0.00 46.86 16.99 31.41 0.00
2014 11 6 0.00  nan 23.17 38.62 0.00
2014 11 7 0.00 55.10 28.32 38.62 0.00
2014 11 8 0.00  nan 24.20 36.56 0.00
2014 11 9 0.00 55.10 24.20 39.65 0.00
2014 11 10 0.00 47.89 34.50 41.71 0.00
2014 11 11 0.10 55.10 24.20 38.62 0.00
2014 11 12 0.00 49.95 28.32 36.56 0.00
2014 11 13 0.10  nan 28.32 34.50 0.00
2014 11 14 0.70  nan 16.99 34.50 0.00
2014 11 15 0.50  nan 14.93 31.41 0.70
2014 11 16 0.30 29.35 -2.58 15.96 1.20
2014 11 17 0.10 26.26 -11.85 6.69 1.20
2014 11 18 0.00  nan -12.88 10.81 1.20
2014 11 19 0.00 39.65 -1.55 22.14 1.30
2014 11 20 0.00  nan 10.81 26.26 1.50
2014 11 21 0.00 40.68 10.81 24.20 1.40
2014 11 22 0.00  nan 5.66 27.29 1.40
2014 11 23 0.10  nan -4.64 20.08 1.60
2014 11 24 0.10 56.13 -10.82 6.69 1.40
2014 11 25 0.00  nan -8.76 16.99 1.40
2014 11 26 0.00  nan 14.93 28.32 1.80
2014 11 27 0.00  nan 12.87 28.32 1.70
2014 11 28 0.00  nan 12.87 29.35 1.70
2014 11 29 0.00  nan 19.05 39.65 1.70
2014 11 30 0.00  nan 20.08 34.50 1.70
2014 12 1 0.00 42.74 19.05 29.35 1.60
2014 12 2 0.00  nan 15.96 29.35 1.60
2014 12 3 0.20 45.83 21.11 33.47 1.60
2014 12 4 0.10  nan 23.17 33.47 1.80
2014 12 5 0.10 40.68 15.96 26.26 1.90
2014 12 6 0.00 39.65 19.05 30.38 2.00
2014 12 7 0.00 43.77 21.11 30.38 2.00
2014 12 8 0.00 53.04 15.96 27.29 2.00
2014 12 9 0.00 44.80 15.96 27.29 1.90
2014 12 10 0.00 62.31 12.87 26.26 1.90
2014 12 11 0.00 52.01 14.93 28.32 1.80
2014 12 12 0.00 48.92 12.87 30.38 1.80
2014 12 13 0.00  nan 22.14 32.44 2.00
2014 12 14 0.00 49.95 13.90 24.20 2.10
2014 12 15 0.00  nan 3.60 18.02 2.00
2014 12 16 0.00 40.68 7.72 25.23 1.90
2014 12 17 0.10 48.92 14.93 22.14 2.00
2014 12 18 0.00 61.28 9.78 22.14 2.10
2014 12 19 0.00 65.40 0.51 14.93 2.10
2014 12 20 0.00  nan 5.66 23.17 2.00
2014 12 21 0.00  nan 16.99 28.32 2.10
2014 12 22 0.20  nan 3.60 26.26 2.30
2014 12 23 0.00 23.17 -5.67 6.69 2.30
2014 12 24 0.30  nan -11.85 14.93 2.10
2014 12 25 0.40 40.68 11.84 22.14 2.40
2014 12 26 0.10 30.38 -6.70 8.75 2.80
2014 12 27 0.10 50.98 -21.12 0.51 2.60
2014 12 28 0.10 25.23 -9.79 8.75 2.70
2014 12 29 0.00 46.86 -5.67 10.81 2.80
2014 12 30 0.00 47.89 -18.03 2.57 2.80
2014 12 31 0.00 59.22 -6.70 6.69 2.80
2015 1 1 0.10 30.38 -11.85 8.75 2.80
2015 1 2 0.10 42.74 -12.88 2.57 2.90
2015 1 3 0.00 63.34 -4.64 10.81 3.00
2015 1 4 0.10  nan -9.79 15.96 3.00
2015 1 5 0.00 45.83 10.81 29.35 3.10
2015 1 6 0.10  nan 13.90 29.35 3.10
2015 1 7 0.00  nan 15.96 29.35 3.20
2015 1 8 0.00 43.77 13.90 27.29 3.20
2015 1 9 0.00 60.25 11.84 22.14 3.20
2015 1 10 0.10 64.37 7.72 23.17 3.10
2015 1 11 0.00 36.56 11.84 28.32 3.20
2015 1 12 0.20 35.53 12.87 25.23 3.20
2015 1 13 0.40  nan 19.05 27.29 3.40
2015 1 14 0.00 63.34 5.66 22.14 3.80
2015 1 15 0.00 36.56 1.54 15.96 3.80
2015 1 16 0.00  nan 4.63 24.20 3.80
2015 1 17 0.00  nan 11.84 23.17 3.80
2015 1 18 0.00  nan 7.72 24.20 3.80
2015 1 19 0.10 46.86 5.66 28.32 3.80
2015 1 20 0.00  nan 11.84 26.26 3.90
2015 1 21 0.20 46.86 5.66 24.20 3.90
2015 1 22 0.10 55.10 -6.70 8.75 4.10
2015 1 23 0.00 33.47 -11.85 12.87 4.20
2015 1 24 0.00 41.71 7.72 21.11 4.20
2015 1 25 0.00 46.86 5.66 22.14 4.20
2015 1 26 0.10 52.01 13.90 30.38 4.20
2015 1 27 0.00  nan 19.05 33.47 4.30
2015 1 28 0.00  nan 22.14 32.44 4.30
2015 1 29 0.00  nan 18.02 31.41 4.30
2015 1 30 0.80 52.01 18.02 27.29 4.30
2015 1 31 0.00 37.59 10.81 27.29 5.10
2015 2 1 0.00 39.65 0.51 16.99 5.10
2015 2 2 0.10 55.10 10.81 24.20 5.10
2015 2 3 0.00 43.77 8.75 29.35 5.10
2015 2 4 0.00 42.74 14.93 29.35 5.20
2015 2 5 0.00  nan 18.02 30.38 5.20
2015 2 6 0.00 53.04 15.96 33.47 5.20
2015 2 7 0.00 47.89 18.02 34.50 5.20
2015 2 8 0.00  nan 22.14 35.53 5.20
2015 2 9 0.00  nan 18.02 35.53 5.20
2015 2 10 0.00 48.92 23.17 36.56 5.20
2015 2 11 0.10 36.56 12.87 26.26 5.20
2015 2 12 0.10 62.31 6.69 26.26 5.30
2015 2 13 0.00  nan 15.96 31.41 5.40
2015 2 14 0.00  nan 15.96 34.50 5.50
2015 2 15 0.00 47.89 19.05 34.50 5.50
2015 2 16 0.20 35.53 1.54 20.08 5.60
2015 2 17 0.00  nan -9.79 12.87 5.60
2015 2 18 0.00  nan 8.75 24.20 5.70
2015 2 19 0.00 49.95 9.78 31.41 5.70
2015 2 20 0.10 61.28 11.84 32.44 5.80
2015 2 21 0.20  nan 23.17 27.29 5.80
2015 2 22 0.70 41.71 14.93 26.26 6.00
2015 2 23 0.40 37.59 3.60 15.96 6.70
2015 2 24 0.00 46.86 -2.58 18.02 7.00
2015 2 25 0.00 66.43 8.75 20.08 7.10
2015 2 26 0.30 32.44 2.57 19.05 7.10
2015 2 27 0.40 41.71 2.57 21.11 7.40
2015 2 28 0.80 30.38 6.69 24.20 7.80
2015 3 1 0.60 38.62 25.23 32.44 8.60
2015 3 2 0.50  nan 13.90 33.47 9.20
2015 3 3 0.20  nan 21.11 25.23 9.70
2015 3 4 0.00 62.31 -7.73 16.99 9.90
2015 3 5 0.00  nan -11.85 12.87 9.80
2015 3 6 0.00 65.40 -5.67 21.11 9.80
2015 3 7 0.00  nan 7.72 26.26 9.80
2015 3 8 0.00  nan 10.81 27.29 9.90
2015 3 9 0.00 60.25 6.69 26.26 9.90
2015 3 10 0.00 45.83 10.81 27.29 9.90
2015 3 11 0.00  nan 13.90 32.44 9.80
2015 3 12 0.00  nan 22.14 36.56 9.60
2015 3 13 0.00  nan 30.38 36.56 9.50
2015 3 14 0.00 48.92 20.08 33.47 9.40
2015 3 15 0.00 54.07 13.90 35.53 9.10
2015 3 16 0.10  nan 21.11 38.62 8.80
2015 3 17 0.00 64.37 22.14 38.62 8.60
2015 3 18 0.00 54.07 33.47 41.71 8.30
2015 3 19 0.30 44.80 15.96 34.50 7.90
2015 3 20 0.00 73.64 27.29 34.50 8.10
2015 3 21 0.00 50.98 24.20 36.56 7.80
2015 3 22 0.00  nan 25.23 38.62 7.50
2015 3 23 0.10 50.98 21.11 36.56 7.20
2015 3 24 0.00  nan 26.26 37.59 6.80
2015 3 25 0.00 49.95 19.05 31.41 6.50
2015 3 26 0.00 47.89 12.87 34.50 6.30
2015 3 27 0.00 57.16 24.20 40.68 6.00
2015 3 28 0.00 58.19 27.29 41.71 5.40
2015 3 29 0.00  nan 29.35 42.74 4.70
2015 3 30 0.00 57.16 28.32 40.68 4.20
2015 3 31 0.00 58.19 27.29 41.71 3.80
2015 4 1 0.00 53.04 27.29 41.71 3.10
2015 4 2 0.00 73.64 26.26 39.65 2.50
2015 4 3 0.00 60.25 23.17 34.50 2.00
2015 4 4 0.00 49.95 21.11 36.56 1.40
2015 4 5 0.00  nan 28.32 42.74 0.90
2015 4 6 0.00 53.04 29.35 42.74 0.00
2015 4 7 0.00 78.79 28.32 40.68 0.00
2015 4 8 0.00 50.98 28.32 39.65 0.00
2015 4 9 0.00 55.10 18.02 34.50 0.00
2015 4 10 0.00 50.98 24.20 37.59 0.00
2015 4 11 0.00 79.82 24.20 38.62 0.00
2015 4 12 0.00 56.13 27.29 40.68 0.00
2015 4 13 0.00 64.37 28.32 40.68 0.00
2015 4 14 0.00  nan 28.32 42.74 0.00
2015 4 15 0.00 50.98 27.29 38.62 0.00
2015 4 16 0.00 59.22 23.17 32.44 0.00
2015 4 17 0.00  nan 16.99 27.29 0.00
2015 4 18 0.00 66.43 13.90 31.41 0.00
2015 4 19 0.00 64.37 21.11 34.50 0.00
2015 4 20 0.00 50.98 22.14 36.56 0.00
2015 4 21 0.00 83.94 22.14 40.68 0.00
2015 4 22 0.00 54.07 28.32 40.68 0.00
2015 4 23 0.00 81.88 25.23 40.68 0.00
2015 4 24 0.00 70.55 27.29 36.56 0.00
2015 4 25 0.00 46.86 30.38 37.59 0.00
2015 4 26 0.20 42.74 28.32 34.50 0.00
2015 4 27 0.00  nan 27.29 36.56 0.00
2015 4 28 0.00 53.04 24.20 38.62 0.00
2015 4 29 0.00 59.22 27.29 44.80 0.00
2015 4 30 0.00 80.85 31.41 47.89 0.00
2015 5 1 0.00 65.40 33.47 48.92 0.00
2015 5 2 0.00 81.88 32.44 44.80 0.00
2015 5 3 0.10  nan 27.29 42.74 0.00
2015 5 4 0.10 81.88 30.38 43.77 0.00
2015 5 5 0.50 80.85 33.47 38.62 0.00
2015 5 6 0.00 74.67 25.23 39.65 0.00
2015 5 7 0.00 89.09 19.05 40.68 0.00
2015 5 8 0.00 55.10 29.35 43.77 0.00
2015 5 9 0.20 42.74 27.29 32.44 0.00
2015 5 10 0.00 46.86 28.32 36.56 0.00
2015 5 11 0.00 91.15 26.26 41.71 0.00
2015 5 12 0.10 57.16 31.41 44.80 0.00
2015 5 13 0.00 86.00 27.29 42.74 0.00
2015 5 14 0.00 76.73 30.38 43.77 0.00
2015 5 15 0.20 80.85 18.02 36.56 0.00
2015 5 16 0.00 76.73 29.35 35.53 0.00
2015 5 17 0.00 80.85 29.35 42.74 0.00
2015 5 18 0.30 69.52 26.26 43.77 0.00
2015 5 19 0.40  nan 24.20 38.62 0.00
2015 5 20 0.00 68.49 29.35 43.77 0.00
2015 5 21 0.40 57.16 32.44 43.77 0.00
2015 5 22 0.00 50.98 23.17 41.71 0.00
2015 5 23 0.00 74.67 29.35 41.71 0.00
2015 5 24 0.00  nan 26.26 38.62 0.00
2015 5 25 0.10  nan 34.50 42.74 0.00
2015 5 26 0.00 58.19 27.29 45.83 0.00
2015 5 27 0.00 62.31 31.41 48.92 0.00
2015 5 28 0.00 70.55 35.53 49.95 0.00
2015 5 29 0.00 73.64 31.41 46.86 0.00
2015 5 30 0.00 64.37 32.44 48.92 0.00
2015 5 31 0.00 94.24 33.47 52.01 0.00
2015 6 1 0.00 70.55 40.68 54.07 0.00
2015 6 2 0.00  nan 38.62 54.07 0.00
2015 6 3 0.00 97.33 32.44 53.04 0.00
2015 6 4 0.00  nan 39.65 56.13 0.00
2015 6 5 0.10 86.00 38.62 49.95 0.00
2015 6 6 0.10  nan 37.59 48.92 0.00
2015 6 7 0.10  nan 24.20 46.86 0.00
2015 6 8 0.00 97.33 36.56 54.07 0.00
2015 6 9 0.00 70.55 37.59 56.13 0.00
2015 6 10 0.30 63.34 42.74 53.04 0.00
2015 6 11 0.00 66.43 39.65 52.01 0.00
2015 6 12 0.00 62.31 37.59 49.95 0.00
2015 6 13 0.10 57.16 39.65 46.86 0.00
2015 6 14 0.00 66.43 36.56 50.98 0.00
2015 6 15 0.00 68.49 38.62 53.04 0.00
2015 6 16 0.00 71.58 40.68 55.10 0.00
2015 6 17 0.00 74.67 41.71 58.19 0.00
2015 6 18 0.10 74.67 37.59 55.10 0.00
2015 6 19 0.00 74.67 39.65 59.22 0.00
2015 6 20 0.00 78.79 39.65 61.28 0.00
2015 6 21 0.00 79.82 41.71 62.31 0.00
2015 6 22 0.00 79.82 40.68 61.28 0.00
2015 6 23 0.00 78.79 43.77 61.28 0.00
2015 6 24 0.10 76.73 40.68 57.16 0.00
2015 6 25 0.00 73.64 43.77 58.19 0.00
2015 6 26 0.10 76.73 41.71 59.22 0.00
2015 6 27 0.10 70.55 44.80 53.04 0.00
2015 6 28 0.00 75.70 43.77 59.22 0.00
2015 6 29 0.00 74.67 45.83 59.22 0.00
2015 6 30 0.50 78.79 43.77 63.34 0.00
2015 7 1 0.30 76.73 47.89 59.22 0.00
2015 7 2 0.00 70.55 47.89 55.10 0.00
2015 7 3 0.20 69.52 44.80 54.07 0.00
2015 7 4 0.10 70.55 44.80 57.16 0.00
2015 7 5 0.00 69.52 45.83 58.19 0.00
2015 7 6 0.00 67.46 49.95 56.13 0.00
2015 7 7 0.00 65.40 41.71 50.98 0.00
2015 7 8 0.10 64.37 42.74 52.01 0.00
2015 7 9 0.00 63.34 40.68 52.01 0.00
2015 7 10 0.00 64.37 37.59 52.01 0.00
2015 7 11 0.00 69.52 40.68 57.16 0.00
2015 7 12 0.10 72.61 44.80 57.16 0.00
2015 7 13 0.00 72.61 48.92 59.22 0.00
2015 7 14 0.00 68.49 47.89 54.07 0.00
2015 7 15 0.00 69.52 46.86 56.13 0.00
2015 7 16 0.00 72.61 41.71 57.16 0.00
2015 7 17 0.00 70.55 40.68 56.13 0.00
2015 7 18 0.10 71.58 47.89 59.22 0.00
2015 7 19 0.10 69.52 47.89 57.16 0.00
2015 7 20 0.30 64.37 45.83 54.07 0.00
2015 7 21 0.00 67.46 43.77 55.10 0.00
2015 7 22 0.00 71.58 39.65 56.13 0.00
2015 7 23 0.00 73.64 42.74 59.22 0.00
2015 7 24 0.00 76.73 44.80 59.22 0.00
2015 7 25 0.00 73.64 44.80 59.22 0.00
2015 7 26 0.00 75.70 45.83 58.19 0.00
2015 7 27 0.00 71.58 45.83 59.22 0.00
2015 7 28 0.10 73.64 42.74 60.25 0.00
2015 7 29 0.60 69.52 46.86 53.04 0.00
2015 7 30 0.20 67.46 43.77 54.07 0.00
2015 7 31 0.00 68.49 48.92 56.13 0.00
2015 8 1 0.20 65.40 47.89 53.04 0.00
2015 8 2 0.50 67.46 45.83 53.04 0.00
2015 8 3 0.00 67.46 45.83 55.10 0.00
2015 8 4 0.00 70.55 41.71 57.16 0.00
2015 8 5 0.00 74.67 40.68 59.22 0.00
2015 8 6 0.00 74.67 44.80 59.22 0.00
2015 8 7 0.30 72.61 44.80 55.10 0.00
2015 8 8 0.00 67.46 42.74 56.13 0.00
2015 8 9 0.00 71.58 41.71 56.13 0.00
2015 8 10 0.00 73.64 43.77 59.22 0.00
2015 8 11 0.00 72.61 48.92 59.22 0.00
2015 8 12 0.00 72.61 47.89 59.22 0.00
2015 8 13 0.00 76.73 44.80 62.31 0.00
2015 8 14 0.00 74.67 47.89 61.28 0.00
2015 8 15 0.50 76.73 44.80 55.10 0.00
2015 8 16 0.00 72.61 44.80 57.16 0.00
2015 8 17 0.30 68.49 45.83 55.10 0.00
2015 8 18 0.00 71.58 42.74 56.13 0.00
2015 8 19 0.00 69.52 36.56 55.10 0.00
2015 8 20 0.10 69.52 37.59 55.10 0.00
2015 8 21 0.00 71.58 44.80 58.19 0.00
2015 8 22 0.00 73.64 42.74 57.16 0.00
2015 8 23 0.20 71.58 41.71 53.04 0.00
2015 8 24 0.00 72.61 40.68 55.10 0.00
2015 8 25 0.10 75.70 42.74 58.19 0.00
2015 8 26 0.30 65.40 45.83 53.04 0.00
2015 8 27 0.00 63.34 43.77 53.04 0.00
2015 8 28 0.00 69.52 43.77 56.13 0.00
2015 8 29 0.00 66.43 43.77 55.10 0.00
2015 8 30 0.00 70.55 41.71 57.16 0.00
2015 8 31 0.00 70.55 44.80 57.16 0.00
2015 9 1 0.00 68.49 45.83 56.13 0.00
2015 9 2 0.00 69.52 41.71 57.16 0.00
2015 9 3 0.00 67.46 43.77 54.07 0.00
2015 9 4 0.00 63.34 41.71 53.04 0.00
2015 9 5 0.00 62.31 43.77 52.01 0.00
2015 9 6 0.00 65.40 42.74 52.01 0.00
2015 9 7 0.00 69.52 38.62 54.07 0.00
2015 9 8 0.00 70.55 40.68 54.07 0.00
2015 9 9 0.00 69.52 38.62 54.07 0.00
2015 9 10 0.00 71.58 39.65 54.07 0.00
2015 9 11 0.00 73.64 38.62 54.07 0.00
2015 9 12 0.40 70.55 38.62 50.98 0.00
2015 9 13 0.10 70.55 36.56 54.07 0.00
2015 9 14 0.00 65.40 46.86 55.10 0.00
2015 9 15 0.20 61.28 41.71 50.98 0.00
2015 9 16 0.00 63.34 40.68 52.01 0.00
2015 9 17 0.00 64.37 40.68 53.04 0.00
2015 9 18 0.00 65.40 34.50 52.01 0.00
2015 9 19 0.00 66.43 30.38 48.92 0.00
2015 9 20 0.00 68.49 34.50 50.98 0.00
2015 9 21 0.00 71.58 36.56 54.07 0.00
2015 9 22 0.40 63.34 44.80 49.95 0.00
2015 9 23 0.00 61.28 41.71 49.95 0.00
2015 9 24 0.00 65.40 37.59 49.95 0.00
2015 9 25 0.00 68.49 36.56 49.95 0.00
2015 9 26 0.00 70.55 36.56 52.01 0.00
2015 9 27 0.00 71.58 37.59 54.07 0.00
2015 9 28 0.00 69.52 38.62 53.04 0.00
2015 9 29 0.00 70.55 37.59 53.04 0.00
2015 9 30 0.00 67.46 37.59 52.01 0.00
2015 10 1  nan 69.52 40.68 54.07  nan
2015 10 2  nan 66.43 41.71 52.01  nan
2015 10 3  nan 61.28 40.68 49.95  nan
2015 10 4  nan 60.25 38.62 47.89  nan
2015 10 5  nan 60.25 39.65 47.89  nan
2015 10 6  nan 58.19 35.53 45.83  nan
2015 10 7  nan 55.10 33.47 42.74  nan
2015 10 8  nan 59.22 33.47 45.83  nan
2015 10 9  nan 64.37 31.41 47.89  nan
2015 10 10  nan 65.40 34.50 50.98  nan
2015 10 11  nan 63.34 37.59 50.98  nan
2015 10 12  nan 68.49 31.41 48.92  nan
2015 10 13  nan 66.43 32.44 48.92  nan
2015 10 14  nan 66.43 32.44 47.89  nan
2015 10 15  nan 66.43 33.47 48.92  nan
2015 10 16  nan 62.31 29.35 44.80  nan
2015 10 17  nan 59.22 32.44 45.83  nan
2015 10 18  nan 55.10 34.50 44.80  nan
2015 10 19  nan 55.10 35.53 43.77  nan
2015 10 20  nan 56.13 31.41 39.65  nan
2015 10 21  nan 38.62 33.47 34.50  nan
2015 10 22  nan 45.83 33.47 37.59  nan
2015 10 23  nan 49.95 31.41 38.62  nan
2015 10 24  nan 50.98 30.38 37.59  nan
2015 10 25  nan 55.10 29.35 40.68  nan
2015 10 26  nan 47.89 29.35 38.62  nan
2015 10 27  nan 47.89 24.20 35.53  nan
2015 10 28  nan 49.95 18.02 34.50  nan
2015 10 29  nan 48.92 29.35 36.56  nan
2015 10 30  nan 39.65 27.29 33.47  nan
2015 10 31  nan 48.92 22.14 33.47  nan
2015 11 1  nan 55.10 24.20 38.62  nan
2015 11 2  nan 55.10 28.32 39.65  nan
2015 11 3  nan 52.01 32.44 42.74  nan
2015 11 4  nan 43.77 25.23 33.47  nan
2015 11 5  nan 31.41 16.99 26.26  nan
2015 11 6  nan 36.56 14.93 25.23  nan
2015 11 7  nan 40.68 10.81 23.17  nan
2015 11 8  nan 42.74 11.84 25.23  nan
2015 11 9  nan 45.83 14.93 29.35  nan
2015 11 10  nan 44.80 21.11 34.50  nan
2015 11 11  nan 31.41 14.93 23.17  nan
2015 11 12  nan 44.80 9.78 24.20  nan
2015 11 13  nan 43.77 13.90 26.26  nan
2015 11 14  nan 47.89 14.93 28.32  nan
2015 11 15  nan 44.80 15.96 31.41  nan
2015 11 16  nan 36.56 20.08 28.32  nan
2015 11 17  nan 34.50 9.78 23.17  nan
2015 11 18  nan 38.62 9.78 24.20  nan
2015 11 19  nan 41.71 8.75 24.20  nan
2015 11 20  nan 42.74 12.87 28.32  nan
2015 11 21  nan 39.65 4.63 20.08  nan
2015 11 22  nan 45.83 8.75 23.17  nan
2015 11 23  nan 46.86 9.78 25.23  nan
2015 11 24  nan 41.71 12.87 26.26  nan
2015 11 25  nan 44.80 25.23 38.62  nan
2015 11 26  nan 40.68 31.41 35.53  nan
2015 11 27  nan 35.53 24.20 31.41  nan
2015 11 28  nan 32.44 15.96 27.29  nan
2015 11 29  nan 34.50 16.99 25.23  nan
2015 11 30  nan 19.05 10.81 15.96  nan
2015 12 1  nan 29.35 -0.52 13.90  nan
2015 12 2  nan 35.53 0.51 16.99  nan
2015 12 3  nan 40.68 8.75 21.11  nan
2015 12 4  nan 44.80 11.84 27.29  nan
2015 12 5  nan 36.56 7.72 26.26  nan
2015 12 6  nan 43.77 2.57 20.08  nan
2015 12 7  nan 47.89 11.84 30.38  nan
2015 12 8  nan 48.92 22.14 32.44  nan
2015 12 9  nan 47.89 16.99 31.41  nan
2015 12 10  nan 48.92 25.23 38.62  nan
2015 12 11  nan 38.62 29.35 35.53  nan
2015 12 12  nan 34.50 23.17 29.35  nan
2015 12 13  nan 36.56 10.81 22.14  nan
2015 12 14  nan 33.47 8.75 23.17  nan
2015 12 15  nan 18.02 -6.70 10.81  nan
2015 12 16  nan 22.14 -13.91 5.66  nan
2015 12 17  nan 20.08 -4.64 9.78  nan
2015 12 18  nan 32.44 0.51 15.96  nan
2015 12 19  nan 41.71 8.75 24.20  nan
2015 12 20  nan 33.47 21.11 26.26  nan
2015 12 21  nan 27.29 14.93 22.14  nan
2015 12 22  nan 29.35 24.20 26.26  nan
2015 12 23  nan 27.29 15.96 23.17  nan
2015 12 24  nan 27.29 4.63 18.02  nan
2015 12 25  nan 29.35 -3.61 19.05  nan
2015 12 26  nan 15.96 -13.91 5.66  nan
2015 12 27  nan 27.29 2.57 14.93  nan
2015 12 28  nan 31.41 1.54 14.93  nan
2015 12 29  nan 27.29 -2.58 13.90  nan
2015 12 30  nan 20.08 -6.70 10.81  nan
2015 12 31  nan 26.26 -9.79 6.69  nan
2016 1 1  nan 22.14 -10.82 3.60  nan
2016 1 2  nan 34.50 -6.70 10.81  nan
2016 1 3  nan 40.68 1.54 18.02  nan
2016 1 4  nan 36.56 2.57 19.05  nan
2016 1 5  nan 31.41 18.02 24.20  nan
2016 1 6  nan 32.44 18.02 25.23  nan
2016 1 7  nan 29.35 9.78 21.11  nan
2016 1 8  nan 25.23 3.60 16.99  nan
2016 1 9  nan 26.26 -3.61 8.75  nan
2016 1 10  nan 24.20 -12.88 0.51  nan
2016 1 11  nan 25.23 -14.94 2.57  nan
2016 1 12  nan 37.59 -7.73 10.81  nan
2016 1 13  nan 39.65 4.63 16.99  nan
2016 1 14  nan 30.38 6.69 20.08  nan
2016 1 15  nan 27.29 -3.61 11.84  nan
2016 1 16  nan 27.29 -5.67 13.90  nan
2016 1 17  nan 34.50 7.72 21.11  nan
2016 1 18  nan 38.62 1.54 23.17  nan
2016 1 19  nan 36.56 18.02 27.29  nan
2016 1 20  nan 30.38 6.69 23.17  nan
2016 1 21  nan 32.44 -3.61 11.84  nan
2016 1 22  nan 38.62 1.54 20.08  nan
2016 1 23  nan 46.86 10.81 25.23  nan
2016 1 24  nan 32.44 13.90 25.23  nan
2016 1 25  nan 28.32 0.51 12.87  nan
2016 1 26  nan 25.23 -7.73 7.72  nan
2016 1 27  nan 35.53 -1.55 16.99  nan
2016 1 28  nan 42.74 6.69 23.17  nan
2016 1 29  nan 43.77 21.11 32.44  nan
2016 1 30  nan 43.77 24.20 33.47  nan
2016 1 31  nan 33.47 28.32 30.38  nan
2016 2 1  nan 30.38 12.87 20.08  nan
2016 2 2  nan 20.08 -3.61 10.81  nan
2016 2 3  nan 15.96 -19.06 -0.52  nan
2016 2 4  nan 21.11 -19.06 3.60  nan
2016 2 5  nan 25.23 -9.79 6.69  nan
2016 2 6  nan 31.41 -5.67 11.84  nan
2016 2 7  nan 38.62 7.72 19.05  nan
2016 2 8  nan 44.80 7.72 22.14  nan
2016 2 9  nan 47.89 6.69 23.17  nan
2016 2 10  nan 49.95 9.78 27.29  nan
2016 2 11  nan 48.92 10.81 27.29  nan
2016 2 12  nan 50.98 15.96 30.38  nan
2016 2 13  nan 50.98 15.96 31.41  nan
2016 2 14  nan 46.86 10.81 27.29  nan
2016 2 15  nan 43.77 8.75 27.29  nan
2016 2 16  nan 49.95 13.90 30.38  nan
2016 2 17  nan 52.01 16.99 32.44  nan
2016 2 18  nan 47.89 37.59 42.74  nan
2016 2 19  nan 47.89 27.29 37.59  nan
2016 2 20  nan 48.92 21.11 33.47  nan
2016 2 21  nan 49.95 13.90 31.41  nan
2016 2 22  nan 40.68 13.90 26.26  nan
2016 2 23  nan 25.23 -2.58 18.02  nan
2016 2 24  nan 36.56 -7.73 15.96  nan
2016 2 25  nan 41.71 4.63 24.20  nan
2016 2 26  nan 44.80 10.81 28.32  nan
2016 2 27  nan 47.89 19.05 33.47  nan
2016 2 28  nan 48.92 16.99 32.44  nan
2016 2 29  nan 45.83 22.14 36.56  nan
2016 3 1  nan 48.92 27.29 39.65  nan
2016 3 2  nan 45.83 25.23 37.59  nan
2016 3 3  nan 52.01 18.02 35.53  nan
2016 3 4  nan 53.04 21.11 34.50  nan
2016 3 5  nan 50.98 16.99 34.50  nan
2016 3 6  nan 44.80 29.35 36.56  nan
2016 3 7  nan 35.53 13.90 27.29  nan
2016 3 8  nan 40.68 11.84 25.23  nan
2016 3 9  nan 43.77 9.78 26.26  nan
2016 3 10  nan 52.01 11.84 32.44  nan
2016 3 11  nan 56.13 21.11 37.59  nan
2016 3 12  nan 47.89 27.29 33.47  nan
2016 3 13  nan 45.83 23.17 33.47  nan
2016 3 14  nan 43.77 22.14 35.53  nan
2016 3 15  nan 38.62 26.26 31.41  nan
2016 3 16  nan 41.71 22.14 33.47  nan
2016 3 17  nan 44.80 15.96 34.50  nan
2016 3 18  nan 47.89 23.17 37.59  nan
2016 3 19  nan 46.86 16.99 31.41  nan
2016 3 20  nan 49.95 14.93 32.44  nan
2016 3 21  nan 53.04 22.14 40.68  nan
2016 3 22  nan 48.92 23.17 40.68  nan
2016 3 23  nan 34.50 18.02 25.23  nan
2016 3 24  nan 42.74 12.87 29.35  nan
2016 3 25  nan 41.71 18.02 30.38  nan
2016 3 26  nan 39.65 9.78 25.23  nan
2016 3 27  nan 43.77 6.69 26.26  nan
2016 3 28  nan 49.95 16.99 35.53  nan
2016 3 29  nan 46.86 22.14 34.50  nan
2016 3 30  nan 30.38 10.81 21.11  nan
2016 3 31  nan 39.65 8.75 24.20  nan
2016 4 1  nan 36.56 13.90 26.26  nan
2016 4 2  nan 45.83 15.96 32.44  nan
2016 4 3  nan 53.04 22.14 37.59  nan
2016 4 4  nan 56.13 24.20 39.65  nan
2016 4 5  nan 53.04 26.26 41.71  nan
2016 4 6  nan 54.07 18.02 37.59  nan
2016 4 7  nan 59.22 24.20 42.74  nan
2016 4 8  nan 50.98 30.38 38.62  nan
2016 4 9  nan 47.89 34.50 40.68  nan
2016 4 10  nan 52.01 34.50 42.74  nan
2016 4 11  nan 47.89 31.41 37.59  nan
2016 4 12  nan 47.89 28.32 36.56  nan
2016 4 13  nan 53.04 28.32 38.62  nan
2016 4 14  nan 57.16 29.35 44.80  nan
2016 4 15  nan 47.89 29.35 38.62  nan
2016 4 16  nan 37.59 20.08 28.32  nan
2016 4 17  nan 36.56 15.96 28.32  nan
2016 4 18  nan 41.71 25.23 30.38  nan
2016 4 19  nan 39.65 13.90 30.38  nan
2016 4 20  nan 49.95 16.99 33.47  nan
2016 4 21  nan 53.04 20.08 38.62  nan
2016 4 22  nan 59.22 28.32 44.80  nan
2016 4 23  nan 58.19 34.50 45.83  nan
2016 4 24  nan 50.98 29.35 39.65  nan
2016 4 25  nan 52.01 27.29 39.65  nan
2016 4 26  nan 38.62 23.17 31.41  nan
2016 4 27  nan 47.89 24.20 36.56  nan
2016 4 28  nan 48.92 31.41 39.65  nan
2016 4 29  nan 39.65 29.35 32.44  nan
2016 4 30  nan 45.83 28.32 35.53  nan
2016 5 1  nan 36.56 24.20 29.35  nan
2016 5 2  nan 45.83 16.99 33.47  nan
2016 5 3  nan 53.04 28.32 40.68  nan
2016 5 4  nan 60.25 27.29 44.80  nan
2016 5 5  nan 63.34 31.41 47.89  nan
2016 5 6  nan 63.34 35.53 50.98  nan
2016 5 7  nan 48.92 27.29 38.62  nan
2016 5 8  nan 46.86 26.26 35.53  nan
2016 5 9  nan 50.98 33.47 41.71  nan
2016 5 10  nan 56.13 31.41 42.74  nan
2016 5 11  nan 50.98 29.35 37.59  nan
2016 5 12  nan 59.22 27.29 42.74  nan
2016 5 13  nan 64.37 27.29 47.89  nan
2016 5 14  nan 64.37 33.47 48.92  nan
2016 5 15  nan 59.22 34.50 45.83  nan
2016 5 16  nan 53.04 32.44 39.65  nan
2016 5 17  nan 53.04 30.38 36.56  nan
2016 5 18  nan 46.86 22.14 37.59  nan
2016 5 19  nan 49.95 30.38 38.62  nan
2016 5 20  nan 61.28 31.41 47.89  nan
2016 5 21  nan 65.40 32.44 52.01  nan
2016 5 22  nan 61.28 36.56 49.95  nan
2016 5 23  nan 59.22 31.41 46.86  nan
2016 5 24  nan 61.28 35.53 49.95  nan
2016 5 25  nan 59.22 36.56 47.89  nan
2016 5 26  nan 54.07 32.44 40.68  nan
2016 5 27  nan 54.07 31.41 40.68  nan
2016 5 28  nan 58.19 28.32 44.80  nan
2016 5 29  nan 65.40 33.47 49.95  nan
2016 5 30  nan 65.40 34.50 50.98  nan
2016 5 31  nan 63.34 42.74 52.01  nan
2016 6 1  nan 59.22 36.56 47.89  nan
2016 6 2  nan 64.37 33.47 49.95  nan
2016 6 3  nan 72.61 36.56 55.10  nan
2016 6 4  nan 71.58 37.59 55.10  nan
2016 6 5  nan 72.61 39.65 56.13  nan
2016 6 6  nan 71.58 40.68 53.04  nan
2016 6 7  nan 73.64 37.59 56.13  nan
2016 6 8  nan 72.61 36.56 56.13  nan
2016 6 9  nan 70.55 42.74 50.98  nan
2016 6 10  nan 74.67 39.65 56.13  nan
2016 6 11  nan 70.55 41.71 57.16  nan
2016 6 12  nan 71.58 44.80 58.19  nan
2016 6 13  nan 69.52 37.59 54.07  nan
2016 6 14  nan 66.43 34.50 50.98  nan
2016 6 15  nan 72.61 33.47 54.07  nan
2016 6 16  nan 69.52 38.62 56.13  nan
2016 6 17  nan 74.67 37.59 57.16  nan
2016 6 18  nan 79.82 37.59 59.22  nan
2016 6 19  nan 82.91 38.62 62.31  nan
2016 6 20  nan 83.94 44.80 63.34  nan
2016 6 21  nan 80.85 44.80 59.22  nan
2016 6 22  nan 78.79 43.77 59.22  nan
2016 6 23  nan 77.76 44.80 59.22  nan
2016 6 24  nan 76.73 44.80 58.19  nan
2016 6 25  nan 70.55 47.89 56.13  nan
2016 6 26  nan 70.55 45.83 57.16  nan
2016 6 27  nan 74.67 42.74 58.19  nan
2016 6 28  nan 70.55 43.77 55.10  nan
2016 6 29  nan 71.58 40.68 52.01  nan
2016 6 30  nan 68.49 45.83 53.04  nan
2016 7 1  nan 65.40 46.86 52.01  nan
2016 7 2  nan 61.28 45.83 52.01  nan
2016 7 3  nan 67.46 41.71 54.07  nan
2016 7 4  nan 69.52 40.68 56.13  nan
2016 7 5  nan 72.61 41.71 58.19  nan
2016 7 6  nan 73.64 43.77 58.19  nan
2016 7 7  nan 72.61 42.74 58.19  nan
2016 7 8  nan 75.70 41.71 59.22  nan
2016 7 9  nan 76.73 42.74 61.28  nan
2016 7 10  nan 75.70 45.83 60.25  nan
2016 7 11  nan 71.58 44.80 59.22  nan
2016 7 12  nan 74.67 38.62 57.16  nan
2016 7 13  nan 74.67 36.56 57.16  nan
2016 7 14  nan 77.76 39.65 60.25  nan
2016 7 15  nan 76.73 38.62 59.22  nan
2016 7 16  nan 76.73 39.65 59.22  nan
2016 7 17  nan 76.73 39.65 61.28  nan
2016 7 18  nan 77.76 50.98 61.28  nan
2016 7 19  nan 76.73 49.95 61.28  nan
2016 7 20  nan 74.67 45.83 59.22  nan
2016 7 21  nan 77.76 44.80 63.34  nan
2016 7 22  nan 78.79 47.89 64.37  nan
2016 7 23  nan 77.76 50.98 64.37  nan
2016 7 24  nan 75.70 47.89 57.16  nan
2016 7 25  nan 75.70 46.86 58.19  nan
2016 7 26  nan 71.58 46.86 57.16  nan
2016 7 27  nan 77.76 42.74 60.25  nan
2016 7 28  nan 76.73 44.80 60.25  nan
2016 7 29  nan 76.73 45.83 58.19  nan
2016 7 30  nan 76.73 45.83 56.13  nan
2016 7 31  nan 70.55 48.92 57.16  nan
2016 8 1  nan 70.55 46.86 58.19  nan
2016 8 2  nan 69.52 46.86 58.19  nan
2016 8 3  nan 71.58 49.95 58.19  nan
2016 8 4  nan 68.49 47.89 55.10  nan
2016 8 5  nan 62.31 49.95 54.07  nan
2016 8 6  nan 67.46 45.83 56.13  nan
2016 8 7  nan 72.61 43.77 58.19  nan
2016 8 8  nan 73.64 45.83 56.13  nan
2016 8 9  nan 72.61 44.80 58.19  nan
2016 8 10  nan 71.58 49.95 59.22  nan
2016 8 11  nan 69.52 45.83 57.16  nan
2016 8 12  nan 68.49 43.77 55.10  nan
2016 8 13  nan 66.43 40.68 52.01  nan
2016 8 14  nan 66.43 42.74 53.04  nan
2016 8 15  nan 72.61 38.62 56.13  nan
2016 8 16  nan 70.55 41.71 52.01  nan
2016 8 17  nan 66.43 40.68 52.01  nan
2016 8 18  nan 64.37 38.62 49.95  nan
2016 8 19  nan 63.34 41.71 49.95  nan
2016 8 20  nan 66.43 38.62 53.04  nan
2016 8 21  nan 64.37 40.68 52.01  nan
2016 8 22  nan 63.34 40.68 49.95  nan
2016 8 23  nan 64.37 41.71 50.98  nan
2016 8 24  nan 55.10 40.68 46.86  nan
2016 8 25  nan 62.31 36.56 47.89  nan
2016 8 26  nan 61.28 40.68 47.89  nan
2016 8 27  nan 65.40 36.56 48.92  nan
2016 8 28  nan 66.43 36.56 52.01  nan
2016 8 29  nan 61.28 40.68 47.89  nan
2016 8 30  nan 64.37 36.56 48.92  nan
2016 8 31  nan 66.43 40.68 52.01  nan
2016 9 1  nan 62.31 44.80 52.01  nan
2016 9 2  nan 67.46 45.83 55.10  nan
2016 9 3  nan 67.46 42.74 53.04  nan
2016 9 4  nan 66.43 40.68 53.04  nan
2016 9 5  nan 70.55 38.62 54.07  nan
2016 9 6  nan 69.52 43.77 55.10  nan
2016 9 7  nan 64.37 44.80 54.07  nan
2016 9 8  nan 71.58 40.68 54.07  nan
2016 9 9  nan 71.58 38.62 54.07  nan
2016 9 10  nan 65.40 36.56 52.01  nan
2016 9 11  nan 69.52 37.59 54.07  nan
2016 9 12  nan 64.37 38.62 47.89  nan
2016 9 13  nan 62.31 37.59 49.95  nan
2016 9 14  nan 58.19 38.62 46.86  nan
2016 9 15  nan 62.31 33.47 46.86  nan
2016 9 16  nan 63.34 31.41 45.83  nan
2016 9 17  nan 62.31 30.38 46.86  nan
2016 9 18  nan 68.49 31.41 49.95  nan
2016 9 19  nan 72.61 34.50 53.04  nan
2016 9 20  nan 69.52 40.68 55.10  nan
2016 9 21  nan 63.34 43.77 53.04  nan
2016 9 22  nan 65.40 43.77 53.04  nan
2016 9 23  nan 59.22 24.20 41.71  nan
2016 9 24  nan 49.95 22.14 35.53  nan
2016 9 25  nan 57.16 27.29 41.71  nan
2016 9 26  nan 62.31 30.38 44.80  nan
2016 9 27  nan 64.37 32.44 46.86  nan
2016 9 28  nan 66.43 33.47 48.92  nan
2016 9 29  nan 64.37 34.50 49.95  nan
2016 9 30  nan 62.31 37.59 49.95  nan
2016 10 1  nan 61.28 32.44 46.86  nan
2016 10 2  nan 63.34 34.50 47.89  nan
2016 10 3  nan 55.10 30.38 45.83  nan
2016 10 4  nan 45.83 23.17 35.53  nan
2016 10 5  nan 53.04 20.08 36.56  nan
2016 10 6  nan 48.92 24.20 38.62  nan
2016 10 7  nan 56.13 18.02 36.56  nan
2016 10 8  nan 58.19 26.26 42.74  nan
2016 10 9  nan 54.07 32.44 40.68  nan
2016 10 10  nan 57.16 28.32 41.71  nan
2016 10 11  nan 60.25 30.38 45.83  nan
2016 10 12  nan 59.22 28.32 42.74  nan
2016 10 13  nan 60.25 29.35 43.77  nan
2016 10 14  nan 61.28 30.38 45.83  nan
2016 10 15  nan 62.31 28.32 47.89  nan
2016 10 16  nan 63.34 45.83 54.07  nan
2016 10 17  nan 60.25 36.56 49.95  nan
2016 10 18  nan 59.22 36.56 49.95  nan
2016 10 19  nan 56.13 21.11 40.68  nan
2016 10 20  nan 55.10 15.96 36.56  nan
2016 10 21  nan 62.31 27.29 42.74  nan
2016 10 22  nan 60.25 27.29 43.77  nan
2016 10 23  nan 61.28 29.35 43.77  nan
2016 10 24  nan 60.25 29.35 44.80  nan
2016 10 25  nan 47.89 30.38 41.71  nan
2016 10 26  nan 59.22 27.29 40.68  nan
2016 10 27  nan 64.37 28.32 45.83  nan
2016 10 28  nan 61.28 34.50 45.83  nan
2016 10 29  nan 57.16 31.41 44.80  nan
2016 10 30  nan 58.19 29.35 43.77  nan
2016 10 31  nan 55.10 27.29 44.80  nan
2016 11 1  nan 52.01 27.29 40.68  nan
2016 11 2  nan 52.01 26.26 38.62  nan
2016 11 3  nan 53.04 25.23 37.59  nan
2016 11 4  nan 50.98 27.29 38.62  nan
2016 11 5  nan 44.80 32.44 38.62  nan
2016 11 6  nan 47.89 29.35 37.59  nan
2016 11 7  nan 49.95 27.29 35.53  nan
2016 11 8  nan 52.01 25.23 35.53  nan
2016 11 9  nan 54.07 22.14 35.53  nan
2016 11 10  nan 56.13 21.11 37.59  nan
2016 11 11  nan 48.92 26.26 34.50  nan
2016 11 12  nan 48.92 25.23 34.50  nan
2016 11 13  nan 47.89 23.17 34.50  nan
2016 11 14  nan 53.04 21.11 35.53  nan
2016 11 15  nan 58.19 26.26 38.62  nan
2016 11 16  nan 53.04 28.32 42.74  nan
2016 11 17  nan 42.74 8.75 29.35  nan
2016 11 18  nan 33.47 3.60 19.05  nan
2016 11 19  nan 47.89 18.02 31.41  nan
2016 11 20  nan 54.07 21.11 36.56  nan
2016 11 21  nan 41.71 28.32 34.50  nan
2016 11 22  nan 36.56 20.08 30.38  nan
2016 11 23  nan 38.62 14.93 27.29  nan
2016 11 24  nan 37.59 14.93 27.29  nan
2016 11 25  nan 42.74 10.81 21.11  nan
2016 11 26  nan 41.71 7.72 26.26  nan
2016 11 27  nan 32.44 21.11 25.23  nan
2016 11 28  nan 24.20 13.90 20.08  nan
2016 11 29  nan 25.23 -1.55 14.93  nan
2016 11 30  nan 26.26 -10.82 6.69  nan
2016 12 1  nan 29.35 0.51 12.87  nan
2016 12 2  nan 27.29 3.60 15.96  nan
2016 12 3  nan 32.44 -1.55 12.87  nan
2016 12 4  nan 36.56 -3.61 18.02  nan
2016 12 5  nan 36.56 8.75 25.23  nan
2016 12 6  nan 30.38 20.08 25.23  nan
2016 12 7  nan 26.26 -7.73 14.93  nan
2016 12 8  nan 28.32 -8.76 12.87  nan
2016 12 9  nan 40.68 12.87 28.32  nan
2016 12 10  nan 44.80 15.96 31.41  nan
2016 12 11  nan 36.56 27.29 32.44  nan
2016 12 12  nan 35.53 30.38 31.41  nan
2016 12 13  nan 37.59 19.05 30.38  nan
2016 12 14  nan 41.71 27.29 34.50  nan
2016 12 15  nan 43.77 26.26 38.62  nan
2016 12 16  nan 35.53 30.38 33.47  nan
2016 12 17  nan 33.47 -3.61 18.02  nan
2016 12 18  nan 22.14 -12.88 -0.52  nan
2016 12 19  nan 25.23 -15.97 4.63  nan
2016 12 20  nan 32.44 3.60 16.99  nan
2016 12 21  nan 39.65 11.84 22.14  nan
2016 12 22  nan 35.53 20.08 30.38  nan
2016 12 23  nan 35.53 20.08 28.32  nan
2016 12 24  nan 35.53 9.78 26.26  nan
2016 12 25  nan 26.26 11.84 15.96  nan
2016 12 26  nan 22.14 -0.52 10.81  nan
2016 12 27  nan 38.62 0.51 21.11  nan
2016 12 28  nan 36.56 8.75 21.11  nan
2016 12 29  nan 36.56 5.66 15.96  nan
2016 12 30  nan 39.65 4.63 18.02  nan
2016 12 31  nan 36.56 10.81 26.26  nan
2017 1 1  nan 36.56 22.14 28.32  nan
2017 1 2  nan 29.35 22.14 26.26  nan
2017 1 3  nan 29.35 21.11 25.23  nan
2017 1 4  nan 31.41 22.14 28.32  nan
2017 1 5  nan 33.47 16.99 29.35  nan
2017 1 6  nan 19.05 -10.82 7.72  nan
2017 1 7  nan 30.38 -10.82 10.81  nan
2017 1 8  nan 38.62 23.17 32.44  nan
2017 1 9  nan 40.68 29.35 35.53  nan
2017 1 10  nan 32.44 26.26 29.35  nan
2017 1 11  nan 35.53 26.26 30.38  nan
2017 1 12  nan 38.62 20.08 28.32  nan
2017 1 13  nan 40.68 22.14 32.44  nan
2017 1 14  nan 40.68 21.11 30.38  nan
2017 1 15  nan 35.53 27.29 31.41  nan
2017 1 16  nan 33.47 25.23 28.32  nan
2017 1 17  nan 37.59 21.11 28.32  nan
2017 1 18  nan 32.44 12.87 23.17  nan
2017 1 19  nan 35.53 10.81 24.20  nan
2017 1 20  nan 27.29 13.90 22.14  nan
2017 1 21  nan 29.35 20.08 24.20  nan
2017 1 22  nan 27.29 0.51 19.05  nan
2017 1 23  nan 32.44 22.14 26.26  nan
2017 1 24  nan 23.17 12.87 19.05  nan
2017 1 25  nan 19.05 -7.73 10.81  nan
2017 1 26  nan 21.11 -14.94 0.51  nan
2017 1 27  nan 19.05 -23.18 -2.58  nan
2017 1 28  nan 29.35 -7.73 8.75  nan
2017 1 29  nan 37.59 0.51 15.96  nan
2017 1 30  nan 43.77 5.66 19.05  nan
2017 1 31  nan 44.80 7.72 26.26  nan
2017 2 1  nan 45.83 6.69 24.20  nan
2017 2 2  nan 42.74 13.90 29.35  nan
2017 2 3  nan 41.71 7.72 25.23  nan
2017 2 4  nan 41.71 12.87 30.38  nan
2017 2 5  nan 45.83 9.78 25.23  nan
2017 2 6  nan 36.56 12.87 30.38  nan
2017 2 7  nan 36.56 30.38 33.47  nan
2017 2 8  nan 43.77 28.32 36.56  nan
2017 2 9  nan 48.92 26.26 35.53  nan
2017 2 10  nan 53.04 21.11 39.65  nan
2017 2 11  nan 47.89 30.38 40.68  nan
2017 2 12  nan 44.80 28.32 33.47  nan
2017 2 13  nan 33.47 22.14 28.32  nan
2017 2 14  nan 35.53 6.69 21.11  nan
2017 2 15  nan 38.62 4.63 21.11  nan
2017 2 16  nan 45.83 5.66 26.26  nan
2017 2 17  nan 44.80 13.90 31.41  nan
2017 2 18  nan 47.89 25.23 35.53  nan
2017 2 19  nan 40.68 26.26 31.41  nan
2017 2 20  nan 43.77 10.81 29.35  nan
2017 2 21  nan 53.04 24.20 38.62  nan
2017 2 22  nan 42.74 28.32 36.56  nan
2017 2 23  nan 35.53 12.87 24.20  nan
2017 2 24  nan 22.14 7.72 15.96  nan
2017 2 25  nan 24.20 2.57 15.96  nan
2017 2 26  nan 30.38 3.60 19.05  nan
2017 2 27  nan 29.35 16.99 25.23  nan
2017 2 28  nan 29.35 13.90 25.23  nan
2017 3 1  nan 31.41 -6.70 12.87  nan
2017 3 2  nan 36.56 -7.73 13.90  nan
2017 3 3  nan 45.83 -1.55 21.11  nan
2017 3 4  nan 46.86 10.81 28.32  nan
2017 3 5  nan 45.83 19.05 33.47  nan
2017 3 6  nan 33.47 15.96 22.14  nan
2017 3 7  nan 37.59 2.57 23.17  nan
2017 3 8  nan 46.86 14.93 31.41  nan
2017 3 9  nan 55.10 12.87 33.47  nan
2017 3 10  nan 53.04 18.02 37.59  nan
2017 3 11  nan 52.01 23.17 35.53  nan
2017 3 12  nan 48.92 18.02 34.50  nan
2017 3 13  nan 50.98 16.99 34.50  nan
2017 3 14  nan 56.13 24.20 37.59  nan
2017 3 15  nan 58.19 21.11 38.62  nan
2017 3 16  nan 53.04 29.35 42.74  nan
2017 3 17  nan 58.19 27.29 40.68  nan
2017 3 18  nan 60.25 24.20 40.68  nan
2017 3 19  nan 56.13 28.32 42.74  nan
2017 3 20  nan 58.19 26.26 40.68  nan
2017 3 21  nan 57.16 27.29 40.68  nan
2017 3 22  nan 57.16 28.32 44.80  nan
2017 3 23  nan 50.98 27.29 36.56  nan
2017 3 24  nan 47.89 27.29 34.50  nan
2017 3 25  nan 55.10 21.11 36.56  nan
2017 3 26  nan 45.83 30.38 36.56  nan
2017 3 27  nan 47.89 28.32 36.56  nan
2017 3 28  nan 44.80 23.17 32.44  nan
2017 3 29  nan 43.77 22.14 32.44  nan
2017 3 30  nan 49.95 15.96 35.53  nan
2017 3 31  nan 46.86 28.32 35.53  nan
2017 4 1  nan 42.74 18.02 29.35  nan
2017 4 2  nan 46.86 11.84 30.38  nan
2017 4 3  nan 42.74 27.29 34.50  nan
2017 4 4  nan 34.50 8.75 25.23  nan
2017 4 5  nan 41.71 0.51 24.20  nan
2017 4 6  nan 53.04 16.99 35.53  nan
2017 4 7  nan 54.07 26.26 39.65  nan
2017 4 8  nan 53.04 29.35 43.77  nan
2017 4 9  nan 42.74 22.14 35.53  nan
2017 4 10  nan 47.89 12.87 31.41  nan
2017 4 11  nan 54.07 20.08 37.59  nan
2017 4 12  nan 57.16 27.29 42.74  nan
2017 4 13  nan 59.22 29.35 43.77  nan
2017 4 14  nan 56.13 29.35 43.77  nan
2017 4 15  nan 55.10 26.26 39.65  nan
2017 4 16  nan 57.16 25.23 42.74  nan
2017 4 17  nan 59.22 29.35 42.74  nan
2017 4 18  nan 59.22 30.38 43.77  nan
2017 4 19  nan 55.10 32.44 45.83  nan
2017 4 20  nan 57.16 29.35 43.77  nan
2017 4 21  nan 48.92 27.29 38.62  nan
2017 4 22  nan 52.01 22.14 36.56  nan
2017 4 23  nan 58.19 24.20 42.74  nan
2017 4 24  nan 57.16 38.62 46.86  nan
2017 4 25  nan 42.74 27.29 35.53  nan
2017 4 26  nan 42.74 20.08 34.50  nan
2017 4 27  nan 39.65 28.32 33.47  nan
2017 4 28  nan 36.56 25.23 29.35  nan
2017 4 29  nan 28.32 15.96 23.17  nan
2017 4 30  nan 45.83 12.87 32.44  nan
2017 5 1  nan 49.95 25.23 38.62  nan
2017 5 2  nan 55.10 26.26 41.71  nan
2017 5 3  nan 57.16 29.35 42.74  nan
2017 5 4  nan 63.34 29.35 45.83  nan
2017 5 5  nan 66.43 33.47 49.95  nan
2017 5 6  nan 65.40 35.53 48.92  nan
2017 5 7  nan 62.31 35.53 47.89  nan
2017 5 8  nan 64.37 33.47 47.89  nan
2017 5 9  nan 46.86 31.41 38.62  nan
2017 5 10  nan 44.80 31.41 34.50  nan
2017 5 11  nan 55.10 32.44 41.71  nan
2017 5 12  nan 60.25 33.47 46.86  nan
2017 5 13  nan 63.34 36.56 48.92  nan
2017 5 14  nan 61.28 34.50 48.92  nan
2017 5 15  nan 62.31 31.41 48.92  nan
2017 5 16  nan 53.04 33.47 40.68  nan
2017 5 17  nan 49.95 31.41 40.68  nan
2017 5 18  nan 38.62 23.17 32.44  nan
2017 5 19  nan 45.83 22.14 32.44  nan
2017 5 20  nan 52.01 24.20 39.65  nan
2017 5 21  nan 58.19 28.32 43.77  nan
2017 5 22  nan 58.19 30.38 43.77  nan
2017 5 23  nan 58.19 31.41 43.77  nan
2017 5 24  nan 64.37 30.38 48.92  nan
2017 5 25  nan 64.37 45.83 55.10  nan
2017 5 26  nan 61.28 31.41 48.92  nan
2017 5 27  nan 59.22 32.44 46.86  nan
2017 5 28  nan 60.25 28.32 44.80  nan
2017 5 29  nan 63.34 28.32 47.89  nan
2017 5 30  nan 64.37 31.41 48.92  nan
2017 5 31  nan 59.22 36.56 45.83  nan
2017 6 1  nan 62.31 35.53 48.92  nan
2017 6 2  nan 61.28 37.59 48.92  nan
2017 6 3  nan 66.43 37.59 52.01  nan
2017 6 4  nan 68.49 36.56 53.04  nan
2017 6 5  nan 74.67 41.71 57.16  nan
2017 6 6  nan 70.55 41.71 53.04  nan
2017 6 7  nan 70.55 38.62 53.04  nan
2017 6 8  nan 71.58 40.68 55.10  nan
2017 6 9  nan 70.55 37.59 59.22  nan
2017 6 10  nan 72.61 39.65 57.16  nan
2017 6 11  nan 69.52 43.77 56.13  nan
2017 6 12  nan 71.58 36.56 58.19  nan
2017 6 13  nan 61.28 34.50 49.95  nan
2017 6 14  nan 69.52 32.44 53.04  nan
2017 6 15  nan 73.64 34.50 55.10  nan
2017 6 16  nan 75.70 35.53 58.19  nan
2017 6 17  nan 79.82 42.74 62.31  nan
2017 6 18  nan 78.79 45.83 63.34  nan
2017 6 19  nan 79.82 42.74 61.28  nan
2017 6 20  nan 81.88 45.83 63.34  nan
2017 6 21  nan 79.82 45.83 62.31  nan
2017 6 22  nan 78.79 45.83 62.31  nan
2017 6 23  nan 78.79 42.74 61.28  nan
2017 6 24  nan 74.67 38.62 57.16  nan
2017 6 25  nan 74.67 41.71 59.22  nan
2017 6 26  nan 70.55 40.68 54.07  nan
2017 6 27  nan 73.64 40.68 57.16  nan
2017 6 28  nan 73.64 37.59 57.16  nan
2017 6 29  nan 73.64 42.74 60.25  nan
2017 6 30  nan 73.64 40.68 57.16  nan
2017 7 1  nan 73.64 37.59 56.13  nan
2017 7 2  nan 73.64 40.68 58.19  nan
2017 7 3  nan 71.58 39.65 56.13  nan
2017 7 4  nan 75.70 41.71 58.19  nan
2017 7 5  nan 79.82 40.68 61.28  nan
2017 7 6  nan 79.82 44.80 62.31  nan
2017 7 7  nan 78.79 44.80 60.25  nan
2017 7 8  nan 75.70 43.77 59.22  nan
2017 7 9  nan 75.70 46.86 60.25  nan
2017 7 10  nan 80.85 44.80 61.28  nan
2017 7 11  nan 75.70 45.83 57.16  nan
2017 7 12  nan 74.67 46.86 59.22  nan
2017 7 13  nan 73.64 47.89 57.16  nan
2017 7 14  nan 65.40 45.83 54.07  nan
2017 7 15  nan 66.43 45.83 52.01  nan
2017 7 16  nan 69.52 44.80 55.10  nan
2017 7 17  nan 74.67 44.80 58.19  nan
2017 7 18  nan 76.73 46.86 60.25  nan
2017 7 19  nan 75.70 47.89 61.28  nan
2017 7 20  nan 75.70 45.83 62.31  nan
2017 7 21  nan 75.70 47.89 61.28  nan
2017 7 22  nan 72.61 46.86 57.16  nan
2017 7 23  nan 70.55 48.92 57.16  nan
2017 7 24  nan 71.58 48.92 57.16  nan
2017 7 25  nan 70.55 49.95 58.19  nan
2017 7 26  nan 73.64 48.92 61.28  nan
2017 7 27  nan 69.52 48.92 55.10  nan
2017 7 28  nan 70.55 48.92 57.16  nan
2017 7 29  nan 69.52 50.98 58.19  nan
2017 7 30  nan 68.49 48.92 55.10  nan
2017 7 31  nan 68.49 46.86 55.10  nan
2017 8 1  nan 67.46 45.83 55.10  nan
2017 8 2  nan 72.61 42.74 57.16  nan
2017 8 3  nan 68.49 45.83 53.04  nan
2017 8 4  nan 69.52 40.68 53.04  nan
2017 8 5  nan 65.40 46.86 53.04  nan
2017 8 6  nan 63.34 45.83 52.01  nan
2017 8 7  nan 67.46 43.77 55.10  nan
2017 8 8  nan 65.40 45.83 53.04  nan
2017 8 9  nan 70.55 43.77 55.10  nan
2017 8 10  nan 71.58 43.77 57.16  nan
2017 8 11  nan 61.28 42.74 52.01  nan
2017 8 12  nan 68.49 41.71 54.07  nan
2017 8 13  nan 69.52 43.77 56.13  nan
2017 8 14  nan 69.52 45.83 57.16  nan
2017 8 15  nan 66.43 42.74 55.10  nan
2017 8 16  nan 66.43 37.59 53.04  nan
2017 8 17  nan 70.55 39.65 54.07  nan
2017 8 18  nan 73.64 40.68 55.10  nan
2017 8 19  nan 72.61 40.68 56.13  nan
2017 8 20  nan 70.55 42.74 55.10  nan
2017 8 21  nan 68.49 46.86 55.10  nan
2017 8 22  nan 65.40 44.80 53.04  nan
2017 8 23  nan 69.52 40.68 56.13  nan
2017 8 24  nan 64.37 45.83 54.07  nan
2017 8 25  nan 68.49 40.68 54.07  nan
2017 8 26  nan 71.58 42.74 57.16  nan
2017 8 27  nan 73.64 43.77 56.13  nan
2017 8 28  nan 71.58 40.68 55.10  nan
2017 8 29  nan 72.61 42.74 56.13  nan
2017 8 30  nan 72.61 40.68 54.07  nan
2017 8 31  nan 70.55 40.68 55.10  nan
2017 9 1  nan 70.55 42.74 55.10  nan
2017 9 2  nan 71.58 40.68 55.10  nan
2017 9 3  nan 74.67 41.71 57.16  nan
2017 9 4  nan 75.70 43.77 57.16  nan
2017 9 5  nan  nan  nan  nan  nan
2017 9 6  nan  nan  nan  nan  nan
2017 9 7  nan 72.61 42.74 55.10  nan
2017 9 8  nan 68.49 40.68 55.10  nan
2017 9 9  nan 69.52 40.68 55.10  nan
2017 9 10  nan 68.49 39.65 53.04  nan
2017 9 11  nan 69.52 39.65 53.04  nan
2017 9 12  nan 67.46 38.62 52.01  nan
2017 9 13  nan 72.61 38.62 53.04  nan
2017 9 14  nan 66.43 39.65 52.01  nan
2017 9 15  nan 59.22 39.65 48.92  nan
2017 9 16  nan 61.28 36.56 47.89  nan
2017 9 17  nan 62.31 34.50 45.83  nan
2017 9 18  nan 62.31 33.47 49.95  nan
2017 9 19  nan 63.34 37.59 52.01  nan
2017 9 20  nan 64.37 32.44 48.92  nan
2017 9 21  nan 64.37 40.68 52.01  nan
2017 9 22  nan 61.28 40.68 50.98  nan
2017 9 23  nan 60.25 34.50 44.80  nan
2017 9 24  nan 52.01 31.41 40.68  nan
2017 9 25  nan 55.10 27.29 39.65  nan
2017 9 26  nan 57.16 26.26 41.71  nan
2017 9 27  nan 46.86 33.47 39.65  nan
2017 9 28  nan 48.92 33.47 40.68  nan
2017 9 29  nan 53.04 36.56 42.74  nan
2017 9 30  nan 47.89 36.56 40.68  nan
2017 10 1 0.00 54.07 38.62 46.86 0.00
2017 10 2 0.10 57.16 43.77 49.95 0.00
2017 10 3 0.10 61.28 39.65 49.95 0.00
2017 10 4 0.50 64.37 40.68 49.95 0.00
2017 10 5 0.20 59.22 40.68 46.86 0.00
2017 10 6 0.00 54.07 29.35 42.74 0.00
2017 10 7 0.00 60.25 26.26 41.71 0.00
2017 10 8 0.00 58.19 31.41 44.80 0.00
2017 10 9 0.00 43.77 21.11 33.47 0.00
2017 10 10 0.00 48.92 18.02 32.44 0.00
2017 10 11 0.00 58.19 22.14 38.62 0.00
2017 10 12 0.00 58.19 31.41 46.86 0.00
2017 10 13 0.00 58.19 36.56 47.89 0.00
2017 10 14 0.00 53.04 25.23 42.74 0.00
2017 10 15 0.00 61.28 19.05 38.62 0.00
2017 10 16 0.00 61.28 24.20 42.74 0.00
2017 10 17 0.00 61.28 26.26 42.74 0.00
2017 10 18 0.00 60.25 29.35 41.71 0.00
2017 10 19 0.00 62.31 30.38 43.77 0.00
2017 10 20 0.00 55.10 34.50 46.86 0.00
2017 10 21 0.00 44.80 24.20 37.59 0.00
2017 10 22 0.00 56.13 20.08 37.59 0.00
2017 10 23 0.00 59.22 28.32 41.71 0.00
2017 10 24 0.00 54.07 24.20 37.59 0.00
2017 10 25 0.00 57.16 29.35 42.74 0.00
2017 10 26 0.00 55.10 26.26 39.65 0.00
2017 10 27 0.00 46.86 21.11 33.47 0.00
2017 10 28 0.00 48.92 22.14 34.50 0.00
2017 10 29 0.00 58.19 23.17 39.65 0.00
2017 10 30 0.00 54.07 27.29 41.71 0.00
2017 10 31 0.10 39.65 30.38 35.53 0.00
2017 11 1 0.00 46.86 33.47 41.71 0.00
2017 11 2 0.00 49.95 34.50 42.74 0.00
2017 11 3 0.10 48.92 28.32 42.74 0.00
2017 11 4 0.00 44.80 34.50 40.68 0.00
2017 11 5 0.00 45.83 31.41 38.62 0.00
2017 11 6 0.00 44.80 35.53 39.65 0.00
2017 11 7 0.10 40.68 32.44 35.53 0.00
2017 11 8 0.00 43.77 23.17 32.44 0.00
2017 11 9 0.00 50.98 22.14 31.41 0.00
2017 11 10 0.00 52.01 24.20 37.59 0.00
2017 11 11 0.00 47.89 25.23 38.62 0.00
2017 11 12 0.00 50.98 20.08 34.50 0.00
2017 11 13 0.00 53.04 25.23 37.59 0.00
2017 11 14 0.00 53.04 24.20 37.59 0.00
2017 11 15 0.00 49.95 20.08 33.47 0.00
2017 11 16 0.00 50.98 20.08 37.59 0.00
2017 11 17 0.60 40.68 31.41 36.56 0.00
2017 11 18 0.00 36.56 15.96 26.26 0.00
2017 11 19 0.00 43.77 13.90 26.26 0.00
2017 11 20 0.10 46.86 18.02 33.47 0.00
2017 11 21 0.00 47.89 26.26 34.50 0.00
2017 11 22 0.00 49.95 26.26 35.53 0.00
2017 11 23 0.00 56.13 29.35 38.62 0.00
2017 11 24 0.00 56.13 27.29 38.62 0.00
2017 11 25 0.00 54.07 26.26 36.56 0.00
2017 11 26 0.00 57.16 27.29 39.65 0.00
2017 11 27 0.00 53.04 26.26 40.68 0.00
2017 11 28 0.00 39.65 23.17 31.41 0.00
2017 11 29 0.00 46.86 21.11 32.44 0.00
2017 11 30 0.00 43.77 26.26 34.50 0.00
2017 12 1 0.00 45.83 25.23 36.56 0.00
2017 12 2 0.00 45.83 25.23 34.50 0.00
2017 12 3 0.00 46.86 23.17 35.53 0.00
2017 12 4 0.00 36.56 19.05 28.32 0.00
2017 12 5 0.00 32.44 8.75 21.11 0.00
2017 12 6 0.00 36.56 9.78 21.11 0.00
2017 12 7 0.00 22.14 -3.61 12.87 0.00
2017 12 8 0.00 39.65 10.81 25.23 0.00
2017 12 9 0.00 42.74 12.87 24.20 0.00
2017 12 10 0.00 43.77 10.81 24.20 0.00
2017 12 11 0.10 45.83 12.87 26.26 0.00
2017 12 12 0.00 48.92 15.96 28.32 0.00
2017 12 13 0.00 46.86 13.90 30.38 0.00
2017 12 14 0.00 31.41 9.78 25.23 0.00
2017 12 15 0.00 36.56 5.66 20.08 0.00
2017 12 16 0.00 43.77 14.93 28.32 0.10
2017 12 17 0.00 40.68 16.99 31.41 0.10
2017 12 18 0.00 42.74 8.75 23.17 0.10
2017 12 19 0.00 41.71 10.81 25.23 0.10
2017 12 20 0.10 41.71 18.02 31.41 0.10
2017 12 21 0.10 34.50 -2.58 22.14 0.20
2017 12 22 0.00 26.26 -10.82 10.81 0.30
2017 12 23 0.00 32.44 12.87 26.26 0.30
2017 12 24 0.10 35.53 15.96 25.23 0.30
2017 12 25 0.00 38.62 31.41 34.50 0.40
2017 12 26 0.00 40.68 19.05 30.38 0.40
2017 12 27 0.00 42.74 12.87 26.26 0.40
2017 12 28 0.00 44.80 18.02 30.38 0.40
2017 12 29 0.00 46.86 20.08 34.50 0.40
2017 12 30 0.00 47.89 20.08 38.62 0.40
2017 12 31 0.00 45.83 25.23 35.53 0.40
2018 1 1 0.00 44.80 14.93 28.32 0.40
2018 1 2 0.00 38.62 12.87 23.17 0.40
2018 1 3 0.00 44.80 11.84 26.26 0.40
2018 1 4 0.00 43.77 15.96 26.26 0.40
2018 1 5 0.00 46.86 15.96 28.32 0.40
2018 1 6 0.00 45.83 20.08 32.44 0.40
2018 1 7 0.10 40.68 19.05 28.32 0.40
2018 1 8 0.00 50.98 18.02 31.41 0.50
2018 1 9 0.00 45.83 25.23 34.50 0.50
2018 1 10 0.00 37.59 21.11 31.41 0.50
2018 1 11 0.00 34.50 10.81 22.14 0.50
2018 1 12 0.00 35.53 12.87 26.26 0.50
2018 1 13 0.00 39.65 8.75 23.17 0.50
2018 1 14 0.00 45.83 9.78 26.26 0.50
2018 1 15 0.00 45.83 12.87 26.26 0.50
2018 1 16 0.00 28.32 5.66 15.96 0.50
2018 1 17 0.00 39.65 6.69 20.08 0.50
2018 1 18 0.00 44.80 8.75 25.23 0.50
2018 1 19 0.00 47.89 20.08 33.47 0.50
2018 1 20 0.20 43.77 22.14 34.50 0.50
2018 1 21 0.10 23.17 -2.58 16.99 0.70
2018 1 22 0.00 28.32 -6.70 8.75 0.80
2018 1 23 0.00 30.38 -4.64 10.81 0.80
2018 1 24 0.00 40.68 2.57 19.05 0.80
2018 1 25 0.00 41.71 3.60 24.20 0.80
2018 1 26 0.00 29.35 -2.58 20.08 0.80
2018 1 27 0.00 35.53 -4.64 15.96 0.80
2018 1 28 0.00 39.65 6.69 22.14 0.80
2018 1 29 0.00 45.83 11.84 26.26 0.80
2018 1 30 0.00 47.89 18.02 32.44 0.80
2018 1 31 0.00 45.83 18.02 31.41 0.80
2018 2 1 0.10 46.86 21.11 35.53 0.80
2018 2 2 0.00 46.86 26.26 36.56 0.90
2018 2 3 0.00 44.80 23.17 33.47 0.90
2018 2 4 0.00 50.98 19.05 34.50 0.90
2018 2 5 0.00 45.83 31.41 38.62 0.90
2018 2 6 0.10 35.53 15.96 29.35 0.90
2018 2 7 0.00 43.77 8.75 26.26 0.90
2018 2 8 0.00 48.92 15.96 31.41 0.90
2018 2 9 0.00 45.83 20.08 32.44 0.90
2018 2 10 0.20 43.77 20.08 29.35 0.90
2018 2 11 0.00 30.38 -1.55 16.99 1.00
2018 2 12 0.40 34.50 5.66 26.26 1.00
2018 2 13 0.00 40.68 20.08 30.38 1.40
2018 2 14 0.40 40.68 28.32 33.47 1.40
2018 2 15 0.30 33.47 25.23 29.35 1.80
2018 2 16 0.00 34.50 12.87 26.26 2.10
2018 2 17 0.00 41.71 8.75 25.23 2.00
2018 2 18 0.20 40.68 20.08 33.47 2.00
2018 2 19 0.40 37.59 13.90 29.35 2.20
2018 2 20 0.10 20.08 -7.73 10.81 2.60
2018 2 21 0.50 30.38 -11.85 14.93 2.70
2018 2 22 0.40 24.20 2.57 18.02 3.20
2018 2 23 0.10 31.41 9.78 21.11 3.60
2018 2 24 0.10 22.14 10.81 14.93 3.70
2018 2 25 0.00 24.20 -1.55 15.96 3.80
2018 2 26 0.10 39.65 -1.55 22.14 3.80
2018 2 27 0.00 39.65 8.75 24.20 3.90
2018 2 28 0.00 35.53 8.75 22.14 3.90
2018 3 1 0.00 38.62 2.57 24.20 3.90
2018 3 2 0.00 44.80 15.96 32.44 3.90
2018 3 3 0.00 47.89 24.20 36.56 3.90
2018 3 4 0.00 41.71 15.96 30.38 3.90
2018 3 5 0.00 31.41 1.54 19.05 3.90
2018 3 6 0.00 40.68 -3.61 19.05 3.90
2018 3 7 0.00 45.83 3.60 28.32 3.90
2018 3 8 0.00 45.83 19.05 33.47 3.90
2018 3 9 0.00 48.92 16.99 31.41 3.90
2018 3 10 0.00 46.86 26.26 34.50 3.90
2018 3 11 0.00 41.71 21.11 31.41 3.90
2018 3 12 0.00 45.83 18.02 32.44 3.90
2018 3 13 0.00 48.92 19.05 33.47 3.80
2018 3 14 0.10 49.95 25.23 37.59 3.80
2018 3 15 0.20 42.74 24.20 32.44 3.80
2018 3 16 0.00 35.53 16.99 26.26 4.00
2018 3 17 0.10 42.74 15.96 29.35 3.90
2018 3 18 0.10 36.56 9.78 25.23 4.00
2018 3 19 0.00 35.53 4.63 21.11 4.10
2018 3 20 0.00 39.65 7.72 25.23 4.30
2018 3 21 0.00 47.89 20.08 33.47 4.40
2018 3 22 0.10 55.10 24.20 39.65 4.50
2018 3 23 0.50 43.77 27.29 36.56 4.00
2018 3 24 0.00 47.89 19.05 36.56 4.30
2018 3 25 0.00 46.86 29.35 37.59 4.00
2018 3 26 0.00 44.80 26.26 35.53 3.60
2018 3 27 0.40 34.50 11.84 24.20 3.50
2018 3 28 0.30 41.71 5.66 25.23 3.70
2018 3 29 0.00 42.74 11.84 29.35 4.00
2018 3 30 0.00 47.89 19.05 36.56 4.10
2018 3 31 0.00 53.04 26.26 38.62 3.40
2018 4 1 0.00 49.95 27.29 42.74 2.90
2018 4 2 0.00 52.01 33.47 43.77 2.30
2018 4 3 0.00 48.92 23.17 37.59 1.30
2018 4 4 0.00 50.98 18.02 35.53 0.50
2018 4 5 0.00 52.01 24.20 39.65 0.10
2018 4 6 0.10 53.04 28.32 40.68 0.00
2018 4 7 0.10 57.16 39.65 47.89 0.00
2018 4 8 0.40 47.89 27.29 40.68 0.00
2018 4 9 0.00 48.92 23.17 35.53 0.00
2018 4 10 0.00 56.13 25.23 41.71 0.00
2018 4 11 0.00 58.19 29.35 43.77 0.00
2018 4 12 0.00 57.16 31.41 45.83 0.00
2018 4 13 0.00 34.50 21.11 28.32 0.00
2018 4 14 0.00 46.86 14.93 32.44 0.00
2018 4 15 0.00 53.04 23.17 36.56 0.00
2018 4 16 0.00 57.16 26.26 46.86 0.00
2018 4 17 0.00 49.95 22.14 38.62 0.00
2018 4 18 0.00 50.98 13.90 33.47 0.00
2018 4 19 0.00 56.13 24.20 42.74 0.00
2018 4 20 0.00 40.68 26.26 33.47 0.00
2018 4 21 0.00 48.92 25.23 35.53 0.00
2018 4 22 0.00 58.19 24.20 41.71 0.00
2018 4 23 0.00 59.22 28.32 43.77 0.00
2018 4 24 0.00 62.31 29.35 44.80 0.00
2018 4 25 0.00 58.19 28.32 43.77 0.00
2018 4 26 0.00 59.22 27.29 42.74 0.00
2018 4 27 0.00 61.28 25.23 43.77 0.00
2018 4 28 0.10 61.28 34.50 46.86 0.00
2018 4 29 0.00 61.28 30.38 48.92 0.00
2018 4 30 0.00 55.10 39.65 46.86 0.00
2018 5 1 0.00 53.04 35.53 43.77 0.00
2018 5 2 0.00 48.92 26.26 36.56 0.00
2018 5 3 0.00 44.80 27.29 34.50 0.00
2018 5 4 0.00 54.07 25.23 38.62 0.00
2018 5 5 0.00 61.28 27.29 45.83 0.00
2018 5 6 0.00 64.37 30.38 49.95 0.00
2018 5 7 0.00 66.43 31.41 50.98 0.00
2018 5 8 0.00 68.49 33.47 53.04 0.00
2018 5 9 0.00 69.52 33.47 53.04 0.00
2018 5 10 0.00 69.52 33.47 54.07 0.00
2018 5 11 0.00 66.43 44.80 57.16 0.00
2018 5 12 0.00 66.43 36.56 54.07 0.00
2018 5 13 0.00 63.34 34.50 49.95 0.00
2018 5 14 0.00 61.28 29.35 46.86 0.00
2018 5 15 0.00 64.37 29.35 47.89 0.00
2018 5 16 0.00 67.46 31.41 49.95 0.00
2018 5 17 0.00 67.46 31.41 52.01 0.00
2018 5 18 0.00 63.34 31.41 49.95 0.00
2018 5 19 0.00 62.31 30.38 46.86 0.00
2018 5 20 0.00 62.31 31.41 47.89 0.00
2018 5 21 0.00 63.34 33.47 44.80 0.00
2018 5 22 0.00 64.37 31.41 46.86 0.00
2018 5 23 0.00 66.43 30.38 49.95 0.00
2018 5 24 0.00 68.49 32.44 50.98 0.00
2018 5 25 0.00 71.58 33.47 54.07 0.00
2018 5 26 0.00 68.49 32.44 54.07 0.00
2018 5 27 0.00 70.55 36.56 55.10 0.00
2018 5 28 0.00 66.43 31.41 50.98 0.00
2018 5 29 0.00 65.40 33.47 50.98 0.00
2018 5 30 0.00 67.46 32.44 50.98 0.00
2018 5 31 0.00 72.61 34.50 55.10 0.00
2018 6 1 0.10 69.52 37.59 55.10 0.00
2018 6 2 0.10 74.67 31.41 57.16 0.00
2018 6 3 0.40 57.16 36.56 45.83 0.00
2018 6 4 0.00 71.58 34.50 54.07 0.00
2018 6 5 0.00 75.70 38.62 60.25 0.00
2018 6 6 0.00 73.64 36.56 58.19 0.00
2018 6 7 0.00 73.64 41.71 59.22 0.00
2018 6 8 0.00 74.67 36.56 57.16 0.00
2018 6 9 0.00 74.67 35.53 57.16 0.00
2018 6 10 0.00 72.61 39.65 59.22 0.00
2018 6 11 0.00 76.73 36.56 57.16 0.00
2018 6 12 0.00 78.79 38.62 60.25 0.00
2018 6 13 0.00 76.73 40.68 60.25 0.00
2018 6 14 0.00 74.67 45.83 62.31 0.00
2018 6 15 0.10 75.70 50.98 64.37 0.00
2018 6 16 0.10 59.22 47.89 53.04 0.00
2018 6 17 0.00 62.31 44.80 53.04 0.00
2018 6 18 0.00 70.55 39.65 55.10 0.00
2018 6 19 0.00 73.64 40.68 57.16 0.00
2018 6 20 0.00 74.67 36.56 58.19 0.00
2018 6 21 0.00 77.76 41.71 60.25 0.00
2018 6 22 0.00 75.70 40.68 59.22 0.00
2018 6 23 0.00 74.67 37.59 57.16 0.00
2018 6 24 0.00 74.67 36.56 57.16 0.00
2018 6 25 0.00 73.64 35.53 57.16 0.00
2018 6 26 0.00 80.85 38.62 61.28 0.00
2018 6 27 0.00 84.97 40.68 63.34 0.00
2018 6 28 0.00 81.88 42.74 64.37 0.00
2018 6 29 0.00 74.67 44.80 61.28 0.00
2018 6 30 0.00 73.64 47.89 61.28 0.00
2018 7 1 0.00 76.73 40.68 60.25 0.00
2018 7 2 0.00 77.76 38.62 59.22 0.00
2018 7 3 0.00 75.70 43.77 60.25 0.00
2018 7 4 0.00 77.76 42.74 60.25 0.00
2018 7 5 0.00 74.67 44.80 56.13 0.00
2018 7 6 0.10 76.73 41.71 59.22 0.00
2018 7 7 0.00 78.79 44.80 61.28 0.00
2018 7 8 0.00 78.79 44.80 60.25 0.00
2018 7 9 0.00 76.73 42.74 58.19 0.00
2018 7 10 0.00 77.76 40.68 60.25 0.00
2018 7 11 0.10 77.76 44.80 56.13 0.00
2018 7 12 0.20 68.49 47.89 55.10 0.00
2018 7 13 0.10 73.64 45.83 58.19 0.00
2018 7 14 0.00 77.76 46.86 60.25 0.00
2018 7 15 0.40 76.73 47.89 58.19 0.00
2018 7 16 0.30 67.46 50.98 56.13 0.00
2018 7 17 0.10 72.61 47.89 56.13 0.00
2018 7 18 0.20 76.73 44.80 59.22 0.00
2018 7 19 0.10 80.85 47.89 64.37 0.00
2018 7 20 0.00  nan  nan  nan 0.00
2018 7 21 0.00  nan  nan  nan 0.00
2018 7 22 0.00 81.88 48.92 64.37 0.00
2018 7 23 0.00 79.82 48.92 62.31 0.00
2018 7 24 0.30 73.64 46.86 56.13 0.00
2018 7 25 0.00 73.64 46.86 58.19 0.00
2018 7 26 0.00 71.58 47.89 59.22 0.00
2018 7 27 0.20 73.64 44.80 54.07 0.00
2018 7 28 0.10 71.58 42.74 54.07 0.00
2018 7 29 0.00 74.67 41.71 57.16 0.00
2018 7 30 0.00 73.64 43.77 59.22 0.00
2018 7 31 0.00 72.61 44.80 56.13 0.00
2018 8 1 0.00 72.61 41.71 56.13 0.00
2018 8 2 0.10 74.67 43.77 58.19 0.00
2018 8 3 0.00 69.52 46.86 57.16 0.00
2018 8 4 0.10 76.73 44.80 58.19 0.00
2018 8 5 0.60 75.70 46.86 57.16 0.00
2018 8 6 0.00 76.73 45.83 60.25 0.00
2018 8 7 0.00 76.73 44.80 60.25 0.00
2018 8 8 0.00 77.76 42.74 61.28 0.00
2018 8 9 0.00 73.64 43.77 53.04 0.00
2018 8 10 0.00 71.58 44.80 56.13 0.00
2018 8 11 0.00 70.55 40.68 55.10 0.00
2018 8 12 0.00 74.67 39.65 56.13 0.00
2018 8 13 0.00 76.73 40.68 57.16 0.00
2018 8 14 0.10 73.64 42.74 57.16 0.00
2018 8 15 0.00 70.55 45.83 57.16 0.00
2018 8 16 0.10 67.46 46.86 55.10 0.00
2018 8 17 0.00 69.52 42.74 54.07 0.00
2018 8 18 0.20 69.52 42.74 53.04 0.00
2018 8 19 0.00 69.52 38.62 54.07 0.00
2018 8 20 0.00 71.58 41.71 56.13 0.00
2018 8 21 0.30 74.67 46.86 57.16 0.00
2018 8 22 0.00 64.37 45.83 54.07 0.00
2018 8 23 0.00 68.49 44.80 55.10 0.00
2018 8 24 0.00 72.61 42.74 57.16 0.00
2018 8 25 0.00 67.46 49.95 57.16 0.00
2018 8 26 0.00 70.55 45.83 57.16 0.00
2018 8 27 0.00 67.46 41.71 55.10 0.00
2018 8 28 0.00 68.49 37.59 53.04 0.00
2018 8 29 0.00 72.61 35.53 55.10 0.00
2018 8 30 0.00 75.70 41.71 59.22 0.00
2018 8 31 0.00 70.55 41.71 56.13 0.00
2018 9 1 0.00 64.37 42.74 52.01 0.00
2018 9 2 0.00 65.40 39.65 50.98 0.00
2018 9 3 0.30 56.13 42.74 47.89 0.00
2018 9 4 0.10 62.31 38.62 47.89 0.00
2018 9 5 0.00 61.28 43.77 49.95 0.00
2018 9 6 0.10 59.22 41.71 48.92 0.00
2018 9 7 0.00 63.34 38.62 48.92 0.00
2018 9 8 0.00 66.43 38.62 52.01 0.00
2018 9 9 0.20 68.49 39.65 48.92 0.00
2018 9 10 0.00 69.52 36.56 52.01 0.00
2018 9 11 0.00 70.55 39.65 54.07 0.00
2018 9 12 0.00 69.52 38.62 53.04 0.00
2018 9 13 0.00 70.55 36.56 53.04 0.00
2018 9 14 0.00 71.58 34.50 53.04 0.00
2018 9 15 0.00 73.64 39.65 56.13 0.00
2018 9 16 0.00 74.67 41.71 56.13 0.00
2018 9 17 0.00 74.67 39.65 56.13 0.00
2018 9 18 0.00 72.61 39.65 55.10 0.00
2018 9 19 0.10 71.58 42.74 57.16 0.00
2018 9 20 0.20 63.34 38.62 49.95 0.00
2018 9 21 0.00 67.46 34.50 49.95 0.00
2018 9 22 0.00 66.43 34.50 49.95 0.00
2018 9 23 0.00 67.46 34.50 49.95 0.00
2018 9 24 0.00 64.37 35.53 49.95 0.00
2018 9 25 0.00 64.37 33.47 47.89 0.00
2018 9 26 0.00 61.28 31.41 46.86 0.00
2018 9 27 0.00 68.49 28.32 48.92 0.00
2018 9 28 0.00 68.49 30.38 49.95 0.00
2018 9 29 0.00 67.46 31.41 49.95 0.00
2018 9 30 0.10 65.40 34.50 52.01 0.00
