2015 9 17  nan 68.49 45.83 55.10  nan
2015 9 18  nan 71.58 41.71 55.10 0.00
2015 9 19  nan 71.58 45.83 56.13 0.00
2015 9 20  nan 71.58 41.71 56.13 0.00
2015 9 21  nan 63.34 44.80 52.01 0.00
2015 9 22  nan 58.19 45.83 52.01 0.00
2015 9 23  nan 65.40 42.74 52.01 0.00
2015 9 24  nan 70.55 41.71 55.10 0.00
2015 9 25  nan 71.58 40.68 55.10 0.00
2015 9 26  nan 71.58 36.56 54.07 0.00
2015 9 27  nan 72.61 40.68 55.10 0.00
2015 9 28  nan 71.58 40.68 55.10 0.00
2015 9 29  nan 71.58 41.71 56.13 0.00
2015 9 30  nan 73.64 43.77 57.16 0.00
2015 10 1 0.00 72.61 42.74 57.16 0.00
2015 10 2 0.10 67.46 48.92 57.16 0.00
2015 10 3 0.00 63.34 43.77 52.01 0.00
2015 10 4 0.00 61.28 43.77 52.01 0.00
2015 10 5 0.40 59.22 44.80 49.95 0.00
2015 10 6 0.50 55.10 40.68 44.80 0.00
2015 10 7 0.40 50.98 35.53 42.74 0.00
2015 10 8 0.10 61.28 37.59 49.95 0.00
2015 10 9 0.00 64.37 39.65 49.95 0.00
2015 10 10 0.00  nan  nan  nan 0.00
2015 10 11 0.00  nan  nan  nan 0.00
2015 10 12 0.00 67.46 36.56 50.98 0.00
2015 10 13 0.00 68.49 37.59 50.98 0.00
2015 10 14 0.00 71.58 38.62 52.01 0.00
2015 10 15 0.00 69.52 38.62 54.07 0.00
2015 10 16 0.00 64.37 40.68 52.01 0.00
2015 10 17 0.10 57.16 44.80 48.92 0.00
2015 10 18 0.50 58.19 44.80 50.98 0.00
2015 10 19 0.10 60.25 43.77 50.98 0.00
2015 10 20 0.60 52.01 35.53 45.83 0.00
2015 10 21 0.30 43.77 32.44 37.59 0.00
2015 10 22 0.00 47.89 31.41 39.65 0.00
2015 10 23 0.00 52.01 29.35 39.65 0.00
2015 10 24 0.10 58.19 32.44 44.80 0.00
2015 10 25 0.00 56.13 33.47 44.80 0.00
2015 10 26 0.00 56.13 33.47 43.77 0.00
2015 10 27 0.10 56.13 30.38 46.86 0.00
2015 10 28 0.00 57.16 29.35 41.71 0.00
2015 10 29 0.50 44.80 31.41 37.59 0.00
2015 10 30 0.10 40.68 23.17 35.53 0.00
2015 10 31 0.00 56.13 33.47 41.71 0.00
2015 11 1 0.00 94.24 32.44 44.80 0.00
2015 11 2 0.00 60.25 29.35 44.80 0.00
2015 11 3 0.10 90.12 39.65 45.83 0.00
2015 11 4 1.50 57.16 29.35 33.47 0.00
2015 11 5 0.30 38.62 19.05 27.29 1.30
2015 11 6 0.00 61.28 16.99 30.38 1.50
2015 11 7 0.10 81.88 21.11 34.50 1.50
2015 11 8 0.00 80.85 20.08 37.59 1.50
2015 11 9 0.00 75.70 22.14 39.65 1.50
2015 11 10 0.00 68.49 21.11 35.53 1.50
2015 11 11 0.00 59.22 16.99 27.29 1.40
2015 11 12 0.00 54.07 15.96 31.41 1.40
2015 11 13 0.00 60.25 20.08 35.53 1.40
2015 11 14 0.10 75.70 18.02 39.65 1.50
2015 11 15 1.70 42.74 35.53 38.62 1.40
2015 11 16 1.40 43.77 15.96 26.26 1.40
2015 11 17 0.10 82.91 20.08 26.26 2.70
2015 11 18 0.00 97.33 15.96 29.35 2.60
2015 11 19 0.00 98.36 21.11 36.56 2.60
2015 11 20 0.00 89.09 23.17 38.62 2.60
2015 11 21 0.00 86.00 24.20 36.56 2.50
2015 11 22 0.00 52.01 22.14 33.47 2.50
2015 11 23 0.00 74.67 25.23 37.59 2.50
2015 11 24 0.00 48.92 24.20 39.65 2.50
2015 11 25 0.00 47.89 37.59 40.68 2.50
2015 11 26 0.00 41.71 26.26 38.62 2.50
2015 11 27 0.00 45.83 26.26 35.53 2.30
2015 11 28 0.00 61.28 22.14 35.53 2.30
2015 11 29 0.00  nan 21.11 31.41 2.30
2015 11 30 0.00  nan 12.87 25.23 2.30
2015 12 1 0.30 57.16 6.69 27.29 2.30
2015 12 2 0.00 46.86 8.75 30.38 2.60
2015 12 3 0.00 56.13 9.78 35.53 2.60
2015 12 4 0.00  nan 32.44 39.65 2.60
2015 12 5 0.00 46.86 18.02 35.53 2.60
2015 12 6 0.00 64.37 10.81 36.56 2.60
2015 12 7 0.00 58.19 13.90 37.59 2.60
2015 12 8 0.00  nan 13.90 36.56 2.60
2015 12 9 0.00 57.16 16.99 39.65 2.60
2015 12 10 0.00  nan 25.23 42.74 2.60
2015 12 11 0.20  nan 27.29 38.62 2.60
2015 12 12 1.50  nan 13.90 26.26 2.80
2015 12 13 0.00  nan 0.51 23.17 4.30
2015 12 14 0.80  nan 6.69 23.17 4.30
2015 12 15 0.00  nan 7.72 18.02 5.10
2015 12 16 0.00 33.47 -5.67 12.87 5.00
2015 12 17 0.00 41.71 -3.61 19.05 4.90
2015 12 18 0.00 48.92 14.93 31.41 4.90
2015 12 19 0.10  nan 26.26 39.65 4.90
2015 12 20 0.00 38.62 22.14 29.35 4.80
2015 12 21 0.10  nan 4.63 29.35 4.90
2015 12 22 0.50 32.44 18.02 29.35 4.90
2015 12 23 0.80  nan 31.41 32.44 5.40
2015 12 24 0.40 34.50 30.38 32.44 6.10
2015 12 25 0.20 32.44 6.69 25.23 6.50
2015 12 26 0.00 16.99 -0.52 12.87 6.50
2015 12 27 0.00 31.41 14.93 22.14 6.50
2015 12 28 0.00 34.50 11.84 23.17 6.50
2015 12 29 0.10 26.26 10.81 20.08 6.50
2015 12 30 0.00 32.44 3.60 19.05 6.60
2015 12 31 0.00  nan 5.66 22.14 6.60
2016 1 1 0.00  nan 15.96 29.35 6.60
2016 1 2 0.00  nan 12.87 27.29 6.60
2016 1 3 0.10  nan 16.99 32.44 6.60
2016 1 4 0.10  nan 25.23 34.50 6.70
2016 1 5 0.30  nan 29.35 32.44 6.80
2016 1 6 1.10  nan 22.14 28.32 7.10
2016 1 7 2.00  nan 21.11 26.26 8.20
2016 1 8 0.30 44.80 15.96 22.14 10.20
2016 1 9 0.10 29.35 5.66 18.02 10.50
2016 1 10 0.00 33.47 3.60 18.02 10.40
2016 1 11 0.00 52.01 9.78 21.11 10.40
2016 1 12 0.00 48.92 5.66 25.23 10.40
2016 1 13 0.00  nan 7.72 24.20 10.40
2016 1 14 0.10 40.68 13.90 26.26 10.40
2016 1 15 0.30 52.01 15.96 25.23 10.50
2016 1 16 0.00 57.16 2.57 24.20 10.80
2016 1 17 0.00 42.74 14.93 28.32 10.80
2016 1 18 0.00  nan 15.96 31.41 10.80
2016 1 19 0.10  nan 14.93 32.44 10.80
2016 1 20 0.00 43.77 25.23 34.50 10.90
2016 1 21 0.00 47.89 18.02 30.38 10.90
2016 1 22 0.00  nan 6.69 33.47 10.80
2016 1 23 0.00  nan 26.26 38.62 10.80
2016 1 24 0.00 39.65 15.96 29.35 10.80
2016 1 25 0.00  nan 11.84 23.17 10.80
2016 1 26 0.00  nan 10.81 26.26 10.80
2016 1 27 0.00  nan 8.75 30.38 10.70
2016 1 28 0.00 50.98 15.96 32.44 10.70
2016 1 29 0.00  nan 10.81 34.50 10.70
2016 1 30 0.00 45.83 29.35 36.56 10.70
2016 1 31 0.20 44.80 32.44 36.56 10.70
2016 2 1 1.50 32.44 8.75 20.08 10.80
2016 2 2 0.20 20.08 5.66 13.90 12.30
2016 2 3 0.00  nan -6.70 10.81 12.30
2016 2 4 0.00  nan -1.55 20.08 12.30
2016 2 5 0.00 34.50 8.75 23.17 12.30
2016 2 6 0.00 50.98 -1.55 27.29 12.30
2016 2 7 0.00 55.10 14.93 33.47 12.30
2016 2 8 0.00 57.16 15.96 38.62 12.20
2016 2 9 0.00 63.34 24.20 37.59 12.20
2016 2 10 0.00 56.13 20.08 35.53 12.20
2016 2 11 0.00  nan 21.11 36.56 12.20
2016 2 12 0.00  nan 22.14 38.62 12.20
2016 2 13 0.00 56.13 26.26 38.62 12.10
2016 2 14 0.00 52.01 21.11 36.56 12.10
2016 2 15 0.00 53.04 29.35 40.68 12.10
2016 2 16 0.00 60.25 19.05 41.71 12.00
2016 2 17 0.00 58.19 31.41 45.83 12.00
2016 2 18 0.00  nan 31.41 44.80 12.00
2016 2 19 0.00 52.01 31.41 42.74 11.80
2016 2 20 0.00  nan 27.29 39.65 11.70
2016 2 21 0.00 57.16 27.29 40.68 11.70
2016 2 22 0.00  nan 25.23 36.56 11.70
2016 2 23 0.00 36.56 22.14 29.35 11.70
2016 2 24 0.00 63.34 14.93 31.41 11.70
2016 2 25 0.00 60.25 21.11 38.62 11.70
2016 2 26 0.00  nan 15.96 38.62 11.70
2016 2 27 0.00 56.13 26.26 40.68 11.60
2016 2 28 0.00 55.10 13.90 38.62 11.60
2016 2 29 0.00 53.04 26.26 38.62 11.50
2016 3 1 0.00  nan 15.96 39.65 11.40
2016 3 2 0.00  nan 29.35 41.71 11.30
2016 3 3 0.00  nan 26.26 41.71 11.10
2016 3 4 0.00  nan 29.35 42.74 10.90
2016 3 5 0.00  nan 35.53 44.80 10.70
2016 3 6 0.00  nan 29.35 42.74 10.30
2016 3 7 0.00  nan 19.05 34.50 10.00
2016 3 8 0.00  nan 23.17 31.41 10.00
2016 3 9 0.00  nan 13.90 35.53 10.00
2016 3 10 0.00  nan 33.47 45.83 9.90
2016 3 11 0.00  nan 27.29 43.77 9.80
2016 3 12 0.00  nan 25.23 34.50 9.70
2016 3 13 0.00  nan 22.14 37.59 9.60
2016 3 14 0.00  nan 21.11 40.68 9.50
2016 3 15 0.00  nan 25.23 36.56 9.40
2016 3 16 0.00  nan 13.90 37.59 9.40
2016 3 17 0.00  nan 25.23 40.68 9.20
2016 3 18 0.00  nan 20.08 40.68 8.70
2016 3 19 0.00  nan 26.26 40.68 8.30
2016 3 20 0.00  nan 28.32 42.74 8.20
2016 3 21 0.00  nan 29.35 45.83 7.60
2016 3 22 0.00  nan 31.41 43.77 6.60
2016 3 23 0.00 40.68 24.20 31.41 6.60
2016 3 24 0.00  nan 25.23 37.59 6.40
2016 3 25 0.00 52.01 9.78 38.62 6.10
2016 3 26 0.00  nan 27.29 39.65 5.40
2016 3 27 0.00  nan 24.20 39.65 5.10
2016 3 28 0.00 53.04 32.44 41.71 4.00
2016 3 29 0.00  nan 18.02 35.53 3.30
2016 3 30 0.00 67.46 21.11 29.35 3.20
2016 3 31 0.00 39.65 6.69 28.32 3.20
2016 4 1 0.00 44.80 20.08 31.41 3.20
2016 4 2 0.00 54.07 21.11 36.56 3.00
2016 4 3 0.00 58.19 24.20 40.68 2.40
2016 4 4 0.00 63.34 27.29 44.80 1.40
2016 4 5 0.00  nan 29.35 45.83 0.40
2016 4 6 0.00 64.37 34.50 48.92 0.10
2016 4 7 0.00  nan 34.50 49.95 0.00
2016 4 8 0.40 52.01 34.50 40.68 0.00
2016 4 9 0.00  nan 33.47 42.74 0.00
2016 4 10 0.30 49.95 31.41 37.59 0.00
2016 4 11 0.10 52.01 28.32 38.62 0.00
2016 4 12 0.10 46.86 30.38 37.59 0.00
2016 4 13 0.00  nan 29.35 42.74 0.00
2016 4 14 0.00  nan 20.08 46.86 0.00
2016 4 15 0.00  nan 27.29 40.68 0.00
2016 4 16 0.10  nan  nan 30.38 0.00
2016 4 17 0.00  nan 27.29 33.47 0.00
2016 4 18 0.00  nan 24.20 36.56 0.00
2016 4 19 0.00 57.16 26.26 41.71 0.00
2016 4 20 0.00 63.34 28.32 45.83 0.00
2016 4 21 0.00 68.49 30.38 48.92 0.00
2016 4 22 0.00  nan 34.50 50.98 0.00
2016 4 23 0.00 61.28 34.50 49.95 0.00
2016 4 24 0.00 60.25 30.38 45.83 0.00
2016 4 25 0.00  nan 27.29 41.71 0.00
2016 4 26 0.00 60.25 27.29 35.53 0.00
2016 4 27 0.00  nan 24.20 41.71 0.00
2016 4 28 0.00 53.04 27.29 41.71 0.00
2016 4 29 0.10 64.37 27.29 36.56 0.00
2016 4 30 0.30  nan 30.38 38.62 0.00
2016 5 1 0.20 43.77 19.05 34.50 0.00
2016 5 2 0.00 56.13 28.32 41.71 0.00
2016 5 3 0.00  nan 30.38 46.86 0.00
2016 5 4 0.00 68.49 39.65 54.07 0.00
2016 5 5 0.00 70.55 38.62 57.16 0.00
2016 5 6 0.00  nan  nan 46.86 0.00
2016 5 7 0.00  nan  nan 39.65 0.00
2016 5 8 0.10  nan  nan 37.59 0.00
2016 5 9 0.00  nan  nan 43.77 0.00
2016 5 10 0.00  nan  nan 46.86 0.00
2016 5 11 0.00  nan  nan 48.92 0.00
2016 5 12 0.00  nan  nan 53.04 0.00
2016 5 13 0.00 102.48 25.23 56.13 0.00
2016 5 14 0.00 69.52 44.80 57.16 0.00
2016 5 15 0.00 67.46 38.62 55.10 0.00
2016 5 16 0.00 62.31 30.38 48.92 0.00
2016 5 17 0.70  nan 20.08 40.68 0.00
2016 5 18 0.20 49.95 28.32 39.65 0.00
2016 5 19 0.10  nan 31.41 45.83 0.00
2016 5 20 0.00  nan 36.56 52.01 0.00
2016 5 21 0.00  nan 40.68 52.01 0.00
2016 5 22 0.00 61.28 28.32 49.95 0.00
2016 5 23 0.00  nan 40.68 50.98 0.00
2016 5 24 0.00  nan 27.29 49.95 0.00
2016 5 25 0.00  nan 34.50 48.92 0.00
2016 5 26 0.00  nan 18.02 42.74 0.00
2016 5 27 0.00  nan 16.99 45.83 0.00
2016 5 28 0.00 68.49 29.35 50.98 0.00
2016 5 29 0.00  nan 22.14 52.01 0.00
2016 5 30 0.00  nan 27.29 50.98 0.00
2016 5 31 0.00  nan 32.44 48.92 0.00
2016 6 1 0.00  nan 31.41 55.10 0.00
2016 6 2 0.00  nan 26.26 57.16 0.00
2016 6 3 0.00 81.88 40.68 60.25 0.00
2016 6 4 0.00 93.21 45.83 62.31 0.00
2016 6 5 0.00  nan 41.71 66.43 0.00
2016 6 6 0.00 81.88 45.83 64.37 0.00
2016 6 7 0.00  nan 45.83 62.31 0.00
2016 6 8 0.00  nan 31.41 61.28 0.00
2016 6 9 0.00 77.76 40.68 61.28 0.00
2016 6 10 0.00  nan 47.89 58.19 0.00
2016 6 11 0.00 72.61 47.89 59.22 0.00
2016 6 12 0.00  nan 31.41 58.19 0.00
2016 6 13 0.00  nan 29.35 54.07 0.00
2016 6 14 0.00 102.48 34.50 55.10 0.00
2016 6 15 0.00 74.67 33.47 58.19 0.00
2016 6 16 0.00 82.91 40.68 57.16 0.00
2016 6 17 0.00 78.79 36.56 57.16 0.00
2016 6 18 0.00 83.94 27.29 61.28 0.00
2016 6 19 0.00 88.06 45.83 68.49 0.00
2016 6 20 0.00 84.97 56.13 67.46 0.00
2016 6 21 0.00 80.85 44.80 66.43 0.00
2016 6 22 0.00  nan 52.01 67.46 0.00
2016 6 23 0.00 78.79 52.01 64.37 0.00
2016 6 24 0.00  nan 44.80 64.37 0.00
2016 6 25 0.00 71.58 46.86 62.31 0.00
2016 6 26 0.00 71.58 43.77 59.22 0.00
2016 6 27 0.00  nan 35.53 62.31 0.00
2016 6 28 0.10 81.88 38.62 64.37 0.00
2016 6 29 0.20  nan 48.92 58.19 0.00
2016 6 30 0.80  nan 44.80 55.10 0.00
2016 7 1 0.20 57.16 47.89 53.04 0.00
2016 7 2 0.40  nan 36.56 55.10 0.00
2016 7 3 0.00  nan 39.65 59.22 0.00
2016 7 4 0.00  nan 35.53 61.28 0.00
2016 7 5 0.00  nan 41.71 61.28 0.00
2016 7 6 0.00  nan 47.89 61.28 0.00
2016 7 7 0.00  nan 38.62 61.28 0.00
2016 7 8 0.00 75.70 35.53 61.28 0.00
2016 7 9 0.00 79.82 40.68 62.31 0.00
2016 7 10 0.00  nan 36.56 63.34 0.00
2016 7 11 0.00  nan 38.62 62.31 0.00
2016 7 12 0.00  nan 36.56 62.31 0.00
2016 7 13 0.00  nan 46.86 63.34 0.00
2016 7 14 0.00  nan 34.50 64.37 0.00
2016 7 15 0.00  nan 46.86 65.40 0.00
2016 7 16 0.00  nan 38.62 64.37 0.00
2016 7 17 0.20  nan 52.01 60.25 0.00
2016 7 18 0.00 74.67 44.80 58.19 0.00
2016 7 19 0.00  nan 44.80 58.19 0.00
2016 7 20 0.10  nan 41.71 60.25 0.00
2016 7 21 0.10  nan 39.65 58.19 0.00
2016 7 22 0.00  nan 50.98 63.34 0.00
2016 7 23 0.00  nan 49.95 65.40 0.00
2016 7 24 1.20 78.79 49.95 60.25 0.00
2016 7 25 0.10 91.15 45.83 60.25 0.00
2016 7 26 0.10  nan 43.77 60.25 0.00
2016 7 27 0.00  nan 42.74 64.37 0.00
2016 7 28 0.10  nan 43.77 61.28 0.00
2016 7 29 0.00 81.88 39.65 62.31 0.00
2016 7 30 0.20  nan 40.68 61.28 0.00
2016 7 31 0.70 71.58 52.01 57.16 0.00
2016 8 1 0.60 67.46 52.01 57.16 0.00
2016 8 2 0.20 66.43 49.95 56.13 0.00
2016 8 3 0.60 65.40 52.01 56.13 0.00
2016 8 4 0.40 69.52 50.98 58.19 0.00
2016 8 5 0.20 67.46 49.95 55.10 0.00
2016 8 6 0.40  nan 49.95 58.19 0.00
2016 8 7 0.00 73.64 42.74 60.25 0.00
2016 8 8 0.00  nan 39.65 60.25 0.00
2016 8 9 0.40 86.00 38.62 58.19 0.00
2016 8 10 0.10 70.55 37.59 57.16 0.00
2016 8 11 0.10  nan 43.77 57.16 0.00
2016 8 12 0.00  nan 36.56 59.22 0.00
2016 8 13 0.00  nan 34.50 56.13 0.00
2016 8 14 0.00  nan 33.47 57.16 0.00
2016 8 15 0.00  nan 41.71 59.22 0.00
2016 8 16 0.40 72.61 46.86 58.19 0.00
2016 8 17 0.20 73.64 45.83 57.16 0.00
2016 8 18 0.20 70.55 36.56 56.13 0.00
2016 8 19 0.00 69.52 43.77 55.10 0.00
2016 8 20 0.00 72.61 34.50 54.07 0.00
2016 8 21 0.30  nan 41.71 55.10 0.00
2016 8 22 0.00 67.46 44.80 54.07 0.00
2016 8 23 0.30  nan 43.77 50.98 0.00
2016 8 24 0.00 73.64 37.59 53.04 0.00
2016 8 25 0.00 81.88 35.53 54.07 0.00
2016 8 26 0.20  nan 45.83 53.04 0.00
2016 8 27 0.30 76.73 33.47 48.92 0.00
2016 8 28 0.00  nan 30.38 50.98 0.00
2016 8 29 0.00  nan 40.68 53.04 0.00
2016 8 30 0.00 67.46 38.62 56.13 0.00
2016 8 31 0.30  nan 39.65 54.07 0.00
2016 9 1 0.10 65.40 46.86 54.07 0.00
2016 9 2 0.00 69.52 47.89 57.16 0.00
2016 9 3 0.00 71.58 48.92 59.22 0.00
2016 9 4 0.00  nan 35.53 57.16 0.00
2016 9 5 0.00  nan 43.77 60.25 0.00
2016 9 6 0.00  nan  nan 57.16 0.00
2016 9 7 0.30  nan 42.74 54.07 0.00
2016 9 8 0.00  nan 42.74 56.13 0.00
2016 9 9 0.00 73.64  nan 56.13 0.00
2016 9 10 0.00  nan  nan 58.19 0.00
2016 9 11 0.00  nan 46.86 57.16 0.00
2016 9 12 0.30 65.40  nan 52.01 0.00
2016 9 13 0.20  nan  nan 50.98 0.00
2016 9 14 0.00 65.40 47.89 55.10 0.00
2016 9 15 0.00  nan 38.62 52.01 0.00
2016 9 16 0.00  nan  nan 48.92 0.00
2016 9 17 0.00  nan 34.50 49.95 0.00
2016 9 18 0.00  nan  nan 53.04 0.00
2016 9 19 0.00 74.67  nan 57.16 0.00
2016 9 20 0.00  nan 49.95 57.16 0.00
2016 9 21 0.00  nan 48.92 58.19 0.00
2016 9 22 0.00  nan 43.77 59.22 0.00
2016 9 23 0.30 56.13 31.41 45.83 0.00
2016 9 24 0.00  nan  nan 43.77 0.00
2016 9 25 0.00  nan  nan 50.98 0.00
2016 9 26 0.00 61.28  nan 49.95 0.00
2016 9 27 0.00  nan  nan 50.98 0.00
2016 9 28 0.00  nan 45.83 54.07 0.00
2016 9 29 0.60  nan  nan 53.04 0.00
2016 9 30 0.00  nan 41.71 50.98 0.00
2016 10 1 0.00  nan  nan 48.92 0.00
2016 10 2 0.40  nan  nan 48.92 0.00
2016 10 3 0.20  nan 32.44 47.89 0.00
2016 10 4 0.00  nan  nan 42.74 0.00
2016 10 5 0.00  nan  nan 45.83 0.00
2016 10 6 0.00  nan 22.14 44.80 0.00
2016 10 7 0.00 66.43 20.08 48.92 0.00
2016 10 8 0.30 64.37 37.59 53.04 0.00
2016 10 9 0.00 74.67 30.38 47.89 0.00
2016 10 10 0.00  nan 26.26 49.95 0.00
2016 10 11 0.00  nan 33.47 50.98 0.00
2016 10 12 0.00 66.43 37.59 49.95 0.00
2016 10 13 0.00  nan 21.11 45.83 0.00
2016 10 14 0.00  nan 30.38 50.98 0.00
2016 10 15 0.00  nan 38.62 52.01 0.00
2016 10 16 0.00  nan 33.47 52.01 0.00
2016 10 17 0.00 64.37 31.41 52.01 0.00
2016 10 18 0.00  nan 34.50 50.98 0.00
2016 10 19 0.00 61.28 20.08 47.89 0.00
2016 10 20 0.00  nan 23.17 47.89 0.00
2016 10 21 0.00  nan 21.11 48.92 0.00
2016 10 22 0.00  nan 24.20 48.92 0.00
2016 10 23 0.00  nan 26.26 47.89 0.00
2016 10 24 0.00  nan 26.26 50.98 0.00
2016 10 25 0.00  nan 36.56 48.92 0.00
2016 10 26 0.00  nan  nan 49.95 0.00
2016 10 27 0.00  nan 45.83 55.10 0.00
2016 10 28 0.00  nan 40.68 53.04 0.00
2016 10 29 0.00  nan 34.50 48.92 0.00
2016 10 30 0.00  nan 37.59 49.95 0.00
2016 10 31 0.00  nan 31.41 49.95 0.00
2016 11 1 0.00  nan 36.56 46.86 0.00
2016 11 2 0.10  nan  nan 44.80 0.00
2016 11 3 1.40  nan 35.53 44.80 0.00
2016 11 4 0.70 46.86  nan 39.65 0.00
2016 11 5 0.10  nan  nan 39.65 0.00
2016 11 6 0.00  nan  nan 39.65 0.00
2016 11 7 0.00  nan  nan 42.74 0.00
2016 11 8 0.00  nan  nan 44.80 0.00
2016 11 9 0.00  nan 27.29 39.65 0.00
2016 11 10 0.00  nan  nan 36.56 0.00
2016 11 11 0.00  nan 27.29 38.62 0.00
2016 11 12 0.00  nan  nan 36.56 0.00
2016 11 13 0.00  nan  nan 36.56 0.00
2016 11 14 0.00 59.22  nan 42.74 0.00
2016 11 15 0.00  nan 28.32 45.83 0.00
2016 11 16 0.00  nan 25.23 45.83 0.00
2016 11 17 0.00  nan 22.14 36.56 0.00
2016 11 18 0.00  nan 20.08 35.53 0.00
2016 11 19 0.00  nan 24.20 45.83 0.00
2016 11 20 0.00  nan  nan 46.86 0.00
2016 11 21 1.40 40.68 29.35 36.56 0.00
2016 11 22 0.00 38.62  nan 30.38 0.00
2016 11 23 0.00  nan 24.20 35.53 0.00
2016 11 24 0.00  nan  nan 34.50 0.00
2016 11 25 0.00  nan  nan 34.50 0.00
2016 11 26 0.00  nan  nan 38.62 0.30
2016 11 27 0.70  nan  nan 29.35 0.40
2016 11 28 0.60  nan  nan 24.20 0.90
2016 11 29 0.10  nan  nan 19.05 1.50
2016 11 30 0.00  nan 6.69 21.11 1.50
2016 12 1 0.00  nan 14.93 27.29 1.50
2016 12 2 0.00  nan 20.08 28.32 1.50
2016 12 3 0.00  nan 10.81 31.41 1.50
2016 12 4 0.00  nan 21.11 35.53 1.50
2016 12 5 0.00  nan 21.11 31.41 1.50
2016 12 6 0.00 39.65 28.32 32.44 1.50
2016 12 7 0.00  nan 11.84 30.38 1.50
2016 12 8 0.00 63.34 15.96 31.41 1.50
2016 12 9 0.00  nan 14.93 36.56 1.50
2016 12 10 0.00  nan 18.02 38.62 1.50
2016 12 11 0.00  nan 18.02 38.62 1.50
2016 12 12 0.00  nan 19.05 37.59 1.50
2016 12 13 0.00  nan 18.02 37.59 1.50
2016 12 14 0.00  nan 14.93 38.62 1.50
2016 12 15 0.00  nan 22.14 42.74 1.50
2016 12 16 1.40 74.67 22.14 36.56 1.50
2016 12 17 1.10 36.56 14.93 25.23 1.90
2016 12 18 0.00  nan -3.61 21.11 3.00
2016 12 19 0.00 68.49 -2.58 27.29 3.00
2016 12 20 0.00 74.67 12.87 37.59 2.90
2016 12 21 0.30  nan 25.23 41.71 2.70
2016 12 22 1.80 42.74 32.44 39.65 2.50
2016 12 23 0.00 38.62 30.38 33.47 1.90
2016 12 24 0.50 43.77 19.05 32.44 2.00
2016 12 25 0.60 61.28 4.63 19.05 2.30
2016 12 26 0.00 71.58 -0.52 25.23 2.90
2016 12 27 0.00  nan 14.93 34.50 2.90
2016 12 28 0.00 66.43 20.08 34.50 2.90
2016 12 29 0.00 68.49 13.90 33.47 2.90
2016 12 30 0.10 44.80 21.11 34.50 2.90
2016 12 31 1.10 36.56 31.41 33.47 2.90
2017 1 1 0.50 34.50 27.29 31.41 3.90
2017 1 2 0.10 34.50 19.05 27.29 4.30
2017 1 3 0.00 41.71 18.02 29.35 4.30
2017 1 4 0.00 40.68 11.84 31.41 4.30
2017 1 5 0.10 35.53 31.41 34.50 4.40
2017 1 6 0.40 34.50 20.08 27.29 4.40
2017 1 7 0.00  nan 8.75 31.41 4.80
2017 1 8 0.00  nan 14.93 38.62 4.90
2017 1 9 0.20 48.92 32.44 39.65 4.80
2017 1 10 0.00  nan 23.17 36.56 4.70
2017 1 11 0.00  nan 15.96 35.53 4.70
2017 1 12 0.00  nan 15.96 36.56 4.70
2017 1 13 0.00  nan 22.14 38.62 4.70
2017 1 14 0.70  nan 26.26 37.59 4.70
2017 1 15 0.30 34.50 27.29 31.41 5.30
2017 1 16 0.30  nan 18.02 31.41 5.60
2017 1 17 0.00  nan 13.90 29.35 5.90
2017 1 18 0.10 35.53 15.96 29.35 5.90
2017 1 19 0.30  nan 9.78 29.35 5.90
2017 1 20 1.90  nan 15.96 28.32 6.20
2017 1 21 1.40 28.32 16.99 24.20 8.10
2017 1 22 0.10 36.56 1.54 24.20 9.50
2017 1 23 1.10  nan 20.08 30.38 9.60
2017 1 24 0.50  nan 8.75 21.11 10.70
2017 1 25 0.00  nan 5.66 16.99 11.20
2017 1 26 0.00  nan -11.85 11.84 11.20
2017 1 27 0.00  nan 0.51 15.96 11.20
2017 1 28 0.00  nan 14.93 30.38 11.20
2017 1 29 0.00  nan 18.02 33.47 11.20
2017 1 30 0.00 52.01 5.66 29.35 11.10
2017 1 31 0.00 49.95 6.69 30.38 11.10
2017 2 1 0.00  nan 5.66 32.44 11.10
2017 2 2 0.00  nan 20.08 36.56 11.10
2017 2 3 0.00  nan 21.11 37.59 11.10
2017 2 4 0.00  nan 27.29 35.53 11.10
2017 2 5 0.00  nan 22.14 36.56 11.00
2017 2 6 0.00  nan 25.23 36.56 11.00
2017 2 7 0.00  nan 22.14 34.50 11.00
2017 2 8 0.00 55.10 24.20 38.62 10.90
2017 2 9 0.00  nan 19.05 42.74 10.80
2017 2 10 0.00  nan 24.20 44.80 10.80
2017 2 11 0.00  nan 32.44 43.77 10.80
2017 2 12 0.00  nan 25.23 39.65 10.80
2017 2 13 0.20  nan 16.99 34.50 10.80
2017 2 14 0.10 62.31 13.90 32.44 11.00
2017 2 15 0.00  nan 10.81 31.41 11.10
2017 2 16 0.10  nan 11.84 33.47 11.10
2017 2 17 0.00  nan 16.99 35.53 11.20
2017 2 18 0.30  nan 22.14 35.53 11.10
2017 2 19 0.60  nan 27.29 30.38 11.40
2017 2 20 0.00  nan 27.29 34.50 12.00
2017 2 21 0.00  nan 16.99 39.65 12.10
2017 2 22 0.00 52.01 29.35 40.68 12.00
2017 2 23 0.00  nan 18.02 31.41 11.80
2017 2 24 0.00  nan 7.72 25.23 11.90
2017 2 25 0.00  nan 7.72 28.32 12.00
2017 2 26 0.10  nan 16.99 30.38 12.00
2017 2 27 0.90  nan 13.90 32.44 12.10
2017 2 28 0.80  nan 19.05 30.38 13.00
2017 3 1 0.00  nan 9.78 27.29 13.80
2017 3 2 0.00  nan 2.57 30.38 13.80
2017 3 3 0.00  nan 10.81 36.56 13.80
2017 3 4 0.00  nan 29.35 39.65 13.80
2017 3 5 0.00  nan 28.32 38.62 13.80
2017 3 6 0.00  nan 22.14 33.47 13.60
2017 3 7 0.00  nan 8.75 36.56 13.30
2017 3 8 0.00  nan 26.26 40.68 13.30
2017 3 9 0.00  nan 27.29 41.71 13.10
2017 3 10 0.00  nan 28.32 43.77 13.00
2017 3 11 0.00  nan 21.11 43.77 12.60
2017 3 12 0.00  nan 18.02 41.71 12.20
2017 3 13 0.00  nan 16.99 41.71 11.90
2017 3 14 0.00  nan 18.02 43.77 11.80
2017 3 15 0.00  nan 28.32 42.74 11.50
2017 3 16 0.00  nan 16.99 42.74 11.10
2017 3 17 0.00  nan 29.35 43.77 10.70
2017 3 18 0.00  nan 18.02 45.83 10.20
2017 3 19 0.00  nan 21.11 45.83 9.50
2017 3 20 0.00  nan 20.08 45.83 8.90
2017 3 21 0.00  nan 35.53 48.92 8.30
2017 3 22 0.00  nan 27.29 48.92 7.50
2017 3 23 0.60  nan 22.14 32.44 6.90
2017 3 24 0.00  nan 21.11 34.50 7.50
2017 3 25 0.10  nan 13.90 40.68 7.60
2017 3 26 0.00  nan 12.87 37.59 7.20
2017 3 27 0.00  nan 14.93 38.62 6.90
2017 3 28 0.20  nan 15.96 33.47 6.20
2017 3 29 0.00  nan 14.93 36.56 6.30
2017 3 30 0.00  nan 12.87 43.77 6.00
2017 3 31 0.40  nan 14.93 28.32 4.90
2017 4 1 0.10  nan 3.60 27.29 5.30
2017 4 2 0.00  nan 8.75 37.59 5.40
2017 4 3 0.20  nan 25.23 39.65 4.70
2017 4 4 0.00  nan 11.84 32.44 4.30
2017 4 5 0.00  nan 26.26 41.71 4.20
2017 4 6 0.00  nan 14.93 45.83 3.20
2017 4 7 0.00  nan 33.47 47.89 2.30
2017 4 8 0.00  nan 21.11 45.83 1.30
2017 4 9 0.00  nan 15.96 40.68 0.20
2017 4 10 0.00  nan 13.90 40.68 0.00
2017 4 11 0.00  nan 14.93 45.83 0.00
2017 4 12 0.00  nan 29.35 45.83 0.00
2017 4 13 0.00  nan 26.26 48.92 0.00
2017 4 14 0.00  nan 24.20 47.89 0.00
2017 4 15 0.00  nan  nan 45.83 0.00
2017 4 16 0.00  nan 28.32 44.80 0.00
2017 4 17 0.00  nan  nan 45.83 0.00
2017 4 18 0.00  nan 31.41 48.92 0.00
2017 4 19 0.00  nan 23.17 47.89 0.00
2017 4 20 0.00  nan 24.20 46.86 0.00
2017 4 21 0.00  nan  nan 45.83 0.00
2017 4 22 0.00  nan  nan 48.92 0.00
2017 4 23 0.00  nan 28.32 53.04 0.00
2017 4 24 0.00  nan 29.35 50.98 0.00
2017 4 25 0.00  nan 31.41 43.77 0.00
2017 4 26 0.00  nan 19.05 43.77 0.00
2017 4 27 0.00  nan 28.32 47.89 0.00
2017 4 28 0.10  nan 27.29 38.62 0.00
2017 4 29 0.00  nan 22.14 30.38 0.00
2017 4 30 0.00  nan 20.08 38.62 0.00
2017 5 1 0.00  nan  nan 45.83 0.00
2017 5 2 0.00  nan  nan 48.92 0.00
2017 5 3 0.00  nan 31.41 49.95 0.00
2017 5 4 0.00  nan 32.44 53.04 0.00
2017 5 5 0.00  nan 31.41 56.13 0.00
2017 5 6 0.00  nan 43.77 54.07 0.00
2017 5 7 0.00  nan 36.56 47.89 0.00
2017 5 8 0.10  nan 33.47 43.77 0.00
2017 5 9 0.70  nan 29.35 36.56 0.00
2017 5 10 0.00  nan 12.87 36.56 0.40
2017 5 11 0.00  nan 15.96 44.80 0.20
2017 5 12 0.00  nan 34.50 52.01 0.00
2017 5 13 0.00  nan 43.77 54.07 0.00
2017 5 14 0.10  nan 40.68 50.98 0.00
2017 5 15 0.00  nan 27.29 49.95 0.00
2017 5 16 0.00  nan 15.96 38.62 0.00
2017 5 17 0.00  nan 15.96 42.74 0.00
2017 5 18 0.10  nan 29.35 41.71 0.00
2017 5 19 0.00  nan 19.05 40.68 0.00
2017 5 20 0.00  nan 23.17 47.89 0.00
2017 5 21 0.00  nan 32.44 50.98 0.00
2017 5 22 0.00  nan 33.47 50.98 0.00
2017 5 23 0.00  nan 34.50 52.01 0.00
2017 5 24 0.00  nan 37.59 57.16 0.00
2017 5 25 0.00  nan 44.80 56.13 0.00
2017 5 26 0.00  nan 43.77 54.07 0.00
2017 5 27 0.00  nan 37.59 52.01 0.00
2017 5 28 0.00  nan 34.50 53.04 0.00
2017 5 29 0.00  nan 26.26 55.10 0.00
2017 5 30 0.50  nan 40.68 53.04 0.00
2017 5 31 0.20  nan 44.80 50.98 0.00
2017 6 1 0.00  nan 36.56 55.10 0.00
2017 6 2 0.00  nan 30.38 53.04 0.00
2017 6 3 0.10  nan 27.29 57.16 0.00
2017 6 4 0.00  nan 42.74 60.25 0.00
2017 6 5 0.00  nan 34.50 61.28 0.00
2017 6 6 0.20  nan 44.80 62.31 0.00
2017 6 7 0.00  nan 44.80 58.19 0.00
2017 6 8 0.00  nan 35.53 59.22 0.00
2017 6 9 0.00  nan 41.71 59.22 0.00
2017 6 10 0.00  nan 45.83 59.22 0.00
2017 6 11 0.00  nan 41.71 59.22 0.00
2017 6 12 0.00  nan 44.80 56.13 0.00
2017 6 13 0.00  nan 36.56 53.04 0.00
2017 6 14 0.00  nan 32.44 56.13 0.00
2017 6 15 0.00  nan 35.53 59.22 0.00
2017 6 16 0.00  nan 36.56 61.28 0.00
2017 6 17 0.00  nan 40.68 62.31 0.00
2017 6 18 0.00  nan 43.77 66.43 0.00
2017 6 19 0.00  nan 50.98 67.46 0.00
2017 6 20 0.00  nan 52.01 68.49 0.00
2017 6 21 0.00  nan 58.19 70.55 0.00
2017 6 22 0.00  nan 50.98 68.49 0.00
2017 6 23 0.00  nan 46.86 66.43 0.00
2017 6 24 0.00  nan 47.89 67.46 0.00
2017 6 25 0.00  nan 37.59 63.34 0.00
2017 6 26 0.00  nan 50.98 63.34 0.00
2017 6 27 0.00  nan 49.95 64.37 0.00
2017 6 28 0.00  nan 47.89 62.31 0.00
2017 6 29 0.00  nan 44.80 62.31 0.00
2017 6 30 0.00  nan 43.77 62.31 0.00
2017 7 1 0.00  nan 43.77 63.34 0.00
2017 7 2 0.00  nan 48.92 63.34 0.00
2017 7 3 0.00  nan 45.83 61.28 0.00
2017 7 4 0.00  nan 44.80 62.31 0.00
2017 7 5 0.00  nan 44.80 65.40 0.00
2017 7 6 0.00  nan 56.13 67.46 0.00
2017 7 7 0.10  nan 50.98 63.34 0.00
2017 7 8 0.10  nan 49.95 61.28 0.00
2017 7 9 0.00  nan 57.16 63.34 0.00
2017 7 10 0.40  nan 50.98 59.22 0.00
2017 7 11 0.10  nan 43.77 56.13 0.00
2017 7 12 0.10  nan 50.98 62.31 0.00
2017 7 13 0.00  nan 35.53 62.31 0.00
2017 7 14 0.30  nan 40.68 57.16 0.00
2017 7 15 0.40  nan 46.86 58.19 0.00
2017 7 16 0.10  nan 48.92 58.19 0.00
2017 7 17 1.10  nan 50.98 58.19 0.00
2017 7 18 0.80  nan 41.71 55.10 0.00
2017 7 19 0.50  nan 45.83 58.19 0.00
2017 7 20 1.00  nan 42.74 56.13 0.00
2017 7 21 0.10  nan 42.74 57.16 0.00
2017 7 22 1.20  nan 53.04 56.13 0.00
2017 7 23 0.90  nan 49.95 55.10 0.00
2017 7 24 0.60  nan 52.01 55.10 0.00
2017 7 25 0.00  nan 50.98 58.19 0.00
2017 7 26 0.50  nan 48.92 59.22 0.00
2017 7 27 0.10  nan 49.95 57.16 0.00
2017 7 28 0.10  nan 53.04 57.16 0.00
2017 7 29 0.30  nan 50.98 57.16 0.00
2017 7 30 0.20  nan 53.04 58.19 0.00
2017 7 31 0.00  nan 45.83 59.22 0.00
2017 8 1 0.60  nan 43.77 56.13 0.00
2017 8 2 0.10  nan 50.98 59.22 0.00
2017 8 3 0.00  nan 38.62 60.25 0.00
2017 8 4 0.00  nan 42.74 58.19 0.00
2017 8 5 0.00  nan 41.71 58.19 0.00
2017 8 6 0.00  nan 37.59 57.16 0.00
2017 8 7 0.00  nan 32.44 57.16 0.00
2017 8 8 0.00  nan 31.41 57.16 0.00
2017 8 9 0.00  nan 35.53 59.22 0.00
2017 8 10 0.20  nan 42.74 57.16 0.00
2017 8 11 0.20  nan 43.77 58.19 0.00
2017 8 12 0.20  nan 42.74 58.19 0.00
2017 8 13 0.90  nan 40.68 56.13 0.00
2017 8 14 0.10  nan 38.62 56.13 0.00
2017 8 15 0.00  nan 35.53 55.10 0.00
2017 8 16 0.10  nan 33.47 55.10 0.00
2017 8 17 0.00  nan 31.41 56.13 0.00
2017 8 18 0.00  nan 41.71 57.16 0.00
2017 8 19 0.00  nan 34.50 58.19 0.00
2017 8 20 0.50  nan 42.74 55.10 0.00
2017 8 21 0.00  nan 36.56 55.10 0.00
2017 8 22 0.00  nan 45.83 58.19 0.00
2017 8 23 0.70  nan 40.68 58.19 0.00
2017 8 24 0.00  nan 39.65 56.13 0.00
2017 8 25 0.00  nan 38.62 57.16 0.00
2017 8 26 0.00  nan 46.86 59.22 0.00
2017 8 27 0.00  nan 42.74 60.25 0.00
2017 8 28 0.30  nan 38.62 57.16 0.00
2017 8 29 0.20  nan 39.65 56.13 0.00
2017 8 30 0.00  nan 40.68 57.16 0.00
2017 8 31 0.00  nan 35.53 58.19 0.00
2017 9 1 0.00  nan 32.44 59.22 0.00
2017 9 2 0.00  nan 46.86 59.22 0.00
2017 9 3 0.00  nan 38.62 60.25 0.00
2017 9 4 0.10  nan 45.83 56.13 0.00
2017 9 5 0.00  nan 36.56 58.19 0.00
2017 9 6 0.10  nan 37.59 56.13 0.00
2017 9 7 0.00  nan 35.53 58.19 0.00
2017 9 8 0.00  nan 42.74 58.19 0.00
2017 9 9 0.10  nan 38.62 54.07 0.00
2017 9 10 0.10  nan 37.59 55.10 0.00
2017 9 11 0.00  nan 44.80 56.13 0.00
2017 9 12 0.00  nan 45.83 56.13 0.00
2017 9 13 0.00  nan 44.80 57.16 0.00
2017 9 14 0.00  nan 41.71 56.13 0.00
2017 9 15 0.00  nan 48.92 56.13 0.00
2017 9 16 0.00  nan 43.77 54.07 0.00
2017 9 17 0.00  nan 43.77 54.07 0.00
2017 9 18 0.00  nan 31.41 53.04 0.00
2017 9 19 0.00  nan 41.71 55.10 0.00
2017 9 20 0.00  nan 35.53 54.07 0.00
2017 9 21 0.00  nan 38.62 56.13 0.00
2017 9 22 0.10  nan 48.92 54.07 0.00
2017 9 23 0.00  nan 33.47 46.86 0.00
2017 9 24 0.00  nan 31.41 42.74 0.00
2017 9 25 0.10  nan 18.02 43.77 0.00
2017 9 26 0.00  nan 25.23 45.83 0.00
2017 9 27 0.20  nan 26.26 46.86 0.00
2017 9 28 0.00  nan 36.56 48.92 0.00
2017 9 29 0.00  nan 43.77 54.07 0.00
2017 9 30 0.00  nan 35.53 54.07 0.00
2017 10 1 0.00  nan 30.38 53.04 0.00
2017 10 2 0.00  nan 34.50 53.04 0.00
2017 10 3 0.00  nan 38.62 55.10 0.00
2017 10 4 0.00  nan 52.01 59.22 0.00
2017 10 5 0.00  nan 45.83 59.22 0.00
2017 10 6 0.00  nan 37.59 52.01 0.00
2017 10 7 0.00  nan 21.11 48.92 0.00
2017 10 8 0.00  nan 26.26 50.98 0.00
2017 10 9 0.00  nan 23.17 41.71 0.00
2017 10 10 0.00  nan 11.84 43.77 0.00
2017 10 11 0.00  nan 30.38 50.98 0.00
2017 10 12 0.00  nan 29.35 54.07 0.00
2017 10 13 0.00  nan 29.35 52.01 0.00
2017 10 14 0.00  nan 31.41 48.92 0.00
2017 10 15 0.00  nan 21.11 47.89 0.00
2017 10 16 0.00  nan 21.11 48.92 0.00
2017 10 17 0.00  nan 20.08 49.95 0.00
2017 10 18 0.00  nan 26.26 50.98 0.00
2017 10 19 0.00  nan 34.50 47.89 0.00
2017 10 20 0.00  nan 40.68 49.95 0.00
2017 10 21 0.00  nan 26.26 42.74 0.00
2017 10 22 0.00  nan 22.14 47.89 0.00
2017 10 23 0.00  nan 33.47 52.01 0.00
2017 10 24 0.00  nan 35.53 50.98 0.00
2017 10 25 0.00  nan 32.44 47.89 0.00
2017 10 26 0.00  nan 19.05 46.86 0.00
2017 10 27 0.00  nan 18.02 42.74 0.00
2017 10 28 0.00  nan 31.41 43.77 0.00
2017 10 29 0.00  nan 20.08 44.80 0.00
2017 10 30 0.00  nan 32.44 44.80 0.00
2017 10 31 0.00  nan 24.20 41.71 0.00
2017 11 1 0.00  nan 21.11 43.77 0.00
2017 11 2 0.00  nan 33.47 42.74 0.00
2017 11 3 0.00  nan 26.26 45.83 0.00
2017 11 4 0.00  nan 33.47 47.89 0.00
2017 11 5 0.00  nan 29.35 44.80 0.00
2017 11 6 0.00  nan 24.20 43.77 0.00
2017 11 7 0.00  nan 25.23 44.80 0.00
2017 11 8 0.00  nan 25.23 42.74 0.00
2017 11 9 0.00  nan 38.62 46.86 0.00
2017 11 10 0.00  nan 36.56 46.86 0.00
2017 11 11 0.00  nan 15.96 44.80 0.00
2017 11 12 0.00  nan 36.56 49.95 0.00
2017 11 13 0.00  nan 31.41 49.95 0.00
2017 11 14 0.00  nan 24.20 46.86 0.00
2017 11 15 0.00  nan 29.35 44.80 0.00
2017 11 16 0.00  nan 26.26 46.86 0.00
2017 11 17 0.00  nan 27.29 44.80 0.00
2017 11 18 0.00  nan 21.11 38.62 0.00
2017 11 19 0.00  nan 7.72 33.47 0.00
2017 11 20 0.00  nan 7.72 36.56 0.00
2017 11 21 0.00  nan 24.20 43.77 0.00
2017 11 22 0.00  nan 28.32 45.83 0.00
2017 11 23 0.00  nan 22.14 45.83 0.00
2017 11 24 0.00  nan 26.26 42.74 0.00
2017 11 25 0.00  nan 15.96 44.80 0.00
2017 11 26 0.00  nan 18.02 46.86 0.00
2017 11 27 0.00  nan 27.29 48.92 0.00
2017 11 28 0.00  nan 12.87 41.71 0.00
2017 11 29 0.00  nan 28.32 44.80 0.00
2017 11 30 0.00  nan 33.47 44.80 0.00
2017 12 1 0.00  nan 20.08 40.68 0.00
2017 12 2 0.00  nan 20.08 40.68 0.00
2017 12 3 0.00  nan 16.99 40.68 0.00
2017 12 4 0.00  nan 20.08 36.56 0.00
2017 12 5 0.00  nan 26.26 34.50 0.00
2017 12 6 0.00  nan 12.87 33.47 0.00
2017 12 7 0.00  nan 3.60 21.11 0.00
2017 12 8 0.00  nan 8.75 32.44 0.00
2017 12 9 0.00  nan 7.72 32.44 0.00
2017 12 10 0.00  nan 7.72 32.44 0.00
2017 12 11 0.00  nan 6.69 34.50 0.00
2017 12 12 0.00  nan 10.81 34.50 0.00
2017 12 13 0.00  nan 7.72 33.47 0.00
2017 12 14 0.00  nan 8.75 31.41 0.00
2017 12 15 0.00  nan 10.81 32.44 0.00
2017 12 16 0.00  nan 13.90 33.47 0.00
2017 12 17 0.00  nan 14.93 31.41 0.00
2017 12 18 0.00  nan 7.72 29.35 0.00
2017 12 19 0.00  nan 1.54 28.32 0.00
2017 12 20 0.00  nan 16.99 34.50 0.00
2017 12 21 0.00  nan 10.81 25.23 0.00
2017 12 22 0.00  nan -1.55 22.14 0.00
2017 12 23 0.00  nan 2.57 30.38 0.00
2017 12 24 0.00  nan 9.78 36.56 0.00
2017 12 25 0.00  nan 23.17 40.68 0.00
2017 12 26 0.00  nan 12.87 37.59 0.00
2017 12 27 0.00  nan 9.78 35.53 0.00
2017 12 28 0.00  nan 20.08 34.50 0.00
2017 12 29 0.00  nan 10.81 35.53 0.00
2017 12 30 0.00  nan 9.78 37.59 0.00
2017 12 31 0.00  nan 11.84 35.53 0.00
2018 1 1 0.00  nan 10.81 33.47 0.00
2018 1 2 0.00  nan 6.69 31.41 0.00
2018 1 3 0.00  nan 12.87 36.56 0.00
2018 1 4 0.00  nan 16.99 37.59 0.00
2018 1 5 0.00  nan 10.81 35.53 0.00
2018 1 6 0.00  nan 14.93 38.62 0.00
2018 1 7 0.00  nan 21.11 36.56 0.00
2018 1 8 0.00  nan 20.08 41.71 0.00
2018 1 9 0.40  nan 27.29 41.71 0.00
2018 1 10 1.20  nan 28.32 31.41 0.20
2018 1 11 0.00  nan 7.72 29.35 1.40
2018 1 12 0.00  nan 5.66 31.41 1.40
2018 1 13 0.00  nan 15.96 31.41 1.40
2018 1 14 0.00  nan 8.75 34.50 1.40
2018 1 15 0.00  nan 9.78 33.47 1.40
2018 1 16 0.00  nan 8.75 32.44 1.40
2018 1 17 0.00  nan 8.75 33.47 1.40
2018 1 18 0.00  nan 10.81 34.50 1.40
2018 1 19 0.00  nan 18.02 37.59 1.40
2018 1 20 0.70  nan 6.69 32.44 1.40
2018 1 21 0.30  nan -0.52 16.99 2.00
2018 1 22 0.00  nan -3.61 21.11 2.30
2018 1 23 0.00  nan -4.64 23.17 2.30
2018 1 24 0.00  nan -3.61 27.29 2.30
2018 1 25 0.00  nan 14.93 35.53 2.30
2018 1 26 0.00  nan 14.93 30.38 2.30
2018 1 27 0.00  nan -0.52 27.29 2.30
2018 1 28 0.00  nan 3.60 34.50 2.30
2018 1 29 0.00  nan 10.81 33.47 2.20
2018 1 30 0.00  nan 20.08 37.59 2.20
2018 1 31 0.00  nan 11.84 37.59 2.20
2018 2 1 0.00  nan 22.14 37.59 2.20
2018 2 2 0.00  nan 12.87 37.59 2.20
2018 2 3 0.00  nan 10.81 34.50 2.20
2018 2 4 0.00  nan 21.11 36.56 2.20
2018 2 5 0.00  nan 12.87 37.59 2.20
2018 2 6 0.00  nan 15.96 36.56 2.20
2018 2 7 0.00  nan 15.96 32.44 2.20
2018 2 8 0.00  nan 24.20 37.59 2.20
2018 2 9 0.00  nan 10.81 38.62 2.20
2018 2 10 0.00  nan 18.02 38.62 2.20
2018 2 11 0.00  nan 10.81 35.53 2.20
2018 2 12 0.00  nan 19.05 37.59 2.20
2018 2 13 0.00  nan 19.05 38.62 2.20
2018 2 14 0.80  nan 25.23 37.59 2.20
2018 2 15 1.10  nan 32.44 34.50 3.00
2018 2 16 0.00  nan 18.02 36.56 3.90
2018 2 17 0.00  nan 20.08 36.56 3.90
2018 2 18 0.20  nan 18.02 36.56 3.90
2018 2 19 1.30  nan 22.14 31.41 4.10
2018 2 20 0.20  nan 8.75 21.11 5.40
2018 2 21 0.20  nan 9.78 27.29 5.60
2018 2 22 0.00  nan 8.75 24.20 5.80
2018 2 23 0.20  nan 19.05 26.26 5.80
2018 2 24 0.10  nan 10.81 21.11 6.00
2018 2 25 0.00  nan 1.54 24.20 6.10
2018 2 26 0.00  nan 20.08 31.41 6.10
2018 2 27 0.10  nan 8.75 31.41 6.10
2018 2 28 0.30  nan 5.66 23.17 6.20
2018 3 1 0.10  nan 9.78 30.38 6.50
2018 3 2 0.00  nan 24.20 40.68 6.50
2018 3 3 0.00  nan 33.47 40.68 6.50
2018 3 4 0.00  nan 16.99 33.47 6.50
2018 3 5 0.00  nan 9.78 31.41 6.50
2018 3 6 0.00  nan 8.75 33.47 6.50
2018 3 7 0.00  nan 22.14 38.62 6.30
2018 3 8 0.00  nan 28.32 40.68 6.10
2018 3 9 0.00  nan 15.96 38.62 6.10
2018 3 10 0.10  nan 21.11 38.62 6.10
2018 3 11 1.00  nan 23.17 38.62 6.20
2018 3 12 0.00  nan 30.38 38.62 5.90
2018 3 13 0.00  nan 15.96 39.65 5.60
2018 3 14 0.00  nan 24.20 45.83 5.30
2018 3 15 0.10  nan 20.08 34.50 4.90
2018 3 16 0.00  nan 14.93 36.56 5.00
2018 3 17 0.10  nan 14.93 36.56 4.90
2018 3 18 0.50  nan 12.87 28.32 4.70
2018 3 19 0.00  nan 20.08 30.38 5.20
2018 3 20 0.00  nan 18.02 35.53 5.30
2018 3 21 0.00  nan 24.20 42.74 4.70
2018 3 22 0.00  nan 24.20 47.89 4.30
2018 3 23 0.00  nan 27.29 44.80 3.80
2018 3 24 0.00  nan 33.47 42.74 3.40
2018 3 25 0.00  nan 22.14 40.68 3.00
2018 3 26 0.00  nan 21.11 37.59 2.30
2018 3 27 0.10  nan 10.81 30.38 2.00
2018 3 28 0.00  nan 21.11 34.50 2.10
2018 3 29 0.00  nan 10.81 38.62 1.50
2018 3 30 0.00  nan 12.87 42.74 0.80
2018 3 31 0.00  nan 14.93 44.80 0.00
2018 4 1 0.00  nan 20.08 44.80 0.00
2018 4 2 0.00  nan 20.08 44.80 0.00
2018 4 3 0.00  nan 14.93 42.74 0.00
2018 4 4 0.00  nan 18.02 44.80 0.00
2018 4 5 0.00  nan 28.32 44.80 0.00
2018 4 6 0.00  nan 33.47 47.89 0.00
2018 4 7 0.00  nan 36.56 52.01 0.00
2018 4 8 0.00  nan 22.14 50.98 0.00
2018 4 9 0.00  nan 16.99 44.80 0.00
2018 4 10 0.00  nan 30.38 48.92 0.00
2018 4 11 0.00  nan 38.62 52.01 0.00
2018 4 12 0.00  nan 29.35 47.89 0.00
2018 4 13 0.00  nan 8.75 31.41 0.00
2018 4 14 0.00  nan 10.81 36.56 0.00
2018 4 15 0.00  nan 8.75 45.83 0.00
2018 4 16 0.00  nan 22.14 49.95 0.00
2018 4 17 0.00  nan 25.23 42.74 0.00
2018 4 18 0.00  nan 7.72 42.74 0.00
2018 4 19 0.00  nan 34.50 49.95 0.00
2018 4 20 0.00  nan 26.26 34.50 0.00
2018 4 21 0.00  nan 8.75 39.65 0.00
2018 4 22 0.00  nan 14.93 45.83 0.00
2018 4 23 0.00  nan 32.44 49.95 0.00
2018 4 24 0.00  nan 28.32 49.95 0.00
2018 4 25 0.00  nan 31.41 48.92 0.00
2018 4 26 0.00  nan 19.05 52.01 0.00
2018 4 27 0.00  nan 40.68 52.01 0.00
2018 4 28 0.00  nan 38.62 53.04 0.00
2018 4 29 0.00  nan 37.59 52.01 0.00
2018 4 30 0.00  nan 25.23 47.89 0.00
2018 5 1 0.10  nan 20.08 43.77 0.00
2018 5 2 0.00  nan 27.29 34.50 0.00
2018 5 3 0.00  nan 9.78 37.59 0.00
2018 5 4 0.00  nan 30.38 46.86 0.00
2018 5 5 0.00  nan 39.65 54.07 0.00
2018 5 6 0.00  nan 38.62 57.16 0.00
2018 5 7 0.00  nan 43.77 48.92 0.00
2018 5 8 0.00  nan 41.71 45.83 0.00
2018 5 9 0.00  nan 28.32 40.68 0.00
2018 5 10 0.00  nan 28.32 36.56 0.00
2018 5 11 0.00  nan 34.50 45.83 0.00
2018 5 12 0.00  nan 38.62 53.04 0.00
2018 5 13 0.00  nan 46.86 55.10 0.00
2018 5 14 0.00  nan 42.74 59.22 0.00
2018 5 15 0.00  nan 47.89 56.13 0.00
2018 5 16 0.00  nan 43.77 52.01 0.00
2018 5 17 0.00  nan 34.50 54.07 0.00
2018 5 18 0.00 64.37 33.47 48.92 0.00
2018 5 19 0.00 68.49 31.41 50.98 0.00
2018 5 20 0.00 70.55 32.44 52.01 0.00
2018 5 21 0.00 71.58 34.50 53.04 0.00
2018 5 22 0.00 68.49 33.47 50.98 0.00
2018 5 23 0.00 70.55 32.44 52.01 0.00
2018 5 24 0.00 74.67 34.50 55.10 0.00
2018 5 25 0.00 75.70 41.71 58.19 0.00
2018 5 26 0.00 71.58 45.83 57.16 0.00
2018 5 27 0.00 70.55 37.59 53.04 0.00
2018 5 28 0.00 70.55 34.50 53.04 0.00
2018 5 29 0.00 73.64 34.50 56.13 0.00
2018 5 30 0.00 72.61 42.74 58.19 0.00
2018 5 31 0.00 75.70 40.68 59.22 0.00
2018 6 1 0.00 75.70 40.68 58.19 0.00
2018 6 2 0.00 80.85 40.68 61.28 0.00
2018 6 3 0.00 80.85 41.71 61.28 0.00
2018 6 4 0.00 79.82 38.62 61.28 0.00
2018 6 5 0.00 78.79 49.95 63.34 0.00
2018 6 6 0.00 76.73 50.98 63.34 0.00
2018 6 7 0.00 78.79 49.95 64.37 0.00
2018 6 8 0.00 79.82 46.86 63.34 0.00
2018 6 9 0.00 77.76 45.83 63.34 0.00
2018 6 10 0.00 76.73 45.83 61.28 0.00
2018 6 11 0.00 81.88 41.71 61.28 0.00
2018 6 12 0.00 81.88 42.74 63.34 0.00
2018 6 13 0.00 81.88 46.86 64.37 0.00
2018 6 14 0.00 79.82 50.98 63.34 0.00
2018 6 15 0.10 67.46 50.98 59.22 0.00
2018 6 16 0.80 53.04 46.86 49.95 0.00
2018 6 17 0.10 66.43 46.86 54.07 0.00
2018 6 18 0.00 74.67 44.80 58.19 0.00
2018 6 19 0.00 76.73 41.71 59.22 0.00
2018 6 20 0.00 79.82 38.62 61.28 0.00
2018 6 21 0.00 86.00 43.77 65.40 0.00
2018 6 22 0.00 82.91 45.83 64.37 0.00
2018 6 23 0.00 80.85 44.80 62.31 0.00
2018 6 24 0.00 76.73 45.83 61.28 0.00
2018 6 25 0.00 82.91 42.74 63.34 0.00
2018 6 26 0.00 83.94 44.80 64.37 0.00
2018 6 27 0.00 86.00 45.83 65.40 0.00
2018 6 28 0.00 80.85 45.83 64.37 0.00
2018 6 29 0.00 76.73 49.95 62.31 0.00
2018 6 30 0.00 73.64 45.83 59.22 0.00
2018 7 1 0.00 80.85 40.68 60.25 0.00
2018 7 2 0.00 80.85 42.74 61.28 0.00
2018 7 3 0.00 78.79 49.95 63.34 0.00
2018 7 4 0.00 75.70 47.89 61.28 0.00
2018 7 5 0.30 72.61 52.01 57.16 0.00
2018 7 6 0.00 73.64 52.01 62.31 0.00
2018 7 7 0.20 74.67 48.92 61.28 0.00
2018 7 8 0.30 74.67 49.95 57.16 0.00
2018 7 9 0.30 66.43 47.89 57.16 0.00
2018 7 10 0.90 68.49 52.01 56.13 0.00
2018 7 11 0.50 62.31 52.01 55.10 0.00
2018 7 12 0.20 63.34 53.04 56.13 0.00
2018 7 13 0.20 68.49 53.04 58.19 0.00
2018 7 14 0.50 68.49 52.01 57.16 0.00
2018 7 15 0.10 66.43 49.95 58.19 0.00
2018 7 16 1.80 64.37 49.95 56.13 0.00
2018 7 17 0.40 67.46 48.92 57.16 0.00
2018 7 18 0.10 75.70 49.95 60.25 0.00
2018 7 19 0.50 71.58 49.95 57.16 0.00
2018 7 20 0.00 77.76 49.95 60.25 0.00
2018 7 21 0.00 81.88 52.01 64.37 0.00
2018 7 22 0.40 78.79 50.98 61.28 0.00
2018 7 23 0.30 78.79 49.95 61.28 0.00
2018 7 24 0.10 80.85 52.01 63.34 0.00
2018 7 25 0.00 79.82 52.01 64.37 0.00
2018 7 26 0.00 78.79 53.04 64.37 0.00
2018 7 27 0.00 73.64 55.10 62.31 0.00
2018 7 28 0.00 71.58 52.01 61.28 0.00
2018 7 29 0.10 73.64 50.98 60.25 0.00
2018 7 30 0.20 74.67 50.98 59.22 0.00
2018 7 31 0.10 73.64 49.95 61.28 0.00
2018 8 1 0.00 76.73 50.98 60.25 0.00
2018 8 2 0.00 74.67 49.95 63.34 0.00
2018 8 3 0.00 72.61 50.98 59.22 0.00
2018 8 4 0.00 75.70 48.92 61.28 0.00
2018 8 5 0.00 80.85 49.95 64.37 0.00
2018 8 6 0.00 79.82 48.92 64.37 0.00
2018 8 7 0.00 76.73 50.98 62.31 0.00
2018 8 8 0.10 75.70 52.01 61.28 0.00
2018 8 9 0.60 72.61 49.95 59.22 0.00
2018 8 10 0.30 68.49 47.89 56.13 0.00
2018 8 11 0.00 70.55 46.86 57.16 0.00
2018 8 12 0.10 72.61 45.83 56.13 0.00
2018 8 13 0.00 71.58 44.80 57.16 0.00
2018 8 14 0.10 72.61 46.86 57.16 0.00
2018 8 15 0.00 73.64 49.95 58.19 0.00
2018 8 16 0.30 71.58 49.95 56.13 0.00
2018 8 17 0.00 73.64 47.89 59.22 0.00
2018 8 18 0.00 73.64 49.95 59.22 0.00
2018 8 19 0.00 75.70 47.89 61.28 0.00
2018 8 20 0.00 79.82 44.80 62.31 0.00
2018 8 21 0.90 68.49 52.01 56.13 0.00
2018 8 22 0.50 67.46 50.98 55.10 0.00
2018 8 23 0.00 64.37 49.95 55.10 0.00
2018 8 24 0.90 66.43 47.89 55.10 0.00
2018 8 25 0.00 66.43 49.95 55.10 0.00
2018 8 26 0.00 68.49 46.86 57.16 0.00
2018 8 27 0.00 70.55 44.80 58.19 0.00
2018 8 28 0.00 72.61 41.71 56.13 0.00
2018 8 29 0.00 75.70 42.74 57.16 0.00
2018 8 30 0.10 75.70 47.89 59.22 0.00
2018 8 31 0.00 73.64 46.86 59.22 0.00
2018 9 1 1.00 68.49 43.77 55.10 0.00
2018 9 2 0.40 66.43 42.74 52.01 0.00
2018 9 3 0.00 60.25 41.71 48.92 0.00
2018 9 4 0.00 68.49 39.65 53.04 0.00
2018 9 5 0.00 71.58 42.74 55.10 0.00
2018 9 6 0.10 66.43 43.77 53.04 0.00
2018 9 7 0.00 69.52 42.74 55.10 0.00
2018 9 8 0.00 73.64 43.77 57.16 0.00
2018 9 9 0.00 72.61 46.86 57.16 0.00
2018 9 10 0.00 74.67 43.77 56.13 0.00
2018 9 11 0.00 73.64 43.77 57.16 0.00
2018 9 12 0.00 72.61 44.80 58.19 0.00
2018 9 13 0.00 72.61 43.77 56.13 0.00
2018 9 14 0.00 74.67 42.74 57.16 0.00
2018 9 15 0.00 73.64 47.89 59.22 0.00
2018 9 16 0.00 68.49 47.89 58.19 0.00
2018 9 17 0.00 76.73 44.80 58.19 0.00
2018 9 18 0.00 70.55 44.80 59.22 0.00
2018 9 19 0.40 66.43 48.92 56.13 0.00
2018 9 20 0.00 64.37 40.68 53.04 0.00
2018 9 21 0.00 71.58 36.56 53.04 0.00
2018 9 22 0.00 69.52 42.74 55.10 0.00
2018 9 23 0.00 69.52 39.65 54.07 0.00
2018 9 24 0.00 69.52 43.77 55.10 0.00
2018 9 25 0.10 66.43 44.80 52.01 0.00
2018 9 26 0.00 68.49 41.71 52.01 0.00
2018 9 27 0.00  nan 38.62 53.04 0.00
2018 9 28 0.00  nan 40.68 54.07 0.00
2018 9 29 0.00 70.55 41.71 54.07 0.00
2018 9 30 0.00 70.55 40.68 55.10 0.00
